/*--------------------------------*- C++ -*----------------------------------*\
  =========                 |
  \\      /  F ield         | OpenFOAM: The Open Source CFD Toolbox
   \\    /   O peration     | Website:  https://openfoam.org
    \\  /    A nd           | Version:  10
     \\/     M anipulation  |
\*---------------------------------------------------------------------------*/
FoamFile
{
    format      ascii;
    class       volScalarField;
    location    "0";
    object      error;
}
// * * * * * * * * * * * * * * * * * * * * * * * * * * * * * * * * * * * * * //

dimensions      [0 0 0 0 0 0 0];

internalField   nonuniform List<scalar> 
7600
(
0.00742813
0.00750688
0.0075669
0.00750336
0.0074656
0.00746783
0.0075115
0.00756943
0.00761295
0.0076656
0.00821348
0.00791467
0.00785178
0.00776578
0.00771162
0.00771057
0.0077806
0.00795581
0.00836053
0.00937893
0.00883794
0.00834631
0.00814749
0.0080051
0.00791582
0.0078909
0.00794362
0.00810216
0.00846214
0.00920814
0.00936773
0.00875538
0.00843295
0.00821517
0.00806667
0.00798487
0.00796499
0.00801763
0.00815563
0.00840467
0.00986511
0.00914622
0.00870516
0.00840102
0.00818235
0.00802805
0.00791924
0.0078408
0.00776244
0.00762987
0.0103611
0.0095157
0.00895357
0.00855962
0.00826818
0.00804274
0.00785393
0.00767419
0.00746427
0.00716875
0.0108854
0.00986217
0.0091699
0.00868707
0.008328
0.0080425
0.00779562
0.00755842
0.00730055
0.00699029
0.0114739
0.0101781
0.00934445
0.00877894
0.00836262
0.00803195
0.00774902
0.00748875
0.00723282
0.00697022
0.0121833
0.0104437
0.00946329
0.00882874
0.00836977
0.0080089
0.0077063
0.00744105
0.00720363
0.0069939
0.0131098
0.0106078
0.00950635
0.00882906
0.00834602
0.00796881
0.00765651
0.00739081
0.00716747
0.00698812
0.0434398
0.00709446
0.00118445
0.00178785
0.00256777
0.00281416
0.00270421
0.00234399
0.00181554
0.00119745
0.0299792
0.00741816
0.00258377
0.00245507
0.0028975
0.00305039
0.00291852
0.00257771
0.00212384
0.00169393
0.0212443
0.00768439
0.00383694
0.00329686
0.00341294
0.00345563
0.00332351
0.00306006
0.00276789
0.00259261
0.0163751
0.00784197
0.00485208
0.00413209
0.00403105
0.00399576
0.00389553
0.00375117
0.00365625
0.00372121
0.0134046
0.0078792
0.0056261
0.00489158
0.00468534
0.00462029
0.00458236
0.0045888
0.00472769
0.00508717
0.0113852
0.00782309
0.00619552
0.0055483
0.00532159
0.0052661
0.00530656
0.00547501
0.00588065
0.00664201
0.00985022
0.00770143
0.0066065
0.00609919
0.00590165
0.00587181
0.00597203
0.0062567
0.00687989
0.00807493
0.00853902
0.0075438
0.00690872
0.00655556
0.00640841
0.00639651
0.00650663
0.00678035
0.00737348
0.00858162
0.00727529
0.00739589
0.00714587
0.00693455
0.00683468
0.00682623
0.0068937
0.00702683
0.00724905
0.00768064
0.00592146
0.00733438
0.00735636
0.00724737
0.00719128
0.00718656
0.00720952
0.00719482
0.00698203
0.0061699
0.00323031
0.00141626
0.000609108
0.000171928
0.000534792
0.00101502
0.00142042
0.00172177
0.00192608
0.00205119
0.00211638
0.00213651
0.00212378
0.00208681
0.00203286
0.0019669
0.00189331
0.00181494
0.00173437
0.00165318
0.00157286
0.00149415
0.0014179
0.00134435
0.00127394
0.00120665
0.0011427
0.00108192
0.00102443
0.000970015
0.000918705
0.000870279
0.000824737
0.00078185
0.000741596
0.000703742
0.000668244
0.000634868
0.000603543
0.00057403
0.00054623
0.000519902
0.000494927
0.000471078
0.000448241
0.000426232
0.000404978
0.000384365
0.00036438
0.000344984
0.000326208
0.000308056
0.000290559
0.000273723
0.000257542
0.000242005
0.000227066
0.000212704
0.000198857
0.000185515
0.000172622
0.00016019
0.000148171
0.00013659
0.0001254
0.000114626
0.000104214
9.41863e-05
8.44864e-05
7.51372e-05
6.60911e-05
5.73771e-05
4.89599e-05
4.08753e-05
3.30987e-05
2.56679e-05
1.85495e-05
1.17706e-05
5.2823e-06
1.68599e-06
0.00278071
0.00115848
0.000347029
0.000424103
0.000978909
0.0014693
0.00185054
0.00211764
0.0022868
0.00237987
0.00241622
0.00241087
0.00237523
0.00231784
0.00224531
0.00216261
0.00207362
0.00198122
0.00188764
0.00179451
0.00170305
0.00161408
0.0015282
0.00144575
0.00136698
0.00129195
0.00122071
0.00115319
0.00108934
0.00102904
0.000972191
0.000918646
0.000868292
0.00082097
0.000776555
0.000734879
0.000695808
0.000659161
0.000624791
0.000592501
0.000562128
0.000533464
0.000506336
0.000480542
0.000455927
0.000432323
0.000409628
0.00038774
0.000366628
0.000346253
0.00032664
0.000307781
0.000289707
0.0002724
0.000255863
0.00024005
0.000224929
0.000210445
0.000196553
0.00018321
0.000170381
0.000158042
0.00014617
0.000134754
0.000123764
0.000113193
0.000103002
9.31809e-05
8.36889e-05
7.45256e-05
6.56548e-05
5.70927e-05
4.88129e-05
4.08474e-05
3.31773e-05
2.58476e-05
1.88355e-05
1.22065e-05
6.06812e-06
3.1625e-06
0.00181139
0.000599205
0.000358597
0.00120543
0.00190631
0.00240276
0.00272676
0.0029204
0.00301738
0.00304579
0.00302436
0.00296805
0.00288655
0.00278823
0.00267842
0.00256204
0.00244202
0.00232132
0.00220146
0.0020842
0.00197019
0.00186042
0.00175506
0.0016546
0.00155891
0.00146822
0.00138227
0.00130113
0.00122448
0.00115234
0.00108437
0.00102055
0.000960564
0.000904351
0.000851625
0.000802291
0.000756078
0.000712864
0.000672385
0.000634487
0.000598912
0.000565479
0.000533946
0.000504128
0.000475825
0.000448881
0.000423171
0.000398592
0.000375105
0.000352656
0.000331265
0.000310887
0.000291553
0.00027319
0.000255808
0.000239298
0.000223655
0.000208752
0.000194594
0.000181059
0.000168177
0.000155839
0.000144086
0.000132811
0.000122053
0.000111698
0.000101778
9.2183e-05
8.29445e-05
7.39743e-05
6.53124e-05
5.69008e-05
4.87874e-05
4.09423e-05
3.34155e-05
2.6204e-05
1.93583e-05
1.29359e-05
7.28214e-06
4.79735e-06
0.000365502
0.000455434
0.00157604
0.0026958
0.00348661
0.00392081
0.00412369
0.00418876
0.00416724
0.0040909
0.00397736
0.00383984
0.00368609
0.0035231
0.00335487
0.00318552
0.00301709
0.00285204
0.0026913
0.00253631
0.00238732
0.00224511
0.00210953
0.00198098
0.00185906
0.00174395
0.00163517
0.00153276
0.00143623
0.00134557
0.00126032
0.00118041
0.00110542
0.00103527
0.000969579
0.00090823
0.000850865
0.000797349
0.000747339
0.000700671
0.000657014
0.000616182
0.00057787
0.000541885
0.000507975
0.000475973
0.000445711
0.000417071
0.000389976
0.00036435
0.000340181
0.000317396
0.000295998
0.000275883
0.000257041
0.000239325
0.000222721
0.000207063
0.000192349
0.000178421
0.000165304
0.000152851
0.000141103
0.000129915
0.000119328
0.000109192
9.95404e-05
9.02325e-05
8.13034e-05
7.26387e-05
6.42839e-05
5.61627e-05
4.83285e-05
4.07432e-05
3.34619e-05
2.64888e-05
1.98882e-05
1.37786e-05
8.62483e-06
6.46038e-06
0.00178382
0.00223638
0.00376738
0.00514223
0.00588815
0.00612971
0.00611426
0.00597912
0.00578397
0.00555773
0.00531389
0.00506178
0.00480636
0.00455226
0.00430189
0.00405792
0.00382143
0.00359394
0.00337577
0.00316772
0.00296961
0.00278182
0.00260389
0.00243591
0.00227728
0.00212793
0.00198724
0.00185507
0.00173081
0.00161429
0.00150495
0.00140261
0.00130677
0.00121724
0.00113356
0.00105554
0.000982736
0.000914954
0.000851781
0.000792994
0.000738203
0.000687169
0.000639535
0.000595064
0.000553458
0.000514508
0.000478005
0.000443787
0.000411741
0.000381746
0.000353753
0.000327644
0.000303389
0.000280839
0.000259956
0.00024055
0.000222579
0.000205839
0.000190305
0.000175781
0.000162271
0.000149593
0.000137772
0.000126629
0.000116191
0.000106278
9.69142e-05
8.79315e-05
7.9357e-05
7.1055e-05
6.3066e-05
5.52985e-05
4.78048e-05
4.0539e-05
3.356e-05
2.68755e-05
2.0569e-05
1.48012e-05
1.01029e-05
8.11041e-06
0.00441849
0.00519527
0.00735128
0.0088248
0.009274
0.00913952
0.00878669
0.008369
0.00793793
0.00751078
0.00709317
0.00668818
0.00629713
0.00592127
0.00556112
0.00521727
0.00488973
0.00457862
0.00428361
0.00400451
0.00374077
0.00349201
0.00325753
0.00303688
0.00282931
0.00263433
0.00245119
0.00227943
0.00211835
0.00196751
0.00182628
0.00169427
0.0015709
0.0014558
0.00134844
0.00124848
0.00115542
0.00106893
0.000988535
0.000913897
0.000844582
0.000780244
0.000720487
0.000664982
0.000613393
0.000565432
0.000520851
0.000479418
0.000440976
0.000405335
0.000372405
0.000342002
0.000314055
0.000288356
0.000264823
0.000243219
0.000223459
0.000205295
0.000188662
0.000173327
0.000159255
0.000146233
0.000134249
0.000123099
0.000112778
0.000103085
9.40157e-05
8.5385e-05
7.71966e-05
6.93015e-05
6.17227e-05
5.43589e-05
4.72531e-05
4.03536e-05
3.37199e-05
2.73599e-05
2.13789e-05
1.5956e-05
1.16478e-05
9.73834e-06
0.00734953
0.00982564
0.0127336
0.0139139
0.0137335
0.0130363
0.0122347
0.011455
0.0107238
0.0100402
0.00939962
0.00879735
0.00823063
0.00769649
0.0071934
0.00671921
0.00627281
0.00585241
0.00545702
0.00508506
0.00473559
0.0044072
0.00409899
0.00380968
0.00353841
0.00328404
0.0030458
0.00282266
0.00261391
0.00241868
0.00223632
0.00206604
0.00190727
0.00175931
0.00162163
0.00149359
0.00137468
0.00126432
0.00116203
0.00106725
0.000979534
0.000898352
0.000823285
0.000753857
0.000689706
0.000630415
0.000575703
0.000525224
0.000478783
0.000436086
0.000396994
0.000361236
0.000328683
0.000299054
0.000272208
0.00024785
0.000225834
0.000205867
0.000187822
0.00017143
0.000156598
0.000143085
0.000130824
0.000119591
0.00010933
9.98287e-05
9.10363e-05
8.27604e-05
7.49662e-05
6.74986e-05
6.03518e-05
5.34197e-05
4.67287e-05
4.02225e-05
3.3959e-05
2.79414e-05
2.22978e-05
1.7204e-05
1.32191e-05
1.13401e-05
0.00999206
0.0166713
0.0203515
0.0206445
0.0195631
0.0181846
0.0168497
0.0156277
0.0145174
0.0135006
0.0125645
0.0116968
0.0108913
0.0101402
0.00944002
0.0087853
0.00817373
0.00760108
0.00706565
0.00656401
0.00609483
0.00565525
0.00524416
0.00485914
0.00449925
0.0041624
0.00384778
0.00355359
0.00327913
0.00302284
0.00278408
0.00256151
0.00235454
0.00216198
0.00198328
0.00181739
0.00166379
0.0015215
0.00139004
0.00126852
0.00115647
0.00105309
0.000957935
0.000870295
0.000789777
0.00071577
0.000647951
0.000585805
0.00052908
0.000477338
0.000430367
0.000387773
0.000349348
0.000314712
0.000283641
0.000255763
0.000230848
0.000208548
0.000188651
0.000170849
0.000154966
0.000140735
0.000128011
0.000116556
0.000106243
9.68543e-05
8.82753e-05
8.03133e-05
7.28811e-05
6.58236e-05
5.90963e-05
5.25913e-05
4.63129e-05
4.02e-05
3.43068e-05
2.8628e-05
2.3313e-05
1.85188e-05
1.47962e-05
1.29166e-05
0.0129245
0.0264733
0.0308108
0.0297762
0.0277373
0.0256206
0.0236464
0.0218477
0.0202154
0.0187242
0.0173578
0.016098
0.0149353
0.013857
0.0128573
0.0119268
0.0110616
0.0102544
0.00950262
0.00880039
0.00814577
0.00753398
0.00696357
0.00643054
0.00593371
0.00546974
0.00503764
0.00463453
0.00425957
0.00391028
0.00358591
0.00328428
0.00300473
0.00274533
0.00250543
0.00228336
0.00207848
0.00188927
0.00171516
0.00155476
0.00140753
0.00127224
0.00114837
0.00103486
0.000931227
0.000836556
0.000750434
0.000672084
0.000601147
0.000536957
0.000479187
0.00042725
0.000380817
0.000339355
0.000302519
0.000269824
0.000240921
0.000215381
0.000192875
0.000173043
0.000155594
0.00014023
0.000126699
0.000114748
0.000104155
9.4698e-05
8.61826e-05
7.84165e-05
7.1248e-05
6.45234e-05
5.8151e-05
5.2022e-05
4.61133e-05
4.03582e-05
3.48048e-05
2.94357e-05
2.44191e-05
1.98845e-05
1.63694e-05
1.44731e-05
0.0141625
0.0264918
0.0285962
0.0279683
0.0264273
0.0246623
0.0229205
0.0212798
0.019762
0.0183557
0.0170539
0.0158424
0.0147163
0.0136653
0.0126865
0.0117716
0.0109187
0.010121
0.00937722
0.00868147
0.00803278
0.00742621
0.00686093
0.00633271
0.00584083
0.00538164
0.0049545
0.00455625
0.00418632
0.00384192
0.00352256
0.00322579
0.00295112
0.0026964
0.00246115
0.00224347
0.00204288
0.00185769
0.00168744
0.00153063
0.00138681
0.00125468
0.00113378
0.00102301
0.000921944
0.000829634
0.000745707
0.00066935
0.000600225
0.000537642
0.000481278
0.000430539
0.0003851
0.000344438
0.000308213
0.000275969
0.000247358
0.000221989
0.000199529
0.000179654
0.00016206
0.000146488
0.000132669
0.000120389
0.000109411
9.95536e-05
9.06115e-05
8.24288e-05
7.48455e-05
6.77357e-05
6.10005e-05
5.45485e-05
4.83531e-05
4.23561e-05
3.66111e-05
3.11018e-05
2.60151e-05
2.14703e-05
1.79836e-05
1.60267e-05
0.00731938
0.00650012
0.00261846
0.000864877
0.00075911
0.001261
0.00165461
0.0019284
0.00210711
0.00221476
0.00226723
0.0022798
0.00226149
0.00222168
0.00216519
0.00209799
0.00202261
0.00194301
0.00186035
0.0017773
0.00169418
0.00161282
0.00153301
0.00145605
0.00138147
0.00131023
0.00124172
0.00117669
0.00111448
0.00105569
0.000999666
0.000946902
0.000896748
0.000849635
0.000804936
0.000763021
0.000723294
0.000686075
0.000650793
0.00061772
0.000586308
0.000556781
0.000528611
0.000501984
0.000476405
0.000452045
0.000428469
0.000405862
0.000383882
0.000362745
0.000342202
0.000322487
0.000303417
0.000285203
0.000267677
0.000250996
0.000234981
0.000219728
0.000205058
0.000191035
0.000177513
0.000164555
0.00015207
0.00014013
0.000128683
0.000117791
0.000107414
9.75771e-05
8.8235e-05
7.93732e-05
7.09499e-05
6.29332e-05
5.53154e-05
4.80771e-05
4.12788e-05
3.49543e-05
2.93053e-05
2.45094e-05
2.09998e-05
1.90779e-05
0.00828776
0.00546608
0.00308368
0.00180599
0.00145755
0.00158251
0.00180374
0.00199579
0.00213422
0.00222134
0.00226444
0.00227271
0.00225341
0.0022136
0.00215817
0.00209188
0.00201778
0.00193902
0.00185734
0.0017748
0.00169231
0.00161114
0.00153167
0.00145472
0.00138031
0.00130898
0.00124056
0.00117541
0.00111326
0.00105435
0.00099839
0.000945522
0.000895438
0.000848241
0.000803615
0.000761629
0.000721969
0.000684677
0.000649442
0.000616282
0.000584888
0.000555256
0.000527084
0.000500355
0.000474785
0.000450364
0.000426853
0.000404271
0.000382442
0.000361426
0.00034111
0.000321581
0.000302765
0.000284744
0.000267445
0.00025092
0.000235082
0.000219947
0.000205422
0.000191511
0.000178137
0.000165312
0.000152992
0.000141201
0.000129919
0.000119168
0.00010893
9.92079e-05
8.99762e-05
8.12173e-05
7.29061e-05
6.50235e-05
5.75702e-05
5.05526e-05
4.40286e-05
3.80672e-05
3.28328e-05
2.85085e-05
2.53809e-05
2.36565e-05
0.00629607
0.00474179
0.00330873
0.00239068
0.00199463
0.00193165
0.00200707
0.00211068
0.00219801
0.00225569
0.00228216
0.00228098
0.00225659
0.002214
0.0021573
0.00209042
0.00201622
0.00193746
0.00185594
0.00177347
0.00169109
0.00160992
0.00153049
0.00145346
0.00137904
0.00130761
0.00123916
0.00117392
0.00111175
0.00105278
0.000996821
0.00094392
0.000893862
0.000846655
0.000802069
0.000760084
0.000720464
0.000683169
0.00064796
0.000614782
0.000583394
0.000553729
0.000525551
0.000498791
0.000473231
0.000448817
0.000425368
0.000402861
0.000381167
0.000360302
0.000340185
0.000320855
0.000302261
0.000284442
0.000267346
0.000250995
0.000235324
0.000220332
0.000205952
0.000192175
0.000178946
0.000166266
0.000154102
0.000142464
0.000131336
0.00012073
0.00011063
0.000101036
9.19274e-05
8.3293e-05
7.51174e-05
6.7393e-05
6.01294e-05
5.33473e-05
4.71074e-05
4.14868e-05
3.66265e-05
3.26807e-05
2.98478e-05
2.8262e-05
0.00501239
0.00424147
0.00337809
0.00273152
0.00237061
0.00223053
0.00221374
0.00224571
0.00228438
0.00231048
0.00231694
0.00230308
0.00227076
0.00222314
0.0021633
0.00209437
0.00201889
0.00193922
0.00185711
0.00177415
0.00169141
0.0016099
0.0015302
0.00145291
0.00137828
0.00130663
0.00123803
0.00117263
0.00111037
0.0010513
0.00099529
0.000942338
0.000892273
0.000845051
0.000800483
0.000758502
0.000718909
0.000681621
0.000646435
0.000613257
0.000581881
0.000552209
0.000524043
0.000497285
0.000471757
0.000447381
0.000424012
0.000401602
0.000380049
0.000359341
0.000339414
0.00032028
0.000301894
0.000284272
0.000267372
0.000251195
0.000235692
0.000220852
0.000206622
0.000192988
0.000179908
0.000167376
0.000155366
0.000143881
0.000132907
0.000122448
0.000112491
0.000103034
9.40634e-05
8.55715e-05
7.75512e-05
7.00041e-05
6.29462e-05
5.64073e-05
5.04471e-05
4.51422e-05
4.06092e-05
3.69715e-05
3.43647e-05
3.2873e-05
0.00445073
0.00397634
0.00341692
0.00294906
0.00263968
0.00247357
0.00240397
0.00238459
0.00238264
0.00237919
0.00236501
0.00233692
0.00229488
0.00224053
0.00217604
0.00210381
0.00202598
0.00194455
0.00186112
0.00177711
0.00169354
0.00161133
0.00153105
0.00145325
0.00137821
0.0013062
0.00123732
0.00117167
0.00110922
0.00104999
0.000993883
0.000940843
0.000890734
0.000843474
0.000798901
0.000756912
0.000717334
0.000680051
0.000644885
0.000611715
0.00058036
0.000550698
0.000522559
0.000495827
0.000470351
0.000446037
0.000422762
0.000400465
0.000379059
0.000358513
0.000338774
0.000319831
0.000301647
0.000284218
0.000267509
0.000251508
0.000236176
0.000221494
0.00020742
0.000193936
0.00018101
0.000168631
0.000156777
0.000145447
0.000134627
0.000124318
0.000114511
0.0001052
9.6379e-05
8.80432e-05
8.01921e-05
7.28337e-05
6.59888e-05
5.96915e-05
5.39982e-05
4.89793e-05
4.4729e-05
4.13421e-05
3.89096e-05
3.74812e-05
0.00423367
0.00387443
0.00347062
0.00311185
0.00284558
0.00267378
0.00257451
0.00251978
0.00248586
0.00245664
0.00242286
0.00238023
0.00232754
0.00226538
0.00219513
0.0021186
0.00203752
0.00195358
0.00186819
0.00178259
0.00169775
0.00161448
0.00153333
0.00145479
0.00137913
0.00130661
0.0012373
0.00117129
0.00110857
0.00104911
0.000992828
0.000939654
0.000889453
0.000842125
0.000797513
0.000755497
0.000715911
0.000678624
0.000643467
0.000610304
0.000578966
0.000549323
0.000521216
0.000494523
0.000469106
0.000444867
0.000421693
0.000399515
0.000378255
0.00035787
0.00033831
0.000319553
0.000301561
0.00028432
0.000267795
0.000251969
0.000236805
0.000222283
0.000208368
0.000195038
0.000182267
0.000170042
0.000158345
0.00014717
0.000136507
0.000126352
0.000116698
0.000107541
9.8878e-05
9.07077e-05
8.30341e-05
7.58698e-05
6.92379e-05
6.31737e-05
5.77285e-05
5.29637e-05
4.89539e-05
4.57693e-05
4.34695e-05
4.20805e-05
0.00417045
0.00386897
0.00354846
0.0032538
0.00301764
0.00284629
0.0027295
0.00265013
0.00259134
0.00254025
0.00248852
0.00243169
0.00236797
0.00229729
0.00222046
0.0021388
0.0020537
0.00196657
0.00187861
0.00179092
0.00170437
0.00161966
0.00153733
0.00145779
0.00138131
0.00130808
0.00123819
0.00117171
0.00110859
0.00104881
0.000992282
0.000938907
0.000888555
0.000841109
0.000796415
0.000754338
0.000714714
0.000677401
0.000642233
0.000609066
0.000577738
0.000548111
0.000520034
0.000493385
0.00046803
0.00044387
0.000420798
0.000398741
0.000377624
0.000357397
0.00033801
0.000319432
0.000301624
0.000284565
0.00026822
0.000252568
0.000237573
0.000223214
0.000209458
0.000196286
0.000183674
0.000171606
0.000160067
0.00014905
0.000138544
0.000128546
0.00011905
0.000110053
0.000101554
9.35541e-05
8.60617e-05
7.90914e-05
7.26672e-05
6.68233e-05
6.16048e-05
5.70633e-05
5.32563e-05
5.02346e-05
4.80351e-05
4.6668e-05
0.00417963
0.00391779
0.00364585
0.00338957
0.00317268
0.00300225
0.00287371
0.00277619
0.00269762
0.00262789
0.00255992
0.00248953
0.00241475
0.00233515
0.00225117
0.00216376
0.00207402
0.00198312
0.00189208
0.00180185
0.00171319
0.00162673
0.00154294
0.00146217
0.00138465
0.00131056
0.00123996
0.00117287
0.00110927
0.00104909
0.000992232
0.000938597
0.000888042
0.000840437
0.000795623
0.000753455
0.000713767
0.000676409
0.000641214
0.000608033
0.000576707
0.000547094
0.000519047
0.000492442
0.000467152
0.000443073
0.000420103
0.000398168
0.00037719
0.000357117
0.000337895
0.00031949
0.00030186
0.000284977
0.000268807
0.000253325
0.000238498
0.000224301
0.000210707
0.000197693
0.000185239
0.000173329
0.000161949
0.000151091
0.000140744
0.000130906
0.00012157
0.000112735
0.000104402
9.65753e-05
8.92635e-05
8.2483e-05
7.62574e-05
7.06178e-05
6.56031e-05
6.12553e-05
5.76176e-05
5.47253e-05
5.25995e-05
5.12393e-05
0.00422892
0.00399869
0.00375845
0.003526
0.00332075
0.00315009
0.00301231
0.00290033
0.00280531
0.00271932
0.0026365
0.00255316
0.00246739
0.00237862
0.00228705
0.00219336
0.00209845
0.00200325
0.00190866
0.00181547
0.00172433
0.00163579
0.00155025
0.00146801
0.00138926
0.00131413
0.00124267
0.00117486
0.00111066
0.00104998
0.000992728
0.000938766
0.000887951
0.000840137
0.000795161
0.000752868
0.000713086
0.000675659
0.000640417
0.000607209
0.000575874
0.000546268
0.000518248
0.000491686
0.000466458
0.00044246
0.000419592
0.000397775
0.000376933
0.00035701
0.000337949
0.000319711
0.000302253
0.000285543
0.000269545
0.000254232
0.000239571
0.000225538
0.000212105
0.000199252
0.000186958
0.000175208
0.000163988
0.000153289
0.000143102
0.000133424
0.00012425
0.000115579
0.000107413
9.97571e-05
9.26223e-05
8.60245e-05
7.99855e-05
7.45333e-05
6.96999e-05
6.55188e-05
6.20215e-05
5.92313e-05
5.71577e-05
5.57931e-05
0.00430504
0.0041008
0.00388304
0.00366594
0.00346737
0.00329489
0.00314874
0.00302422
0.00291476
0.0028141
0.00271743
0.00262161
0.00252495
0.00242681
0.0023273
0.00222692
0.00212637
0.00202645
0.00192789
0.00183136
0.00173742
0.00164651
0.00155898
0.00147506
0.00139491
0.0013186
0.00124614
0.0011775
0.00111261
0.00105137
0.000993652
0.00093931
0.000888189
0.00084013
0.000794961
0.000752516
0.00071262
0.000675109
0.00063981
0.000606567
0.000575218
0.000545618
0.000517623
0.000491106
0.000465942
0.000442027
0.000419261
0.000397563
0.000376856
0.000357079
0.000338176
0.000320102
0.000302812
0.000286271
0.000270442
0.000255296
0.000240801
0.000226931
0.00021366
0.000200968
0.000188834
0.000177243
0.000166183
0.000155644
0.000145617
0.000136099
0.000127086
0.000118577
0.000110576
0.000103088
9.61239e-05
8.96992e-05
8.38334e-05
7.85507e-05
7.38769e-05
6.98378e-05
6.64555e-05
6.37439e-05
6.17046e-05
6.03252e-05
0.00440323
0.00422005
0.00401862
0.00381178
0.00361641
0.00344075
0.00328629
0.0031501
0.00302726
0.00291282
0.0028029
0.00269487
0.00258729
0.00247958
0.00237179
0.00226431
0.00215772
0.00205266
0.00194974
0.00184952
0.00175245
0.0016589
0.00156914
0.00148334
0.0014016
0.00132395
0.00125037
0.00118081
0.00111514
0.00105326
0.000995004
0.000940227
0.000888753
0.00084041
0.000795015
0.000752393
0.000712361
0.000674748
0.000639379
0.000606091
0.000574723
0.000545126
0.000517155
0.000490683
0.000465584
0.000441753
0.00041909
0.00039751
0.000376937
0.000357306
0.000338557
0.000320644
0.00030352
0.000287147
0.000271486
0.000256506
0.000242177
0.000228471
0.000215362
0.000202832
0.000190858
0.000179428
0.000168527
0.000158147
0.00014828
0.000138921
0.000130066
0.000121718
0.000113878
0.000106552
9.97509e-05
9.34885e-05
8.7782e-05
8.26513e-05
7.81171e-05
7.41981e-05
7.09092e-05
6.8257e-05
6.62375e-05
6.4835e-05
0.00452216
0.00435505
0.00416561
0.00396506
0.0037704
0.00359014
0.00342699
0.00327932
0.00314349
0.00301567
0.00289271
0.00277251
0.00265388
0.00253635
0.00241994
0.00230499
0.00219195
0.00208137
0.00197374
0.00186951
0.00176904
0.00167261
0.0015804
0.00149254
0.00140906
0.00132995
0.00125515
0.00118455
0.00111804
0.00105545
0.000996617
0.000941366
0.000889508
0.000840855
0.000795214
0.000752399
0.00071222
0.0006745
0.000639056
0.000605724
0.000574337
0.000544746
0.000516805
0.000490382
0.000465353
0.000441611
0.000419055
0.000397597
0.000377159
0.000357675
0.000339082
0.00032133
0.000304371
0.000288165
0.000272671
0.000257859
0.000243695
0.000230153
0.000217208
0.000204838
0.000193026
0.000181755
0.000171013
0.000160791
0.000151081
0.000141879
0.000133181
0.000124989
0.000117304
0.000110134
0.000103486
9.73748e-05
9.18133e-05
8.68181e-05
8.24049e-05
7.85867e-05
7.53725e-05
7.27635e-05
7.07514e-05
6.93189e-05
0.00466183
0.00450667
0.00432509
0.00412798
0.00393176
0.00374562
0.00357307
0.00341361
0.00326472
0.00312344
0.00298736
0.00285481
0.00272485
0.00259715
0.00247174
0.00234891
0.00222904
0.00211256
0.00199987
0.00189132
0.00178716
0.0016876
0.00159274
0.00150264
0.00141727
0.00133657
0.00126044
0.00118873
0.00112129
0.00105794
0.000998481
0.000942716
0.000890439
0.00084145
0.000795542
0.000752519
0.000712183
0.000674346
0.000638824
0.000605445
0.000574041
0.000544458
0.000516548
0.00049018
0.000465226
0.000441577
0.000419131
0.000397799
0.000377499
0.000358163
0.000339727
0.000322138
0.000305344
0.000289305
0.00027398
0.000259335
0.000245338
0.000231961
0.000219179
0.000206972
0.000195319
0.000184208
0.000173624
0.000163559
0.000154004
0.000144956
0.000136411
0.00012837
0.000120835
0.000113813
0.00010731
0.000101338
9.5908e-05
9.10332e-05
8.67248e-05
8.29912e-05
7.98363e-05
7.72575e-05
7.52437e-05
7.37761e-05
0.0048236
0.00467603
0.00449906
0.00430236
0.00410256
0.00390899
0.00372604
0.00355413
0.00339167
0.00323655
0.00308695
0.00294164
0.00279994
0.00266164
0.00252679
0.00239565
0.00226853
0.00214579
0.0020277
0.00191452
0.00180643
0.00170351
0.00160581
0.00151331
0.00142592
0.00134353
0.00126598
0.0011931
0.00112468
0.00106052
0.00100039
0.000944085
0.000891373
0.000842035
0.000795853
0.000752618
0.000712124
0.000674174
0.000638579
0.000605161
0.000573748
0.000544183
0.000516316
0.000490012
0.000465143
0.000441597
0.00041927
0.00039807
0.000377915
0.000358733
0.000340458
0.000323034
0.00030641
0.000290541
0.000275386
0.00026091
0.000247081
0.00023387
0.000221253
0.000209208
0.000197716
0.000186764
0.000176337
0.000166426
0.000157024
0.000148127
0.000139731
0.000131836
0.000124445
0.000117563
0.000111196
0.000105353
0.000100043
9.52753e-05
9.1058e-05
8.73955e-05
8.4288e-05
8.17298e-05
7.97077e-05
7.82024e-05
0.00500881
0.00486548
0.00468954
0.00449073
0.0042851
0.00408246
0.0038878
0.00370241
0.00352555
0.00335586
0.0031921
0.00303342
0.00287941
0.00272996
0.00258516
0.00244524
0.00231045
0.00218104
0.00205721
0.00193911
0.00182681
0.00172032
0.00161959
0.00152453
0.001435
0.0013508
0.00127175
0.00119761
0.00112816
0.00106314
0.00100232
0.000945449
0.000892282
0.000842581
0.000796117
0.000752665
0.000712012
0.000673951
0.000638287
0.000604836
0.000573422
0.000543884
0.000516069
0.000489839
0.000465064
0.00044163
0.00041943
0.00039837
0.000378366
0.000359343
0.000341234
0.000323979
0.000307528
0.000291832
0.00027685
0.000262546
0.000248887
0.000235844
0.000223393
0.000211511
0.00020018
0.000189386
0.000179115
0.000169358
0.000160107
0.000151358
0.000143107
0.000135355
0.000128102
0.000121354
0.000115114
0.000109391
0.000104191
9.95208e-05
9.53843e-05
9.17833e-05
8.87149e-05
8.61712e-05
8.41379e-05
8.25956e-05
0.00522042
0.00507736
0.00489941
0.00469543
0.00448164
0.00426792
0.0040599
0.00385964
0.00366719
0.0034819
0.00330306
0.00313021
0.00296315
0.00280188
0.00264654
0.00249731
0.00235437
0.0022179
0.00208798
0.00196465
0.00184789
0.00173761
0.00163369
0.00153593
0.00144413
0.00135804
0.00127741
0.00120197
0.00113144
0.00106554
0.00100401
0.000946554
0.000892927
0.000842865
0.000796123
0.000752464
0.000711663
0.000673505
0.000637788
0.00060432
0.000572923
0.000543429
0.000515685
0.000489545
0.000464882
0.000441574
0.000419516
0.000398609
0.000378767
0.000359913
0.000341979
0.000324902
0.000308629
0.000293112
0.000278309
0.000264181
0.000250696
0.000237824
0.000225541
0.000213824
0.000202656
0.000192021
0.000181906
0.000172302
0.000163201
0.000154598
0.00014649
0.000138877
0.000131759
0.00012514
0.000119023
0.000113413
0.000108317
0.000103736
9.96744e-05
9.61294e-05
9.30963e-05
9.05655e-05
8.85222e-05
8.6948e-05
0.00546106
0.00531506
0.00513158
0.00491951
0.00469478
0.00446765
0.00424424
0.00402735
0.0038178
0.00361557
0.0034205
0.00323246
0.00305147
0.0028776
0.00271104
0.00255191
0.00240033
0.00225635
0.00211996
0.0019911
0.00186963
0.00175535
0.00164804
0.00154744
0.00145326
0.00136519
0.00128292
0.00120611
0.00113447
0.00106766
0.00100539
0.00094735
0.000893258
0.000842834
0.00079582
0.00075196
0.000711023
0.00067278
0.000637025
0.000603556
0.000572193
0.00054276
0.000515102
0.00048907
0.000464534
0.000441367
0.000419464
0.000398722
0.000379055
0.00036038
0.00034263
0.000325738
0.000309652
0.00029432
0.0002797
0.000265753
0.000252446
0.000239749
0.000227638
0.000216089
0.000205086
0.000194611
0.000184654
0.000175204
0.000166253
0.000157796
0.000149831
0.000142355
0.00013537
0.000128877
0.00012288
0.000117382
0.000112385
0.000107892
0.000103902
0.000100412
9.74141e-05
9.48986e-05
9.28502e-05
9.12531e-05
0.00573483
0.00558215
0.00538978
0.00516596
0.00492719
0.00468385
0.00444258
0.00420687
0.00397829
0.00375749
0.00354475
0.00334029
0.00314429
0.00295693
0.00277837
0.00260869
0.00244791
0.00229597
0.00215275
0.00201803
0.00189159
0.00177311
0.00166226
0.00155869
0.00146204
0.0013719
0.00128793
0.00120973
0.00113695
0.00106922
0.00100621
0.000947585
0.000893038
0.000842267
0.000794999
0.00075096
0.00070991
0.000671607
0.000635839
0.000602395
0.000571091
0.000541744
0.000514198
0.000488298
0.00046391
0.000440907
0.000419178
0.000398619
0.000379141
0.00036066
0.000343106
0.00032641
0.000310521
0.000295383
0.000280955
0.000267196
0.000254074
0.000241557
0.000229623
0.000218246
0.000207411
0.0001971
0.000187303
0.000178008
0.00016921
0.000160901
0.000153079
0.000145742
0.00013889
0.000132524
0.000126647
0.000121259
0.000116362
0.000111957
0.00010804
0.000104607
0.000101649
9.91552e-05
9.71097e-05
9.55002e-05
0.00604357
0.00588312
0.00567782
0.00543833
0.00518188
0.00491906
0.00465696
0.0043998
0.0041499
0.00390852
0.00367642
0.00345409
0.00324188
0.00304
0.0028486
0.00266766
0.00249711
0.00233673
0.00218629
0.00204542
0.00191375
0.00179087
0.00167633
0.00156967
0.00147045
0.00137819
0.00129247
0.00121284
0.0011389
0.00107024
0.00100649
0.00094729
0.0008923
0.000841197
0.000793691
0.000749494
0.000708352
0.000670011
0.000634253
0.000600858
0.000569637
0.0005404
0.000512988
0.000487239
0.000463021
0.000440198
0.000418662
0.000398301
0.000379027
0.000360752
0.000343406
0.000326918
0.000311234
0.000296298
0.00028207
0.000268506
0.000255575
0.000243244
0.00023149
0.00022029
0.000209627
0.000199484
0.00018985
0.000180714
0.00017207
0.000163911
0.000156234
0.000149037
0.000142319
0.000136081
0.000130324
0.000125048
0.000120252
0.000115935
0.000112094
0.000108721
0.000105806
0.000103338
0.000101302
9.96852e-05
0.00639316
0.00622279
0.00599981
0.00574081
0.00546322
0.00517743
0.00489107
0.0046092
0.00433503
0.00407051
0.00381689
0.0035749
0.00334502
0.00312746
0.00292226
0.0027293
0.00254834
0.00237902
0.00222092
0.00207353
0.00193635
0.00180881
0.00169037
0.00158044
0.0014785
0.00138399
0.00129642
0.00121528
0.00114011
0.00107047
0.00100594
0.000946128
0.000890675
0.000839233
0.00079149
0.000747145
0.000705927
0.000667574
0.000631855
0.000598544
0.000567443
0.00053836
0.000511125
0.000485578
0.000461576
0.000438984
0.000417686
0.000397572
0.000378547
0.000360523
0.000343426
0.000327185
0.000311742
0.000297044
0.000283046
0.000269706
0.000256992
0.000244871
0.00023332
0.000222317
0.000211843
0.000201882
0.000192424
0.000183458
0.000174977
0.000166975
0.000159448
0.000152393
0.000145811
0.000139699
0.000134059
0.000128888
0.000124185
0.000119948
0.000116171
0.000112847
0.000109964
0.000107511
0.00010547
0.000103826
0.00450761
0.00446875
0.00439002
0.00427578
0.00412716
0.00384935
0.0031235
0.00143514
0.00428188
0.00421711
0.00539153
0.00553606
0.00580583
0.00615979
0.00649114
0.00661118
0.00627834
0.00552632
0.00564643
0.00572339
0.00542541
0.00551913
0.00562237
0.00562972
0.00541871
0.00495474
0.0044649
0.00451154
0.00484737
0.00492746
0.00489604
0.00488252
0.00478697
0.00456841
0.00425881
0.00402812
0.00407459
0.00433635
0.00436898
0.00431396
0.00437381
0.00430884
0.00416992
0.00398883
0.00386041
0.00389433
0.0040783
0.00425962
0.00425249
0.00415188
0.00408277
0.00401565
0.0039153
0.00382893
0.00381986
0.00392084
0.00408568
0.0042227
0.00424831
0.00416889
0.0039937
0.00394301
0.00388709
0.00385916
0.00388956
0.0039842
0.00411144
0.0042221
0.00427119
0.00423076
0.00403181
0.00399527
0.00396554
0.00396228
0.00399771
0.00407128
0.00416508
0.00425261
0.00430828
0.0042973
0.00413493
0.00410819
0.00409142
0.00409558
0.00412514
0.00417838
0.00424534
0.00431124
0.00436109
0.00436524
0.00427231
0.00425071
0.0042387
0.00424314
0.00426465
0.00430146
0.00434776
0.00439483
0.00443335
0.00444118
0.00442761
0.00440933
0.00439903
0.0044012
0.00441499
0.00443877
0.00446889
0.0044999
0.00452602
0.00453075
0.00459633
0.00457972
0.00456937
0.00456875
0.00457618
0.00459015
0.00460808
0.00462615
0.0046399
0.00463839
0.00477763
0.00476238
0.00475177
0.00474848
0.00475062
0.00475675
0.00476491
0.00477228
0.00477568
0.00476687
0.00497328
0.00495878
0.00494755
0.00494203
0.00494013
0.00494049
0.00494139
0.00494043
0.00493446
0.00491897
0.00518609
0.00517228
0.00516054
0.00515321
0.00514807
0.00514374
0.00513875
0.00513107
0.00511818
0.00509695
0.00541882
0.00540535
0.00539297
0.00538433
0.00537686
0.00536926
0.00536016
0.00534767
0.00532912
0.00530407
0.00567576
0.00566244
0.00564939
0.00563985
0.00563067
0.00562062
0.00560846
0.00559257
0.00557073
0.00554346
0.0059607
0.00594721
0.00593326
0.00592341
0.00591349
0.00590229
0.00588867
0.00587109
0.00584731
0.0058195
0.00628014
0.0062659
0.00625057
0.0062414
0.00623184
0.00622077
0.00620702
0.00618907
0.00616481
0.0061348
0.00663705
0.00661973
0.0066031
0.00659811
0.00659143
0.00658237
0.00656995
0.00655273
0.00652882
0.0064941
0.00785736
0.00743921
0.00718331
0.00699306
0.00686509
0.0068128
0.00683627
0.00689854
0.00689902
0.00698444
0.00886612
0.00786899
0.0074123
0.00718885
0.00708496
0.00706643
0.00711887
0.00721595
0.00732921
0.00776963
0.00830995
0.00772161
0.00742561
0.00728756
0.00724759
0.00728445
0.00738943
0.00755459
0.00779618
0.00841016
0.00739142
0.00733425
0.00730621
0.00731633
0.00737244
0.00748325
0.00765601
0.00790332
0.0082677
0.00897434
0.00668668
0.00697772
0.00716629
0.00731653
0.00747103
0.00765984
0.00790652
0.00824053
0.00872085
0.00951494
0.00639684
0.00679252
0.0070868
0.00732853
0.00756106
0.00781994
0.00813844
0.00855918
0.00915524
0.0100606
0.00641787
0.00677669
0.00708808
0.0073702
0.00765227
0.0079658
0.00834788
0.00885237
0.00957133
0.0106406
0.00658223
0.00686328
0.00714911
0.00743779
0.00774529
0.00809651
0.00852986
0.00911072
0.00996255
0.0112902
0.00676783
0.00698399
0.00723677
0.00751728
0.00783397
0.00820711
0.00867637
0.00931976
0.0103096
0.0120656
0.00691331
0.00709433
0.00732287
0.00759351
0.00791049
0.00829189
0.00877846
0.00945862
0.0105618
0.0130627
0.00147378
0.00194555
0.00233278
0.00259409
0.00263573
0.00233159
0.00146548
0.00106387
0.00726306
0.0435637
0.00182119
0.00220905
0.00254684
0.0027798
0.00281902
0.00257643
0.00201302
0.00216153
0.00725629
0.0297015
0.00248594
0.0027284
0.00295952
0.00312318
0.00314943
0.00299975
0.00275959
0.00325113
0.00721883
0.020698
0.00344613
0.00348977
0.00356413
0.00362358
0.00362006
0.00354887
0.00353884
0.00419392
0.00721696
0.015729
0.00471489
0.00447523
0.00433013
0.00424619
0.00418369
0.00414744
0.00425604
0.00492622
0.00717428
0.0127068
0.00626034
0.00560988
0.00518461
0.00492848
0.00478529
0.00474409
0.00488651
0.0054772
0.00708825
0.0106657
0.00784499
0.00668826
0.00598522
0.00558031
0.00536585
0.00530014
0.00542411
0.00588529
0.00696274
0.00912775
0.00872144
0.00733762
0.00655464
0.00611191
0.00587349
0.00578983
0.00587415
0.00619083
0.00681748
0.0078302
0.00818553
0.00730737
0.00680754
0.00648327
0.00628451
0.00620416
0.00625181
0.00643962
0.00669445
0.00659593
0.00615061
0.00687
0.0068966
0.00674539
0.00660365
0.00653639
0.00656278
0.00666158
0.00667835
0.00529597
0.00178133
0.000564366
0.00190571
0.00269094
0.00313028
0.00339362
0.00356448
0.00367956
0.0037509
0.00377638
0.00374444
0.00363622
0.00342814
0.00309728
0.00263547
0.00207188
0.00148141
0.000894228
9.32435e-05
0.0016765
0.00270752
0.00116891
0.00205569
0.00275216
0.00316163
0.0034148
0.00358512
0.00370604
0.00378881
0.00383158
0.00382336
0.00374564
0.0035735
0.00327896
0.00284089
0.00226646
0.00161541
0.000963899
0.000232257
0.00144911
0.00389212
0.00183176
0.0023124
0.00286365
0.00321971
0.00345444
0.00362406
0.00375637
0.00386154
0.00393861
0.00397841
0.00396393
0.00386977
0.00366106
0.00329567
0.00273809
0.00200198
0.00121489
0.000487024
0.000956987
0.00505258
0.00248587
0.00262729
0.00300718
0.00329326
0.00350291
0.00367153
0.00382005
0.00395785
0.00408611
0.00419938
0.00428485
0.00431991
0.00426617
0.00406114
0.00361494
0.00285313
0.00189072
0.00107772
0.000772806
0.00606132
0.00313142
0.00297032
0.00316927
0.00337496
0.00355455
0.00372141
0.00388949
0.00406823
0.00426263
0.0044736
0.00469639
0.00491719
0.0051035
0.0051852
0.00502401
0.00441707
0.00332673
0.00229665
0.00217045
0.00685565
0.00376314
0.0033158
0.00333478
0.00345646
0.00360338
0.00376785
0.0039578
0.00418418
0.0044579
0.00478919
0.00518586
0.00565032
0.00616921
0.00668864
0.00705529
0.00693655
0.00595769
0.00459999
0.00452288
0.00739714
0.00438043
0.00364371
0.00349122
0.00353238
0.00364735
0.00381002
0.00402425
0.00430444
0.00466964
0.00514229
0.00574677
0.00650812
0.00744419
0.00854376
0.00969511
0.0105146
0.0101771
0.00852653
0.0075008
0.00767096
0.0049907
0.00393658
0.00363028
0.00360242
0.00369093
0.00385574
0.00409972
0.00444322
0.00491602
0.00555571
0.00640659
0.00752008
0.00895053
0.0107427
0.0128741
0.0150537
0.0161722
0.0145242
0.0104719
0.00769952
0.00561737
0.0041749
0.00374889
0.00367272
0.00374674
0.00392396
0.00421031
0.0046354
0.0052434
0.00609109
0.00724703
0.00879217
0.0108168
0.0134141
0.0166442
0.0203899
0.0236963
0.0226888
0.0133004
0.00757814
0.00632382
0.00433864
0.00385799
0.00376236
0.00383144
0.00401022
0.00429754
0.00471625
0.0053031
0.00610564
0.00717987
0.00858909
0.0103976
0.0126593
0.0153782
0.0184025
0.0211017
0.0219419
0.0130469
0.00588392
0.00551431
0.00437366
0.00389933
0.0037361
0.00371219
0.00375072
0.003814
0.0038796
0.0039301
0.00394828
0.00391435
0.0038036
0.00358406
0.00321225
0.00262695
0.00177011
0.00161218
0.005126
0.00688186
0.00431858
0.00438367
0.00406467
0.00382076
0.0037035
0.00367471
0.00369631
0.00374111
0.00378947
0.00382519
0.00383293
0.00379649
0.00369825
0.00351986
0.00324715
0.00289284
0.00260338
0.00298916
0.00484515
0.00772205
0.00369244
0.00381585
0.00374986
0.00365928
0.00360802
0.00360145
0.00362665
0.00366809
0.00371152
0.003744
0.00375333
0.00372786
0.00365724
0.00353545
0.00336908
0.00319959
0.00315511
0.00350084
0.00445368
0.00574069
0.00334767
0.00345547
0.00348162
0.00347892
0.00348368
0.00350725
0.00354722
0.00359575
0.00364351
0.00368111
0.00369969
0.00369159
0.00365181
0.00358118
0.0034929
0.00342411
0.00344995
0.00367309
0.00412685
0.00458072
0.00309129
0.00318639
0.00325335
0.00330296
0.00335065
0.00340413
0.00346375
0.0035256
0.00358383
0.00363203
0.00366416
0.00367551
0.0036642
0.00363359
0.00359609
0.00357734
0.0036167
0.00375192
0.00397485
0.00416208
0.00286391
0.00296011
0.00305269
0.0031377
0.00321925
0.00330036
0.00338128
0.00345978
0.00353218
0.00359424
0.00364201
0.00367274
0.00368614
0.00368594
0.00368176
0.00369002
0.00373133
0.00382013
0.00394796
0.0040613
0.00264668
0.00275548
0.0028711
0.00298459
0.00309454
0.00320096
0.0033033
0.00339995
0.00348849
0.00356615
0.00363044
0.00367983
0.00371477
0.00373857
0.00375836
0.00378484
0.00382972
0.00389977
0.00399116
0.00408271
0.00243485
0.00256465
0.00270434
0.00284373
0.00297929
0.00310927
0.00323254
0.00334777
0.00345329
0.00354731
0.00362831
0.00369554
0.00374975
0.00379377
0.00383293
0.00387454
0.00392587
0.00399056
0.00406749
0.004146
0.0022294
0.00238597
0.00255168
0.00271627
0.00287568
0.00302776
0.00317116
0.00330476
0.00342741
0.00353798
0.00363558
0.00371997
0.00379202
0.00385413
0.00391041
0.00396608
0.00402593
0.00409185
0.00416283
0.00423127
0.00203454
0.00222177
0.00241462
0.00260379
0.0027858
0.00295862
0.00312111
0.00327244
0.0034119
0.0035388
0.00365271
0.0037537
0.00384267
0.00392167
0.00399389
0.00406312
0.00413236
0.00420197
0.00427041
0.00433001
0.00185697
0.00207658
0.00229657
0.0025092
0.0027121
0.00290402
0.00308427
0.00325238
0.003408
0.00355079
0.00368063
0.00379776
0.00390306
0.00399822
0.00408573
0.00416826
0.00424748
0.00432257
0.00439106
0.00444549
0.00170565
0.0019567
0.00220175
0.00243546
0.00265701
0.00286602
0.00306236
0.00324601
0.0034169
0.00357497
0.00372028
0.00385314
0.00397434
0.00408524
0.00418769
0.00428343
0.004373
0.00445455
0.00452509
0.00457709
0.00159141
0.00186919
0.00213501
0.00238608
0.00262311
0.00284665
0.00305711
0.00325481
0.00343991
0.00361252
0.00377279
0.00392102
0.00405785
0.00418427
0.00430155
0.00441063
0.00451118
0.0046006
0.00467546
0.0047288
0.00152517
0.00182068
0.00210044
0.00236376
0.00261241
0.00284751
0.00306983
0.00327991
0.00347805
0.00366441
0.00383914
0.00400245
0.00415475
0.00429668
0.0044289
0.00455168
0.00466392
0.00476237
0.00484348
0.00490054
0.00151504
0.00181583
0.0021011
0.00237068
0.00262652
0.00286989
0.00310165
0.00332236
0.00353232
0.00373165
0.00392039
0.0040986
0.0042664
0.004424
0.00457156
0.00470867
0.0048336
0.00494268
0.00503215
0.00509586
0.00156269
0.00185567
0.00213762
0.00240728
0.00266586
0.00291423
0.00315303
0.00338266
0.00360328
0.00381489
0.00401734
0.00421042
0.00439394
0.00456767
0.00473122
0.00488357
0.0050224
0.00514355
0.00524321
0.00531542
0.00166296
0.00193764
0.0022087
0.00247288
0.00273009
0.00298043
0.00322407
0.00346109
0.0036914
0.00391477
0.00413079
0.00433897
0.00453871
0.00472933
0.00490987
0.00507871
0.00523294
0.00536802
0.00547988
0.00556296
0.00180574
0.00205577
0.00231061
0.00256507
0.00281763
0.00306745
0.00331412
0.0035573
0.00379661
0.00403149
0.00426126
0.00448506
0.00470188
0.00491052
0.00510945
0.00529641
0.00546786
0.00561872
0.00574468
0.00584013
0.00198016
0.00220278
0.00243865
0.00268072
0.00292633
0.00317384
0.00342225
0.00367081
0.00391877
0.00416528
0.00440931
0.00464964
0.00488481
0.00511308
0.00533228
0.00553946
0.00573037
0.00589935
0.00604153
0.00615093
0.00217647
0.00237336
0.00258941
0.00281789
0.00305528
0.00329939
0.00354877
0.0038023
0.00405892
0.00431748
0.00457664
0.0048348
0.00509004
0.00534006
0.00558197
0.005812
0.00602498
0.00621431
0.00637452
0.00649863
0.0038514
0.00335319
0.00224975
0.00351961
0.00394792
0.00409769
0.00421521
0.00433524
0.00443366
0.00449726
0.00639099
0.00573055
0.00581168
0.0064205
0.00661757
0.00643922
0.00610146
0.00576531
0.00551604
0.00538543
0.00534619
0.00461796
0.0044542
0.00454956
0.00495469
0.00532638
0.00550091
0.00550567
0.00544048
0.00539662
0.00458787
0.00419433
0.00418042
0.00414913
0.00415977
0.00431329
0.00453458
0.00471269
0.0048141
0.00486717
0.00428379
0.004141
0.00416119
0.00416689
0.00409358
0.00404885
0.00409872
0.004206
0.00430586
0.00436673
0.00419447
0.00416814
0.00419475
0.00419881
0.00413395
0.00405269
0.00401626
0.00403368
0.00407173
0.00409679
0.00420192
0.00421494
0.00423768
0.00423357
0.00418312
0.00411246
0.00405756
0.00403257
0.00402586
0.00401896
0.00424407
0.0042704
0.0042915
0.00428627
0.00424942
0.0041958
0.00414529
0.00410821
0.0040818
0.0040594
0.00430804
0.00433789
0.00435968
0.00435763
0.00433278
0.00429444
0.00425399
0.00421817
0.00418736
0.00416078
0.00438934
0.00442199
0.00444718
0.00445094
0.00443652
0.00441046
0.0043799
0.00434949
0.00432065
0.00429519
0.0044924
0.00452586
0.00455367
0.00456248
0.00455624
0.00453976
0.00451788
0.00449389
0.00446941
0.00444725
0.00461686
0.00465138
0.00468138
0.00469462
0.00469475
0.00468554
0.00467054
0.00465227
0.00463223
0.00461341
0.00476552
0.00479946
0.00482972
0.00484549
0.00485004
0.00484624
0.00483676
0.00482346
0.00480756
0.00479219
0.00493759
0.00497107
0.00500091
0.00501838
0.00502605
0.00502621
0.0050209
0.00501152
0.004999
0.00498617
0.00513538
0.00516718
0.00519538
0.00521318
0.00522274
0.00522573
0.00522366
0.00521751
0.0052079
0.00519736
0.00535918
0.00538958
0.00541604
0.00543382
0.00544454
0.00544949
0.00544978
0.00544606
0.00543869
0.00542937
0.00561222
0.00564053
0.00566481
0.00568187
0.00569304
0.00569923
0.00570121
0.00569935
0.00569374
0.00568548
0.0058962
0.00592312
0.00594582
0.00596236
0.00597374
0.00598065
0.00598367
0.00598299
0.00597851
0.00597026
0.00621437
0.00623991
0.00626192
0.00627856
0.00629045
0.00629807
0.0063019
0.00630214
0.00629861
0.00628976
0.00657199
0.00659867
0.00662034
0.00663666
0.00664816
0.00665538
0.00665898
0.00665949
0.00665727
0.00664768
1.22661
1.12078
1.00729
0.887066
0.761008
0.629985
0.494869
0.356536
0.215899
0.0743403
0.984135
0.90464
0.816795
0.721835
0.620874
0.51491
0.404885
0.2917
0.176268
0.0598586
0.78872
0.730905
0.664114
0.589804
0.509243
0.423543
0.333726
0.240756
0.145601
0.0495811
0.637897
0.595813
0.544807
0.486302
0.421565
0.351715
0.277788
0.200758
0.121597
0.0416332
0.522741
0.491604
0.452078
0.405413
0.352766
0.295196
0.233692
0.1692
0.102664
0.0353981
0.434361
0.410834
0.379665
0.341874
0.298478
0.250441
0.198686
0.144107
0.0876017
0.0304617
0.36572
0.347571
0.322582
0.291529
0.255272
0.214689
0.17064
0.123963
0.0755015
0.0265169
0.31159
0.297338
0.277098
0.251265
0.220567
0.185851
0.14794
0.10762
0.0656757
0.0233311
0.268065
0.256793
0.24053
0.218819
0.192445
0.162351
0.12936
0.0942037
0.0576002
0.0207277
0.231971
0.223351
0.211114
0.192603
0.169469
0.142983
0.11396
0.0830456
0.0508767
0.0185763
0.662818
1.37777
1.59219
1.64785
1.64429
1.61086
1.55823
1.49109
1.41193
1.32236
0.221433
0.61125
0.886445
1.05338
1.14205
1.17823
1.17887
1.15439
1.11124
1.05362
0.123706
0.356622
0.551082
0.697286
0.796832
0.856607
0.884367
0.886832
0.869262
0.835636
0.0821582
0.24019
0.380166
0.494853
0.581679
0.641491
0.676952
0.691336
0.687833
0.669268
0.0596083
0.175321
0.280722
0.370874
0.443041
0.496443
0.531686
0.550179
0.553669
0.543977
0.0456567
0.134678
0.217048
0.289278
0.349064
0.395266
0.427696
0.446837
0.453576
0.449035
0.03627
0.107151
0.173383
0.232401
0.282345
0.322091
0.35116
0.369566
0.37767
0.376118
0.0295667
0.0874303
0.141856
0.190898
0.233069
0.267381
0.293281
0.310531
0.319113
0.319252
0.0245563
0.0726802
0.11815
0.159447
0.195397
0.225205
0.248377
0.26455
0.273291
0.274289
0.0206762
0.0612672
0.0997306
0.134841
0.165685
0.191712
0.212651
0.228155
0.237244
0.238506
0.0135919
0.0395416
0.0648524
0.0886697
0.110468
0.129892
0.146858
0.161651
0.174795
0.185093
0.00698337
0.0207706
0.0345348
0.0480807
0.0613733
0.0744511
0.087458
0.10073
0.114915
0.126429
0.0040677
0.0123203
0.020637
0.0290336
0.037596
0.0464733
0.0558692
0.0660451
0.077433
0.0840984
0.00260569
0.00804044
0.0135335
0.0191885
0.0251153
0.0314647
0.0384006
0.0461568
0.0553415
0.0590481
0.00185126
0.0056172
0.00948327
0.0135392
0.0178956
0.0226913
0.0280658
0.0343005
0.0422031
0.044197
0.00161087
0.0042129
0.00705337
0.010113
0.0134852
0.0172933
0.0216707
0.0269517
0.0340493
0.0350496
0.0016829
0.00343361
0.00557436
0.00797463
0.0106984
0.0138533
0.0175682
0.0222074
0.0287094
0.0291458
0.00184759
0.00303442
0.00467846
0.00661843
0.00889073
0.0115871
0.0148295
0.0189889
0.0249829
0.0251097
0.00199152
0.00283074
0.00412157
0.0057294
0.00767343
0.0100312
0.0129148
0.016687
0.0222217
0.0221887
0.00208899
0.00271757
0.0037595
0.00512094
0.00681468
0.00890722
0.0115004
0.0149403
0.020048
0.0199376
0.00213948
0.00263473
0.00349929
0.00467426
0.00617169
0.00804968
0.0104001
0.0135488
0.0182607
0.0181181
0.00215207
0.00255975
0.00329564
0.00432558
0.0056633
0.00736075
0.009501
0.012388
0.0167314
0.0165779
0.00213455
0.00248039
0.0031193
0.00403382
0.00523941
0.00678301
0.00873977
0.0113916
0.0153947
0.0152417
0.00209502
0.00239577
0.00295962
0.00377963
0.00487259
0.00628141
0.00807424
0.0105116
0.0141992
0.0140504
0.00203914
0.00230466
0.00280795
0.00354893
0.00454498
0.00583536
0.00748192
0.00972462
0.0131214
0.0129792
0.0019722
0.00220979
0.00266328
0.00333659
0.00424722
0.00543123
0.00694483
0.00900861
0.0121357
0.0119996
0.00189772
0.0021118
0.00252288
0.00313737
0.00397245
0.00506113
0.00645447
0.00835478
0.0112332
0.0111035
0.00181894
0.00201331
0.00238791
0.00295042
0.00371736
0.00471903
0.00600184
0.00775102
0.0103984
0.0102743
0.00173793
0.0019149
0.00225727
0.00277338
0.00347893
0.0044016
0.00558353
0.00719395
0.00962806
0.00950945
0.0016566
0.00181844
0.00213228
0.00260651
0.00325588
0.00410569
0.0051942
0.00667578
0.0089115
0.00879766
0.00157605
0.00172417
0.00201219
0.0024484
0.00304653
0.00382962
0.00483235
0.00619524
0.00824753
0.00813868
0.00149734
0.00163329
0.00189805
0.00229947
0.00285028
0.00357143
0.00449434
0.00574671
0.00762827
0.00752391
0.00142098
0.00154571
0.00178911
0.00215862
0.00266593
0.00333006
0.00417941
0.00532975
0.00705341
0.00695391
0.0013475
0.00146217
0.00168611
0.00202619
0.00249311
0.00310408
0.00388478
0.00494
0.00651667
0.00642174
0.00127707
0.00138238
0.0015883
0.00190119
0.00233081
0.0028927
0.00360999
0.00457732
0.00601814
0.00592817
0.00120989
0.00130676
0.00149617
0.00178388
0.00217875
0.00269478
0.00335281
0.00423816
0.00555263
0.00546742
0.00114597
0.00123493
0.00140897
0.00167334
0.00203604
0.00250966
0.00311291
0.00392252
0.00512037
0.00504028
0.00108534
0.00116715
0.00132706
0.00156975
0.00190242
0.00233639
0.00288844
0.00362744
0.00471695
0.0046418
0.00102791
0.00110302
0.00124972
0.00147227
0.00177713
0.00217441
0.00267913
0.00335295
0.00434264
0.00427274
0.000973647
0.00104267
0.00117722
0.00138105
0.00165994
0.00202292
0.00248342
0.00309654
0.00399367
0.00392879
0.000922425
0.000985734
0.00110891
0.00129533
0.00155015
0.00188141
0.00230107
0.00285825
0.00367028
0.00361064
0.00087416
0.000932276
0.00104498
0.00121523
0.00144759
0.00174922
0.00213077
0.00263591
0.00336919
0.00331454
0.000828716
0.000881946
0.000984845
0.00114005
0.00135162
0.00162587
0.00197227
0.00242956
0.00309061
0.00304107
0.000785986
0.000834778
0.000928652
0.0010699
0.00126208
0.0015108
0.00182444
0.0022373
0.00283167
0.00278694
0.000745827
0.000790441
0.000875868
0.00100414
0.0011784
0.00140356
0.00168706
0.00205913
0.00259253
0.00255263
0.000708116
0.000748935
0.000826594
0.000942844
0.00110042
0.00130365
0.00155911
0.0018934
0.00237065
0.00233524
0.000672699
0.000709943
0.000780336
0.000885426
0.0010276
0.00121065
0.00144036
0.00174008
0.00216614
0.00213518
0.00063944
0.000673435
0.000737156
0.000831925
0.000959802
0.00112411
0.00132991
0.00159767
0.00197674
0.00194986
0.000608171
0.000639101
0.000696586
0.000781793
0.000896502
0.0010436
0.00122754
0.00146615
0.00180252
0.00177963
0.000578738
0.000606879
0.000658653
0.000735038
0.000837559
0.00096872
0.00113241
0.00134416
0.00164148
0.00162221
0.000550958
0.000576464
0.000622905
0.00069114
0.000782473
0.000899064
0.0010443
0.00123165
0.00149366
0.00147788
0.000524666
0.000547771
0.000589343
0.000650087
0.000731103
0.000834247
0.000962471
0.00112742
0.00135725
0.00134462
0.000499669
0.000520506
0.000557543
0.000611394
0.000682983
0.0007739
0.000886701
0.00103142
0.00123232
0.00122271
0.000475809
0.000494581
0.000527499
0.000575046
0.000637988
0.000717677
0.000816329
0.00094257
0.00111726
0.00111035
0.000452909
0.000469739
0.00049884
0.00054062
0.000595713
0.000665265
0.000751183
0.000860852
0.00101214
0.00100781
0.000430847
0.000445923
0.000471582
0.000508125
0.000556064
0.000616367
0.000690678
0.000785309
0.000915538
0.000913498
0.000409494
0.00042294
0.000445435
0.000477225
0.000518728
0.000570752
0.000634713
0.000715978
0.000827566
0.000827696
0.000388796
0.00040079
0.000420459
0.000447968
0.000483649
0.000528177
0.000582773
0.000652004
0.000746944
0.000748965
0.000368692
0.000379358
0.000396453
0.000420116
0.00045061
0.0004885
0.000534832
0.000593477
0.000673825
0.000677597
0.000349192
0.000358692
0.000373514
0.000393743
0.000419584
0.000451509
0.000490427
0.000539619
0.000607044
0.000612287
0.000330286
0.000338736
0.000351506
0.00036868
0.000390421
0.000417124
0.000449576
0.000490548
0.000546766
0.000553318
0.000312017
0.000319551
0.000330525
0.000344995
0.000363088
0.00038514
0.000411838
0.000445537
0.000491914
0.000499498
0.000294381
0.000301093
0.000310458
0.000322547
0.000337465
0.000355498
0.000377247
0.000404702
0.000442646
0.000451092
0.000277413
0.000283402
0.000291367
0.000301367
0.000313486
0.000327973
0.000345362
0.000367347
0.000397958
0.000407008
0.000261082
0.000266417
0.000273135
0.000281317
0.000291036
0.000302508
0.00031621
0.000333577
0.000357993
0.000367495
0.000245392
0.000250141
0.000255782
0.000262387
0.000270016
0.000278862
0.000289356
0.000302727
0.000321823
0.00033156
0.000230286
0.000234504
0.000239193
0.000244448
0.00025032
0.000256984
0.000264827
0.000274899
0.000289587
0.000299439
0.00021575
0.000219486
0.000223365
0.000227464
0.000231833
0.00023663
0.000242209
0.000249476
0.000260441
0.000270237
0.000201721
0.000205029
0.000208202
0.000211336
0.000214478
0.000217772
0.000221541
0.000226566
0.000234531
0.000244182
0.000188189
0.000191112
0.000193695
0.000196023
0.000198138
0.000200178
0.000202441
0.000205606
0.000211095
0.000220472
0.000175108
0.000177702
0.000179784
0.000181461
0.000182775
0.000183853
0.000184969
0.000186715
0.000190288
0.000199322
0.000162478
0.000164779
0.000166454
0.000167603
0.000168269
0.000168572
0.00016877
0.000169382
0.000171425
0.000180019
0.000150274
0.000152335
0.000153676
0.00015442
0.000154611
0.000154366
0.00015392
0.000153732
0.000154659
0.000162763
0.000138495
0.00014034
0.000141415
0.000141844
0.000141671
0.00014101
0.000140082
0.000139295
0.000139379
0.000146924
0.000127127
0.000128797
0.000129661
0.000129867
0.00012946
0.00012855
0.000127342
0.000126196
0.000125733
0.000132688
0.00011616
0.00011766
0.000118359
0.000118401
0.000117835
0.000116766
0.000115385
0.000114016
0.000113187
0.000119521
0.00010558
0.000106938
0.000107511
0.000107456
0.000106825
0.000105716
0.000104305
0.000102878
0.000101885
0.000107594
9.53685e-05
9.65756e-05
9.7049e-05
9.69355e-05
9.62857e-05
9.51947e-05
9.38226e-05
9.24243e-05
9.13835e-05
9.64753e-05
8.5516e-05
8.65939e-05
8.69961e-05
8.6872e-05
8.627e-05
8.5278e-05
8.40406e-05
8.27805e-05
8.18217e-05
8.63222e-05
7.59995e-05
7.69373e-05
7.72856e-05
7.71732e-05
7.66468e-05
7.57881e-05
7.47267e-05
7.36571e-05
7.28517e-05
7.68026e-05
6.68225e-05
6.7645e-05
6.79633e-05
6.78983e-05
6.74925e-05
6.68195e-05
6.59928e-05
6.51787e-05
6.46022e-05
6.80505e-05
5.7966e-05
5.86693e-05
5.89705e-05
5.89661e-05
5.86955e-05
5.82253e-05
5.76541e-05
5.71226e-05
5.6814e-05
5.98242e-05
4.94464e-05
5.00629e-05
5.03705e-05
5.04539e-05
5.03476e-05
5.01098e-05
4.98235e-05
4.96041e-05
4.95959e-05
5.22251e-05
4.12512e-05
4.17853e-05
4.2111e-05
4.22908e-05
4.23559e-05
4.23568e-05
4.23624e-05
4.24645e-05
4.27724e-05
4.50975e-05
3.34047e-05
3.38958e-05
3.42656e-05
3.45658e-05
3.48222e-05
3.50766e-05
3.53823e-05
3.58081e-05
3.64305e-05
3.85105e-05
2.58967e-05
2.63565e-05
2.67858e-05
2.72187e-05
2.76759e-05
2.819e-05
2.87988e-05
2.95481e-05
3.04842e-05
3.24e-05
1.87389e-05
1.92179e-05
1.9746e-05
2.03476e-05
2.10335e-05
2.18232e-05
2.27359e-05
2.37941e-05
2.50167e-05
2.68272e-05
1.19106e-05
1.24492e-05
1.31355e-05
1.397e-05
1.49447e-05
1.6056e-05
1.7299e-05
1.86705e-05
2.01659e-05
2.19449e-05
5.40285e-06
6.20199e-06
7.25793e-06
8.49847e-06
9.86955e-06
1.13419e-05
1.28967e-05
1.45218e-05
1.62078e-05
1.7982e-05
1.52491e-06
2.75714e-06
4.21324e-06
5.74386e-06
7.3187e-06
8.92846e-06
1.05691e-05
1.22352e-05
1.39207e-05
1.5614e-05
0.168568
0.130406
0.0980063
0.0739132
0.0564059
0.0436197
0.0341864
0.0271516
0.0218496
0.0178162
0.0147247
0.0123451
0.0105149
0.00911875
0.00807455
0.00732245
0.0068177
0.0065234
0.00641054
0.00645267
0.121612
0.103778
0.085384
0.0691129
0.0556757
0.0449086
0.0363884
0.029671
0.0243708
0.0201765
0.0168456
0.0141929
0.0120792
0.0104007
0.00908119
0.00806482
0.00731109
0.00678816
0.00647071
0.00633292
0.0824563
0.0773935
0.0688436
0.0594024
0.0504083
0.0424215
0.0355857
0.0298517
0.025092
0.0211616
0.0179227
0.0152558
0.0130618
0.0112617
0.00979381
0.00861191
0.00768131
0.00697681
0.00647819
0.00616733
0.0563273
0.0566493
0.0536056
0.0488136
0.0433804
0.0379691
0.0329275
0.0284079
0.0244482
0.0210276
0.0180976
0.0156013
0.0134823
0.0116902
0.0101827
0.00892584
0.00789368
0.00706624
0.00642994
0.00597156
0.0393422
0.0415703
0.0412507
0.0392426
0.0362707
0.0328668
0.0293808
0.0260253
0.0229132
0.0200955
0.0175833
0.0153669
0.0134254
0.0117345
0.0102701
0.00901157
0.00794117
0.00704696
0.00631855
0.00574695
0.0281317
0.0308378
0.0317433
0.0312771
0.0298689
0.0278856
0.025607
0.0232327
0.0208928
0.0186675
0.0165999
0.0147096
0.0130006
0.0114685
0.0101044
0.0088984
0.00784197
0.00692669
0.00614895
0.00550291
0.0205754
0.0231976
0.0245725
0.0249037
0.024433
0.0233956
0.021992
0.020383
0.0186867
0.016987
0.0153387
0.0137757
0.0123169
0.0109709
0.00973989
0.0086229
0.00761661
0.00671974
0.00592907
0.00524197
0.0153663
0.0177096
0.019189
0.0198949
0.0199581
0.0195228
0.0187244
0.0176825
0.0164929
0.0152304
0.0139493
0.0126882
0.0114725
0.0103183
0.00923464
0.00822618
0.00729553
0.00644228
0.00566834
0.00497258
0.011709
0.0137233
0.0151383
0.015986
0.0163333
0.0162658
0.0158713
0.0152344
0.0144278
0.0135132
0.0125383
0.0115404
0.010546
0.00957461
0.00863868
0.00774696
0.0069038
0.0061139
0.00537773
0.00469574
0.00909289
0.0107907
0.0120714
0.0129373
0.0134191
0.0135656
0.0134318
0.0130758
0.0125506
0.0119041
0.0111759
0.0103987
0.00959771
0.00879228
0.00799638
0.00722004
0.0064707
0.0057518
0.00506785
0.00441982
0.00719668
0.00860891
0.0097325
0.0105536
0.0110821
0.011344
0.0113724
0.0112062
0.0108826
0.0104379
0.00990337
0.00930626
0.00866859
0.00800852
0.00733962
0.00667283
0.00601492
0.00537296
0.00474897
0.00414485
0.00580021
0.00696594
0.0079336
0.00868121
0.00920686
0.00952243
0.00964674
0.00960508
0.00942314
0.00912752
0.00874208
0.00828894
0.00778655
0.00725083
0.00669431
0.00612709
0.00555735
0.00498959
0.00442927
0.00387849
0.0047633
0.00571719
0.00653938
0.00720282
0.00769863
0.00802999
0.00820636
0.00824365
0.00815899
0.00797157
0.00769918
0.00735925
0.00696672
0.0065352
0.00607561
0.00559763
0.00510762
0.00461289
0.00411585
0.00361927
0.00398164
0.00475757
0.00544951
0.00602833
0.0064812
0.00680594
0.00700595
0.00709073
0.0070713
0.00696122
0.00677353
0.00652167
0.00621753
0.00587237
0.00549552
0.00509515
0.00467836
0.00424927
0.00381338
0.00337356
0.00338916
0.00401452
0.00459153
0.00508992
0.00549456
0.00579996
0.00600554
0.00611643
0.00613929
0.00608353
0.00595845
0.00577432
0.00554035
0.00526577
0.0049583
0.00462541
0.00427203
0.00390474
0.00352577
0.00313842
0.00293173
0.00343263
0.00391031
0.00433521
0.00469118
0.00497074
0.00517082
0.00529357
0.00534258
0.00532424
0.00524502
0.00511266
0.00493424
0.00471716
0.00446776
0.00419202
0.00389549
0.00358138
0.00325479
0.00291903
0.00257653
0.00297362
0.0033658
0.00372473
0.00403399
0.004285
0.00447306
0.00459832
0.00466223
0.00466894
0.00462282
0.00452961
0.00439464
0.00422386
0.00402235
0.00379551
0.00354677
0.0032817
0.00300205
0.00271139
0.00229397
0.0026068
0.00292659
0.00322752
0.00349358
0.00371572
0.00388833
0.0040102
0.00408131
0.00410421
0.0040817
0.00401801
0.00391712
0.00378371
0.00362185
0.00343571
0.00322939
0.00300513
0.00276745
0.00251979
0.00206765
0.00231132
0.00256988
0.00282017
0.00304703
0.00324132
0.00339695
0.00351184
0.00358495
0.00361767
0.00361162
0.00356989
0.00349534
0.00339173
0.00326222
0.00311064
0.00293912
0.00275225
0.00255124
0.00233966
0.00188106
0.00206962
0.00227724
0.00248399
0.00267595
0.00284427
0.0029827
0.00308863
0.00316035
0.00319844
0.00320367
0.00317825
0.00312423
0.00304454
0.00294168
0.00281846
0.00267782
0.00252115
0.00235232
0.00217472
0.00172622
0.0018702
0.00203538
0.00220483
0.00236601
0.00251057
0.00263232
0.00272834
0.00279653
0.00283685
0.00284946
0.0028359
0.00279757
0.00273681
0.00265549
0.0025563
0.00244039
0.0023115
0.00217031
0.0020202
0.00159382
0.00170283
0.00183324
0.00197116
0.00210556
0.00222879
0.00233487
0.00242079
0.00248419
0.00252464
0.00254189
0.00253696
0.00251079
0.00246517
0.00240158
0.00232185
0.00222806
0.00212091
0.00200365
0.00187946
0.00148011
0.00156116
0.001663
0.0017743
0.00188554
0.00198979
0.00208144
0.00215748
0.00221543
0.0022546
0.00227442
0.00227554
0.00225851
0.00222476
0.00217536
0.00211215
0.00203561
0.00194874
0.00185174
0.00174777
0.00137974
0.00143914
0.00151789
0.00160702
0.00169844
0.00178604
0.00186464
0.00193132
0.00198361
0.00202064
0.00204164
0.00204701
0.00203702
0.00201275
0.00197502
0.001925
0.00186412
0.00179254
0.00171294
0.00162827
0.00129104
0.00133327
0.00139327
0.00146392
0.00153845
0.00161154
0.00167845
0.00173645
0.0017831
0.00181746
0.00183861
0.00184675
0.0018419
0.00182498
0.00179649
0.00175772
0.00170864
0.00165168
0.00158665
0.00151641
0.00121083
0.00123993
0.00128495
0.00134041
0.0014007
0.00146126
0.00151785
0.00156794
0.0016092
0.00164065
0.00166131
0.00167124
0.00167033
0.00165925
0.00163837
0.00160842
0.00157033
0.00152389
0.00147127
0.00141518
0.00113841
0.00115719
0.00119017
0.00123311
0.00128142
0.00133122
0.00137875
0.00142172
0.00145791
0.00148636
0.00150605
0.00151694
0.00151878
0.00151214
0.00149719
0.00147482
0.00144466
0.00140866
0.00136632
0.00132028
0.00107183
0.00108282
0.0011063
0.00113907
0.00117741
0.00121806
0.00125772
0.00129434
0.00132588
0.0013514
0.00136989
0.00138125
0.00138517
0.00138205
0.00137199
0.00135542
0.0013329
0.00130397
0.00127036
0.00123455
0.00101083
0.00101577
0.00103168
0.00105617
0.0010862
0.00111909
0.00115196
0.00118298
0.00121028
0.00123298
0.00125009
0.00126145
0.0012667
0.00126618
0.00125985
0.00124832
0.00123101
0.00120947
0.00118301
0.001154
0.000954178
0.000954625
0.000964648
0.000982478
0.00100569
0.00103206
0.0010591
0.00108523
0.00110874
0.00112882
0.00114452
0.00115567
0.0011619
0.00116342
0.00116018
0.00115238
0.00114035
0.00112341
0.00110299
0.00108135
0.000901781
0.000898802
0.000904195
0.000916657
0.000934243
0.000955145
0.000977218
0.000999087
0.00101922
0.00103687
0.00105114
0.00106184
0.00106857
0.00107152
0.00107055
0.00106606
0.00105732
0.0010456
0.00103005
0.00101287
0.000852816
0.000847378
0.000849224
0.000857433
0.00087045
0.000886812
0.00090468
0.000922881
0.000940042
0.000955497
0.000968413
0.000978601
0.000985667
0.00098974
0.000990657
0.000988486
0.000983375
0.000974523
0.000963088
0.000951172
0.000807266
0.000800014
0.000799121
0.000803943
0.000813237
0.00082583
0.00084015
0.000855198
0.000869751
0.000883217
0.000894818
0.000904373
0.000911474
0.000916254
0.000918481
0.000918434
0.000915299
0.000910116
0.000901945
0.000892823
0.000764558
0.00075608
0.000753144
0.000755325
0.000761633
0.000771133
0.000782484
0.000794847
0.000807139
0.000818843
0.000829248
0.000838188
0.000845282
0.000850603
0.000853937
0.000855258
0.000854594
0.000851075
0.000845654
0.000840286
0.000724687
0.000715372
0.000710902
0.000711013
0.000714918
0.000721877
0.000730748
0.000740828
0.000751157
0.000761289
0.000770565
0.000778836
0.00078572
0.000791305
0.000795327
0.00079797
0.000798389
0.000797443
0.00079415
0.000790409
0.000687235
0.000677433
0.000671871
0.000670406
0.000672414
0.000677313
0.000684132
0.000692287
0.000700936
0.000709695
0.00071797
0.000725631
0.000732328
0.000738106
0.000742726
0.000746104
0.000748192
0.000748089
0.000746589
0.000745523
0.00065219
0.000642131
0.000635791
0.000633121
0.000633624
0.000636851
0.000641973
0.000648507
0.000655711
0.000663257
0.000670603
0.000677634
0.000684006
0.000689785
0.000694696
0.000698862
0.000701434
0.000703135
0.000702972
0.000702726
0.000619231
0.000609115
0.000602271
0.000598718
0.00059806
0.000599951
0.000603685
0.000608867
0.000614847
0.000621348
0.000627885
0.000634361
0.000640468
0.000646236
0.000651423
0.000655911
0.000659601
0.000661594
0.00066256
0.000664221
0.000588328
0.000578284
0.000571127
0.000566925
0.000565366
0.000566189
0.000568787
0.000572842
0.000577778
0.000583365
0.000589158
0.000595078
0.000600822
0.000606445
0.000611677
0.0006166
0.000620383
0.000623643
0.000625401
0.000627335
0.000559215
0.000549351
0.000542047
0.000537405
0.000535175
0.000535161
0.000536847
0.000539973
0.000544035
0.000548843
0.000554
0.000559443
0.000564904
0.000570406
0.000575716
0.000580698
0.000585226
0.000588418
0.00059085
0.000594146
0.000531844
0.000522226
0.000514887
0.00050995
0.000507219
0.000506553
0.000507505
0.000509866
0.000513192
0.000517324
0.000521902
0.000526874
0.000531979
0.000537265
0.000542478
0.00054767
0.000552043
0.000556132
0.000558987
0.000562193
0.00050597
0.000496655
0.000489381
0.000484286
0.000481211
0.000480054
0.00048043
0.000482174
0.000484894
0.000488462
0.000492554
0.000497134
0.00050197
0.000507088
0.000512264
0.000517358
0.000522227
0.000526021
0.000529243
0.000533429
0.00048153
0.000472551
0.000465408
0.000460247
0.00045694
0.00045542
0.00045535
0.000456598
0.000458816
0.000461901
0.000465555
0.000469752
0.000474267
0.000479146
0.000484151
0.000489319
0.000493886
0.000498325
0.000501725
0.000505589
0.000458287
0.000449677
0.000442734
0.0004376
0.000434173
0.000432405
0.000432006
0.000432869
0.000434688
0.000437379
0.000440678
0.000444569
0.000448852
0.000453553
0.000458466
0.000463448
0.000468351
0.000472363
0.000475929
0.000480506
0.000436173
0.000427956
0.000421256
0.000416213
0.000412745
0.000410822
0.000410187
0.000410757
0.000412259
0.000414623
0.000417606
0.000421201
0.000425211
0.000429684
0.000434398
0.000439378
0.000443903
0.00044839
0.00045198
0.000456096
0.000414957
0.00040717
0.00040077
0.000395891
0.000392465
0.000390475
0.000389694
0.000390058
0.000391323
0.000393435
0.000396176
0.000399546
0.000403372
0.000407683
0.000412287
0.000417045
0.000421806
0.000425801
0.000429428
0.000434075
0.000394604
0.000387266
0.000381201
0.000376535
0.000373211
0.000371223
0.000370367
0.000370597
0.000371688
0.000373602
0.000376134
0.00037929
0.0003829
0.000387012
0.00039142
0.000396142
0.000400497
0.000404858
0.000408416
0.00041253
0.000374902
0.000368062
0.000362384
0.000357992
0.000354836
0.000352918
0.000352058
0.00035222
0.000353204
0.000354982
0.000357369
0.000360377
0.000363857
0.000367837
0.000372143
0.000376637
0.000381172
0.000385019
0.000388541
0.000393062
0.000355877
0.000349549
0.000344286
0.000340203
0.000337259
0.000335464
0.000334653
0.000334802
0.000335729
0.000337412
0.000339681
0.00034255
0.000345872
0.000349692
0.000353823
0.000358275
0.000362406
0.000366551
0.000369955
0.00037392
0.000337358
0.000331591
0.000326787
0.00032306
0.000320379
0.000318756
0.000318047
0.000318234
0.000319154
0.000320794
0.000322999
0.000325789
0.000329032
0.000332759
0.000336808
0.000341048
0.00034533
0.000348971
0.0003523
0.000356591
0.000319446
0.000314233
0.000309898
0.000306546
0.000304153
0.000302737
0.000302166
0.00030243
0.00030338
0.000305008
0.000307168
0.000309884
0.000313023
0.000316633
0.000320538
0.000324743
0.000328644
0.000332543
0.000335736
0.000339476
0.000302004
0.00029738
0.000293539
0.00029059
0.000288516
0.000287339
0.00028694
0.000287317
0.000288334
0.000289988
0.000292149
0.000294841
0.000297949
0.000301504
0.000305354
0.000309373
0.000313414
0.000316835
0.000319938
0.000323954
0.000285191
0.000281115
0.000277752
0.000275203
0.000273455
0.000272532
0.000272326
0.000272839
0.000273946
0.000275648
0.00027782
0.00028049
0.000283541
0.000287018
0.000290758
0.000294759
0.000298453
0.000302108
0.000305076
0.000308568
0.000268874
0.000265361
0.000262479
0.000260337
0.000258926
0.000258272
0.000258277
0.000258948
0.000260169
0.000261946
0.000264165
0.000266856
0.000269914
0.00027337
0.000277082
0.000280927
0.000284759
0.000287976
0.000290855
0.000294591
0.000253234
0.000250209
0.000247772
0.000246014
0.00024493
0.000244545
0.000244767
0.000245607
0.000246954
0.000248819
0.00025109
0.000253797
0.000256835
0.000260249
0.000263883
0.00026773
0.000271252
0.000274689
0.000277446
0.000280699
0.00023811
0.000235575
0.00023357
0.00023219
0.000231431
0.000231317
0.000231764
0.000232783
0.000234271
0.000236241
0.00023859
0.000241351
0.000244427
0.000247848
0.000251478
0.000255199
0.000258862
0.000261905
0.000264582
0.00026806
0.000223667
0.000221536
0.000219916
0.000218882
0.000218429
0.000218579
0.000219248
0.000220448
0.000222082
0.000224164
0.000226591
0.000229397
0.000232483
0.00023589
0.000239471
0.000243212
0.000246605
0.000249862
0.000252437
0.000255479
0.000209707
0.000207988
0.000206741
0.000206044
0.000205891
0.0002063
0.000207192
0.000208579
0.000210367
0.000212572
0.000215099
0.00021798
0.000221126
0.000224563
0.000228163
0.000231807
0.000235345
0.000238253
0.000240763
0.000244019
0.000196376
0.00019499
0.000194073
0.000193685
0.000193812
0.00019447
0.00019558
0.000197153
0.000199097
0.000201427
0.00020405
0.000206996
0.000210175
0.000213623
0.000217198
0.000220879
0.000224186
0.000227302
0.000229735
0.000232605
0.000183453
0.000182425
0.000181838
0.000181754
0.000182159
0.000183063
0.000184391
0.000186151
0.000188256
0.000190721
0.000193456
0.000196494
0.00019975
0.000203247
0.000206858
0.000210468
0.000213924
0.000216738
0.000219124
0.000222201
0.000171083
0.000170349
0.000170061
0.00017026
0.000170927
0.000172071
0.000173611
0.000175558
0.000177823
0.000180422
0.000183266
0.000186385
0.00018969
0.000193216
0.000196825
0.000200487
0.000203748
0.000206767
0.000209102
0.000211847
0.000159053
0.000158655
0.000158675
0.000159159
0.000160089
0.00016147
0.000163224
0.000165358
0.000167788
0.000170529
0.000173495
0.000176716
0.000180112
0.000183701
0.00018736
0.000190974
0.000194388
0.000197151
0.000199459
0.000202407
0.000147525
0.000147409
0.000147711
0.000148465
0.000149647
0.000151259
0.000153221
0.000155542
0.000158136
0.000161017
0.000164099
0.000167413
0.000170872
0.000174505
0.000178179
0.000181857
0.000185111
0.000188076
0.000190359
0.000193029
0.000136318
0.000136523
0.000137119
0.000138146
0.00013958
0.000141423
0.000143595
0.000146102
0.000148862
0.000151889
0.000155099
0.000158523
0.00016208
0.000165787
0.000169522
0.000173172
0.000176581
0.000179335
0.000181612
0.000184482
0.000125605
0.000126075
0.000126938
0.000128222
0.000129898
0.000131965
0.000134341
0.000137033
0.000139957
0.000143126
0.000146459
0.000149981
0.000153612
0.000157374
0.000161138
0.00016486
0.000168143
0.000171093
0.000173374
0.000176019
0.000115233
0.000115997
0.000117132
0.000118673
0.000120589
0.000122878
0.000125457
0.000128333
0.000131422
0.000134737
0.0001382
0.000141836
0.000145569
0.00014941
0.000153243
0.000156955
0.000160391
0.000163175
0.00016547
0.000168313
0.000105367
0.000106364
0.000107742
0.000109522
0.000111666
0.000114168
0.000116946
0.000120001
0.000123251
0.000126708
0.000130293
0.000134031
0.000137842
0.000141745
0.000145616
0.000149406
0.000152746
0.000155722
0.000158048
0.000160718
9.58692e-05
9.71178e-05
9.87379e-05
0.000100753
0.000103122
0.000105835
0.000108807
0.000112039
0.000115449
0.000119049
0.000122762
0.000126612
0.000130525
0.000134509
0.000138452
0.000142244
0.000145736
0.000148587
0.000150948
0.000153815
8.6872e-05
8.83168e-05
9.01532e-05
9.23881e-05
9.4971e-05
9.78872e-05
0.000101048
0.000104452
0.000108016
0.000111751
0.000115582
0.000119531
0.000123522
0.000127569
0.000131556
0.000135428
0.000138851
0.000141889
0.000144308
0.000147051
7.82462e-05
7.99065e-05
8.19619e-05
8.44163e-05
8.72115e-05
9.03275e-05
9.36731e-05
9.72444e-05
0.00010096
0.000104829
0.00010878
0.000112833
0.00011692
0.000121044
0.0001251
0.000128984
0.000132553
0.000135506
0.000137982
0.000140921
7.00867e-05
7.19283e-05
7.41894e-05
7.68557e-05
7.98576e-05
8.31685e-05
8.66936e-05
9.04262e-05
9.42854e-05
9.82792e-05
0.000102338
0.00010648
0.000110638
0.000114819
0.000118919
0.000122878
0.000126402
0.000129535
0.000132096
0.00013496
6.22857e-05
6.43389e-05
6.68198e-05
6.97056e-05
7.2917e-05
7.64214e-05
8.01225e-05
8.40107e-05
8.80076e-05
9.21203e-05
9.62839e-05
0.000100516
0.000104755
0.000109001
0.000113162
0.000117136
0.000120797
0.000123884
0.000126522
0.00012958
5.49117e-05
5.71732e-05
5.98796e-05
6.29892e-05
6.64114e-05
7.01068e-05
7.39781e-05
7.80135e-05
8.21378e-05
8.63568e-05
9.06097e-05
9.49124e-05
9.92073e-05
0.000103498
0.000107693
0.000111733
0.000115367
0.000118625
0.000121374
0.000124402
4.79044e-05
5.04194e-05
5.33785e-05
5.67269e-05
6.0365e-05
6.42492e-05
6.82842e-05
7.2457e-05
7.66976e-05
8.10118e-05
8.53456e-05
8.97137e-05
9.40668e-05
9.84016e-05
0.000102641
0.000106694
0.000110451
0.000113695
0.000116542
0.000119759
4.13276e-05
4.41266e-05
4.73613e-05
5.09601e-05
5.4816e-05
5.88826e-05
6.30699e-05
6.73648e-05
7.1705e-05
7.60955e-05
8.04893e-05
8.48997e-05
8.92828e-05
9.36393e-05
9.78968e-05
0.000102
0.000105744
0.000109149
0.000112126
0.000115347
3.5203e-05
3.83432e-05
4.1885e-05
4.57445e-05
4.98139e-05
5.40494e-05
5.83707e-05
6.2767e-05
6.71856e-05
7.16322e-05
7.60689e-05
8.05077e-05
8.49149e-05
8.92859e-05
9.35641e-05
9.76715e-05
0.000101522
0.000104941
0.000108029
0.000111429
2.96355e-05
3.31712e-05
3.70396e-05
4.11563e-05
4.54219e-05
4.98003e-05
5.42268e-05
5.8694e-05
6.31613e-05
6.76341e-05
7.20837e-05
7.65206e-05
8.09184e-05
8.52765e-05
8.95465e-05
9.36824e-05
9.75282e-05
0.000101096
0.00010432
0.000107747
2.48297e-05
2.87805e-05
3.29626e-05
3.73019e-05
4.17217e-05
4.61979e-05
5.06866e-05
5.51837e-05
5.96624e-05
6.41274e-05
6.85607e-05
7.29699e-05
7.734e-05
8.16664e-05
8.59185e-05
9.00368e-05
9.39653e-05
9.75624e-05
0.0001009
0.000104497
2.1035e-05
2.53817e-05
2.98143e-05
3.43009e-05
3.88029e-05
4.33111e-05
4.78033e-05
5.2278e-05
5.67214e-05
6.11356e-05
6.55113e-05
6.98527e-05
7.41515e-05
7.84069e-05
8.2599e-05
8.67009e-05
9.06091e-05
9.43356e-05
9.77977e-05
0.000101465
1.87415e-05
2.32755e-05
2.77878e-05
3.22846e-05
3.67605e-05
4.12128e-05
4.56363e-05
5.0028e-05
5.43846e-05
5.87036e-05
6.2983e-05
6.7221e-05
7.14173e-05
7.55663e-05
7.96654e-05
8.36893e-05
8.76325e-05
9.14093e-05
9.50341e-05
9.89427e-05
0.0135891
0.0099268
0.00795775
0.00645385
0.00535112
0.00468001
0.00434528
0.00422958
0.00423846
0.00431793
0.00443763
0.00458454
0.00475279
0.00494112
0.00515042
0.00538254
0.00564049
0.0059274
0.00624839
0.00660759
0.0376519
0.02481
0.0176317
0.012898
0.00965668
0.00752974
0.0062079
0.00543245
0.00501031
0.00481106
0.00475192
0.00478325
0.00487663
0.00501593
0.00519311
0.0054041
0.00564831
0.00592639
0.00624108
0.00659338
0.0616378
0.0403196
0.028075
0.0200165
0.0145835
0.0109928
0.00865855
0.00715792
0.00621075
0.00563378
0.00530796
0.00515363
0.0051195
0.00517164
0.00528956
0.00546039
0.00567752
0.00593754
0.00623943
0.00658211
0.0848876
0.0556911
0.0383784
0.0269687
0.019433
0.0144994
0.0112479
0.00907905
0.00762606
0.00666164
0.00604117
0.0056667
0.00547132
0.00540756
0.00544328
0.00555665
0.00573402
0.00596715
0.00625104
0.00658454
0.10697
0.0706229
0.0482386
0.0335626
0.0240941
0.017953
0.0138691
0.0110831
0.00915364
0.00781385
0.00689623
0.0062885
0.0059129
0.00571294
0.00564767
0.0056879
0.00581308
0.00601008
0.00626889
0.00658712
0.12736
0.0847488
0.0574313
0.0397987
0.0286421
0.021406
0.0165339
0.0131519
0.0107598
0.00905366
0.00784188
0.00699702
0.00643128
0.00608149
0.00590036
0.00585356
0.00591456
0.00606603
0.00629228
0.00658875
0.145274
0.0975491
0.0658456
0.0458553
0.0332595
0.0249679
0.0192937
0.0153018
0.0124412
0.0103681
0.00886239
0.00777845
0.00701678
0.00650777
0.00619903
0.00605288
0.00603825
0.0061345
0.00632028
0.00658771
0.159318
0.108283
0.073608
0.0520601
0.0381461
0.0287352
0.0221939
0.0175526
0.0142031
0.0117536
0.00994975
0.00862358
0.00766153
0.0069862
0.00654042
0.00628398
0.0061829
0.00621393
0.00635128
0.00658135
0.16822
0.117419
0.0820184
0.0590911
0.0435533
0.0328096
0.0252833
0.0199291
0.0160557
0.0132113
0.0110996
0.00952535
0.00835835
0.00751055
0.00692027
0.00654358
0.00634627
0.00630137
0.00638285
0.00656594
0.178704
0.129315
0.0923389
0.0671021
0.04963
0.0374332
0.0288295
0.0226705
0.0181899
0.0148793
0.012403
0.0105373
0.00913275
0.00808818
0.00733411
0.00682119
0.00651292
0.00637925
0.0063957
0.0065356
0.231898
0.223394
0.210718
0.191917
0.168621
0.14205
0.112983
0.0820495
0.0498745
0.017638
0.267765
0.256501
0.240057
0.218184
0.191693
0.161525
0.128489
0.0933079
0.0566936
0.0198644
0.311194
0.296926
0.276594
0.250672
0.219898
0.185126
0.147177
0.106833
0.0648768
0.0225618
0.365311
0.347141
0.32209
0.290987
0.254683
0.214063
0.169986
0.12329
0.0748188
0.0258549
0.433983
0.41044
0.379223
0.3414
0.297975
0.249913
0.198139
0.143546
0.0870331
0.0299069
0.522409
0.491258
0.451701
0.405015
0.352349
0.294762
0.233246
0.168745
0.102203
0.0349457
0.637615
0.595518
0.544493
0.485979
0.421231
0.351372
0.277437
0.200401
0.121238
0.041279
0.788477
0.730655
0.66386
0.589552
0.50899
0.423287
0.333468
0.240497
0.145341
0.049324
0.983942
0.904441
0.816594
0.721647
0.620694
0.514737
0.404718
0.291537
0.176108
0.0597016
1.22642
1.12061
1.00714
0.886934
0.760894
0.629889
0.494788
0.356467
0.215838
0.0742844
0.0208274
0.0615149
0.0999907
0.134973
0.165525
0.191113
0.211571
0.226802
0.23616
0.238269
0.0246727
0.0728096
0.118253
0.159435
0.195176
0.224706
0.247609
0.263643
0.272504
0.273839
0.0296828
0.0875076
0.141883
0.190825
0.23285
0.266989
0.292735
0.309907
0.318521
0.318772
0.0364011
0.107212
0.173382
0.232317
0.282159
0.321795
0.350772
0.369126
0.377225
0.375684
0.0458035
0.134742
0.217046
0.289205
0.348916
0.395044
0.427414
0.446515
0.453234
0.448668
0.0597691
0.175393
0.280729
0.370817
0.442924
0.496272
0.531471
0.54993
0.553396
0.543672
0.082341
0.240272
0.38018
0.494804
0.581576
0.641344
0.676769
0.691124
0.687598
0.669008
0.123943
0.35673
0.551106
0.697241
0.796732
0.856466
0.884196
0.886636
0.86905
0.835407
0.221798
0.611405
0.886474
1.05332
1.14193
1.17807
1.17869
1.15419
1.11103
1.05342
0.663617
1.37801
1.59221
1.64775
1.64413
1.61066
1.55801
1.49086
1.4117
1.32214
0.00188342
0.00307906
0.0045133
0.00588955
0.00710054
0.00808224
0.00878992
0.00919581
0.00929619
0.00913318
0.000428463
0.000755336
0.00119143
0.00167436
0.00219858
0.0027714
0.00340791
0.00413423
0.00499482
0.00607271
0.00189219
0.00197506
0.00213387
0.00235983
0.00264284
0.00297297
0.00333976
0.00372974
0.00412127
0.00448411
0.00269174
0.00275014
0.00285711
0.00300782
0.00319587
0.00341428
0.00365615
0.00391514
0.00418565
0.00447
0.00313721
0.0031964
0.00330088
0.00344418
0.00361869
0.00381759
0.00403624
0.00427301
0.00452922
0.00481362
0.00340486
0.00347771
0.00360491
0.00377643
0.0039811
0.0042097
0.00445694
0.0047224
0.00501025
0.00532617
0.00358006
0.0036783
0.00385008
0.0040791
0.00434794
0.00464251
0.00495466
0.0052834
0.00563435
0.00599873
0.00370057
0.00383891
0.00408124
0.00440071
0.00476996
0.00516744
0.00558032
0.00600597
0.00645103
0.00687504
0.00377963
0.00397949
0.00432837
0.0047813
0.00529595
0.0058407
0.00639659
0.00695886
0.00753553
0.0080296
0.00381698
0.00411189
0.00461974
0.0052645
0.00598276
0.00673079
0.00748296
0.00823259
0.00899047
0.00956841
0.0038045
0.00424899
0.00499324
0.00590919
0.00690684
0.00793046
0.00894835
0.00995292
0.0109603
0.0116443
0.00373025
0.00441573
0.00550935
0.00680242
0.00817807
0.00957212
0.0109485
0.0123
0.0136515
0.0144791
0.00358533
0.00466632
0.00626823
0.00807728
0.00996116
0.0118541
0.0137175
0.0155444
0.0173727
0.0184087
0.00338017
0.00511189
0.00743362
0.00994099
0.0125109
0.0150839
0.0176186
0.0201053
0.0225956
0.0239508
0.00318286
0.0059489
0.00926124
0.0127174
0.0162293
0.0197493
0.0232316
0.0266536
0.0300718
0.0319344
0.00318156
0.00748137
0.0121576
0.0169381
0.0217793
0.0266504
0.0315028
0.0362859
0.0410281
0.0437141
0.00369183
0.0101719
0.01683
0.0235526
0.030332
0.0371643
0.0440204
0.0508261
0.0575205
0.0615755
0.00508212
0.0149301
0.0247694
0.0345469
0.0442617
0.0539454
0.0636431
0.0733544
0.0829601
0.089421
0.0080037
0.0238565
0.0394346
0.0545671
0.0691366
0.0830925
0.0964802
0.1095
0.122505
0.132854
0.014271
0.0421104
0.0689384
0.0940014
0.116688
0.136552
0.153451
0.167679
0.179846
0.189025
0.00755169
0.00612174
0.00569445
0.00561096
0.00563969
0.00568873
0.00571781
0.00570844
0.00565225
0.00554669
0.0053922
0.00519156
0.00494846
0.00466772
0.0043542
0.00401341
0.00365042
0.00327071
0.00287912
0.00248066
0.00587257
0.0056498
0.00568752
0.00579068
0.00590624
0.00600216
0.0060583
0.00606373
0.00601336
0.0059067
0.00574555
0.00553394
0.00527655
0.00497914
0.00464731
0.00428721
0.00390441
0.00350481
0.00309355
0.00267574
0.0049573
0.00538843
0.00573025
0.00601064
0.0062321
0.00639072
0.0064822
0.00650444
0.0064578
0.00634522
0.00617114
0.00594153
0.00566267
0.00534158
0.00498487
0.0045995
0.00419163
0.00376761
0.00333284
0.00289269
0.00489566
0.00548373
0.00597604
0.0063749
0.00668069
0.00689347
0.00701476
0.00704776
0.00699746
0.00687043
0.00667424
0.00641723
0.00610775
0.00575432
0.00536484
0.0049471
0.00450803
0.00405433
0.00359178
0.00312596
0.00520913
0.00586585
0.00644648
0.00692585
0.00729255
0.00754357
0.00768151
0.00771285
0.00764623
0.00749201
0.00726099
0.00696442
0.00661289
0.00621675
0.00578524
0.00532715
0.00485008
0.00436116
0.00386643
0.00337173
0.00572749
0.00647269
0.00713706
0.00768419
0.00809652
0.00836947
0.00850711
0.00851932
0.00841879
0.00822008
0.00793774
0.00758626
0.0071788
0.00672771
0.00624365
0.00573639
0.00521413
0.00468439
0.00415339
0.00362722
0.00641977
0.00729467
0.00805965
0.00867479
0.00912235
0.00940022
0.00951673
0.00948714
0.00932967
0.00906417
0.00870971
0.00828454
0.00780468
0.00728457
0.00673627
0.00617043
0.00559574
0.00501991
0.00444928
0.00389012
0.00731473
0.00836499
0.00925256
0.00993816
0.0104089
0.01067
0.010738
0.0106369
0.0103926
0.0100321
0.00957982
0.00905845
0.00848707
0.00788218
0.0072571
0.00662309
0.00598905
0.00536269
0.00475029
0.00415824
0.00847963
0.00975287
0.0107828
0.0115353
0.0120084
0.0122205
0.0122019
0.0119892
0.0116194
0.0111282
0.010547
0.00990305
0.00921855
0.00851183
0.00779703
0.00708561
0.00638628
0.00570636
0.00505186
0.00442919
0.0100211
0.0115658
0.0127496
0.0135514
0.0139887
0.0141019
0.0139417
0.0135631
0.0130175
0.0123515
0.0116041
0.0108073
0.00998613
0.00915992
0.00834293
0.00754608
0.00677724
0.0060429
0.00534845
0.00470023
0.0120999
0.0139605
0.0152916
0.016099
0.0164339
0.0163705
0.0159901
0.015372
0.0145861
0.0136914
0.0127346
0.0117518
0.0107694
0.00980667
0.00887671
0.00798876
0.00714901
0.00636246
0.00563352
0.00496818
0.0149546
0.0171606
0.0185973
0.019322
0.0194421
0.0190841
0.0183721
0.0174171
0.0163102
0.0151231
0.0139088
0.0127054
0.0115385
0.0104248
0.00937456
0.00839375
0.00748578
0.0066534
0.00589952
0.00522944
0.0189444
0.0214849
0.0229183
0.0233961
0.0231188
0.022291
0.0210939
0.0196765
0.0181515
0.0166007
0.0150792
0.0136228
0.0122522
0.0109787
0.00980664
0.00873705
0.00776918
0.00690263
0.00613824
0.00548007
0.0246127
0.0273847
0.0285796
0.0285207
0.0275585
0.0260084
0.0241227
0.0220893
0.020037
0.0180493
0.0161753
0.0144412
0.0128571
0.0114239
0.0101373
0.00899111
0.00797894
0.0070963
0.00634129
0.00571591
0.0327939
0.03549
0.0359781
0.0348892
0.0328052
0.0301857
0.0273573
0.0245344
0.0218446
0.0193567
0.0170996
0.015079
0.0132867
0.0117081
0.0103266
0.00912644
0.00809439
0.007221
0.00650083
0.00593277
0.0447727
0.0466459
0.0455371
0.042612
0.0387765
0.0346441
0.0305862
0.0268046
0.0233898
0.0203675
0.017726
0.015437
0.0134648
0.0117743
0.010333
0.0091142
0.00809667
0.00726536
0.00661045
0.00612642
0.0625208
0.0618749
0.05755
0.051549
0.0451332
0.0389908
0.033439
0.0285835
0.0244172
0.020883
0.0179043
0.015404
0.0133113
0.0115661
0.0101186
0.00893033
0.00797188
0.00722217
0.00666616
0.00629265
0.0889227
0.0820436
0.0717615
0.060989
0.0510828
0.0425191
0.0353466
0.0294374
0.0246081
0.0206747
0.017474
0.01487
0.012753
0.0110371
0.00965642
0.00856143
0.00771542
0.00709113
0.0066676
0.00642748
0.1268
0.106582
0.0864583
0.0691513
0.0551652
0.0441473
0.0355484
0.0288483
0.023617
0.0195173
0.0162922
0.013748
0.0117412
0.0101651
0.00894185
0.00801388
0.00733875
0.00688334
0.00662101
0.00652946
0.170607
0.13042
0.0970732
0.0727032
0.0551946
0.042506
0.0332053
0.0263106
0.0211469
0.0172434
0.0142729
0.0120039
0.0102747
0.00896923
0.00800547
0.00732208
0.00687339
0.00662188
0.00653756
0.00659675
0.179989
0.131155
0.0942657
0.068867
0.051144
0.0386651
0.0297894
0.0233827
0.0186915
0.0152084
0.0126006
0.0106418
0.00918093
0.00811084
0.00735613
0.00685791
0.00657079
0.00645619
0.00648397
0.00663538
0.169755
0.119214
0.0839955
0.0609974
0.0452504
0.0342401
0.0264413
0.0208294
0.0167281
0.01369
0.0114232
0.00973222
0.00848569
0.00759058
0.00697907
0.00659781
0.00640412
0.00636277
0.00644677
0.00664253
0.160052
0.109067
0.0745158
0.053013
0.0390497
0.0295309
0.0228574
0.0180817
0.0146072
0.0120491
0.010157
0.00876479
0.00775888
0.0070585
0.00660287
0.00634445
0.00624503
0.00627472
0.0064119
0.0066461
0.145418
0.0977288
0.0660827
0.0461626
0.0335975
0.0252943
0.0195815
0.0155413
0.0126309
0.0105135
0.00897163
0.00786225
0.00708543
0.00656995
0.00626074
0.0061159
0.00610216
0.00619536
0.00637939
0.00664651
0.127093
0.0845469
0.0572548
0.0396834
0.028587
0.0213917
0.0165408
0.0131698
0.0107824
0.0090801
0.00787212
0.00703328
0.00647459
0.00613262
0.00595823
0.0059157
0.00597766
0.00612603
0.00635004
0.0066444
0.106422
0.0701705
0.047808
0.0331784
0.0237747
0.0176998
0.0136738
0.010939
0.00905343
0.0077529
0.00686856
0.00628956
0.00593644
0.00575375
0.00569977
0.00574625
0.00587274
0.00606736
0.00632427
0.00664043
0.0841542
0.0550739
0.0377946
0.0264211
0.0189459
0.0140894
0.0109184
0.0088285
0.00744751
0.00654728
0.00597958
0.00564736
0.00548249
0.00544015
0.00548873
0.00560894
0.00578787
0.00601953
0.00630235
0.0066353
0.0607895
0.0396017
0.0274065
0.0193813
0.0140051
0.0104981
0.00826063
0.00685944
0.00600323
0.00550419
0.00523874
0.00512942
0.00512568
0.005198
0.00532738
0.00550423
0.00572279
0.00598214
0.00628418
0.00662956
0.0367414
0.0240467
0.0169404
0.0122483
0.00906977
0.0070374
0.00582756
0.00516233
0.00483351
0.00470611
0.0046976
0.00476361
0.00487895
0.00503219
0.00521689
0.00543179
0.00567675
0.00595449
0.00626931
0.00662359
0.0126989
0.00925388
0.00742273
0.00600022
0.00498052
0.00440245
0.00415507
0.00410748
0.00416429
0.00427561
0.00441583
0.00457586
0.00475208
0.00494533
0.00515719
0.00539062
0.00564872
0.00593546
0.00625616
0.00661495
)
;

boundaryField
{
    down
    {
        type            symmetryPlane;
    }
    right
    {
        type            calculated;
        value           nonuniform List<scalar> 
60
(
4.30979e-06
5.1063e-06
6.26285e-06
7.59631e-06
9.0045e-06
1.04421e-05
1.18849e-05
1.33224e-05
1.47533e-05
1.61872e-05
1.9167e-05
2.37278e-05
2.83053e-05
3.28819e-05
3.74521e-05
4.20104e-05
4.65554e-05
5.10828e-05
5.55921e-05
6.00793e-05
6.45443e-05
6.89835e-05
7.33967e-05
7.77793e-05
8.21297e-05
8.644e-05
9.07035e-05
9.49093e-05
9.90533e-05
0.000103153
4.15675e-06
4.61266e-06
5.46093e-06
6.56496e-06
7.83266e-06
9.20861e-06
1.0663e-05
1.2174e-05
1.37276e-05
1.53016e-05
1.83671e-05
2.28813e-05
2.73663e-05
3.18271e-05
3.62654e-05
4.0676e-05
4.50579e-05
4.94061e-05
5.37199e-05
5.79951e-05
6.22319e-05
6.64269e-05
7.0581e-05
7.46878e-05
7.87456e-05
8.27288e-05
8.66338e-05
9.03777e-05
9.39777e-05
9.78711e-05
)
;
    }
    up
    {
        type            symmetryPlane;
    }
    left
    {
        type            calculated;
        value           uniform 0;
    }
    cylinder
    {
        type            symmetry;
    }
    defaultFaces
    {
        type            empty;
    }
}


// ************************************************************************* //
