/*--------------------------------*- C++ -*----------------------------------*\
  =========                 |
  \\      /  F ield         | OpenFOAM: The Open Source CFD Toolbox
   \\    /   O peration     | Website:  https://openfoam.org
    \\  /    A nd           | Version:  10
     \\/     M anipulation  |
\*---------------------------------------------------------------------------*/
FoamFile
{
    format      ascii;
    class       volScalarField;
    location    "2.64e-05";
    object      nut;
}
// * * * * * * * * * * * * * * * * * * * * * * * * * * * * * * * * * * * * * //

dimensions      [0 2 -1 0 0 0 0];

internalField   nonuniform List<scalar> 
7600
(
0.000396515
0.000659017
0.000741503
0.0012628
0.00167462
0.00222848
0.0029081
0.00373343
0.00621499
0.00505256
0.000407859
0.000630113
0.000755535
0.00125576
0.00167255
0.00221564
0.00284855
0.00343797
0.00485686
0.00438816
0.00042039
0.000605352
0.000771194
0.00124883
0.00166922
0.00220231
0.0028102
0.00336024
0.00463087
0.00449582
0.000432973
0.000583709
0.000786827
0.00124158
0.00166539
0.00219125
0.00278653
0.00333855
0.00454709
0.00468347
0.000445479
0.000564962
0.000802386
0.00123484
0.00166244
0.00218415
0.00277463
0.00334271
0.00448037
0.00474914
0.000457413
0.000548866
0.000817428
0.00122888
0.0016606
0.00218042
0.00277038
0.00335904
0.0044254
0.00479813
0.000468223
0.000535176
0.000831497
0.00122379
0.00165969
0.00217894
0.00277
0.00337826
0.00437325
0.00481772
0.000477321
0.000523657
0.000844088
0.00121959
0.00165945
0.00217874
0.00277114
0.00339609
0.0043246
0.00482111
0.000484199
0.000514181
0.000854663
0.00121627
0.00165963
0.00217911
0.00277249
0.00341053
0.00428125
0.00481573
0.000487941
0.000505896
0.000862566
0.00121406
0.00166031
0.0021799
0.00277368
0.00342098
0.00424503
0.0048071
0.000335911
0.000945176
0.000653869
0.00129474
0.00165437
0.00219021
0.00277667
0.00343223
0.00408496
0.00503498
0.000337615
0.000939261
0.000656325
0.00129503
0.00165593
0.00219222
0.00277982
0.00344148
0.00408007
0.00502655
0.000339859
0.000917857
0.000659346
0.00129267
0.00165606
0.0021932
0.0027831
0.0034571
0.00406886
0.00501076
0.000343526
0.000890802
0.000664497
0.00129069
0.00165731
0.00219517
0.0027874
0.00347831
0.00405072
0.00498932
0.000348298
0.000858176
0.000671154
0.00128781
0.00165829
0.00219608
0.00278937
0.00349909
0.0040206
0.00496134
0.000354285
0.000822835
0.000679383
0.00128425
0.00165892
0.00219518
0.0027862
0.00351078
0.00396788
0.00491803
0.000361533
0.000786815
0.000689118
0.00128012
0.00165924
0.00219218
0.00277555
0.00350223
0.00387489
0.00485247
0.00037014
0.000751882
0.000700379
0.00127582
0.00165998
0.00218859
0.00275833
0.003462
0.00369104
0.00465805
0.000379996
0.000718327
0.000712694
0.00127108
0.00166184
0.00218816
0.00274381
0.00337377
0.00338145
0.00414292
0.000391231
0.000688967
0.000726733
0.00126709
0.00166752
0.00220358
0.00278778
0.00348165
0.00332366
0.00438581
0.00689543
0.00952529
0.0122389
0.0142667
0.0158637
0.0170556
0.0179452
0.0185801
0.0190683
0.0194411
0.0197202
0.0199293
0.020079
0.0201984
0.0203041
0.0203885
0.0204568
0.020512
0.0205581
0.0205961
0.0206273
0.0206536
0.0206762
0.020695
0.0207106
0.0207237
0.0207346
0.0207439
0.0207516
0.0207582
0.0207637
0.0207684
0.0207724
0.0207757
0.0207785
0.0207808
0.0207828
0.0207845
0.0207859
0.0207871
0.0207881
0.0207889
0.0207897
0.0207903
0.0207908
0.0207912
0.0207915
0.0207918
0.0207921
0.0207923
0.0207925
0.0207926
0.0207928
0.0207929
0.020793
0.020793
0.0207931
0.0207931
0.0207932
0.0207932
0.0207933
0.0207933
0.0207933
0.0207933
0.0207933
0.0207934
0.0207934
0.0207934
0.0207934
0.0207934
0.0207934
0.0207934
0.0207934
0.0207934
0.0207934
0.0207934
0.0207934
0.0207934
0.0207934
0.0207934
0.00691929
0.0094842
0.012217
0.0142357
0.015832
0.017025
0.017919
0.0185712
0.0190589
0.0194337
0.0197154
0.0199274
0.0200899
0.0202007
0.0203038
0.0203878
0.020456
0.0205111
0.0205573
0.0205954
0.0206267
0.020653
0.0206757
0.0206946
0.0207103
0.0207234
0.0207344
0.0207437
0.0207515
0.0207581
0.0207636
0.0207683
0.0207723
0.0207756
0.0207784
0.0207808
0.0207828
0.0207845
0.0207859
0.0207871
0.0207881
0.0207889
0.0207896
0.0207902
0.0207908
0.0207912
0.0207915
0.0207918
0.0207921
0.0207923
0.0207925
0.0207926
0.0207928
0.0207929
0.020793
0.020793
0.0207931
0.0207931
0.0207932
0.0207932
0.0207933
0.0207933
0.0207933
0.0207933
0.0207933
0.0207934
0.0207934
0.0207934
0.0207934
0.0207934
0.0207934
0.0207934
0.0207934
0.0207934
0.0207934
0.0207934
0.0207934
0.0207934
0.0207934
0.0207934
0.00697206
0.00940812
0.0121745
0.0141769
0.0157717
0.0169665
0.0178672
0.0185544
0.0190411
0.0194188
0.0197048
0.0199221
0.0200958
0.0202102
0.0203044
0.0203872
0.0204547
0.0205094
0.0205558
0.0205941
0.0206254
0.0206519
0.0206747
0.0206938
0.0207096
0.0207229
0.0207339
0.0207433
0.0207512
0.0207578
0.0207634
0.0207682
0.0207721
0.0207755
0.0207783
0.0207807
0.0207827
0.0207844
0.0207859
0.0207871
0.0207881
0.0207889
0.0207896
0.0207902
0.0207907
0.0207912
0.0207915
0.0207918
0.0207921
0.0207923
0.0207925
0.0207926
0.0207928
0.0207929
0.0207929
0.020793
0.0207931
0.0207931
0.0207932
0.0207932
0.0207933
0.0207933
0.0207933
0.0207933
0.0207933
0.0207934
0.0207934
0.0207934
0.0207934
0.0207934
0.0207934
0.0207934
0.0207934
0.0207934
0.0207934
0.0207934
0.0207934
0.0207934
0.0207934
0.0207934
0.00706242
0.00930829
0.0121137
0.014096
0.0156879
0.0168845
0.0177905
0.0185127
0.0190159
0.0193959
0.0196869
0.0199118
0.0200868
0.0202361
0.0203109
0.0203886
0.0204542
0.0205077
0.0205538
0.0205923
0.0206236
0.0206502
0.0206733
0.0206927
0.0207087
0.020722
0.0207333
0.0207427
0.0207507
0.0207574
0.0207631
0.0207679
0.0207719
0.0207753
0.0207782
0.0207806
0.0207826
0.0207843
0.0207858
0.020787
0.020788
0.0207889
0.0207896
0.0207902
0.0207907
0.0207912
0.0207915
0.0207918
0.0207921
0.0207923
0.0207925
0.0207926
0.0207928
0.0207929
0.0207929
0.020793
0.0207931
0.0207931
0.0207932
0.0207932
0.0207933
0.0207933
0.0207933
0.0207933
0.0207933
0.0207934
0.0207934
0.0207934
0.0207934
0.0207934
0.0207934
0.0207934
0.0207934
0.0207934
0.0207934
0.0207934
0.0207934
0.0207934
0.0207934
0.0207934
0.00720063
0.00920012
0.012037
0.0139999
0.0155868
0.0167837
0.0176934
0.0184166
0.0189851
0.0193644
0.0196621
0.0198954
0.0200722
0.0202429
0.0203479
0.0203998
0.0204574
0.0205076
0.0205525
0.0205906
0.0206216
0.0206481
0.0206716
0.0206913
0.0207074
0.020721
0.0207323
0.020742
0.0207501
0.0207569
0.0207627
0.0207675
0.0207716
0.0207751
0.020778
0.0207804
0.0207825
0.0207842
0.0207857
0.0207869
0.020788
0.0207888
0.0207896
0.0207902
0.0207907
0.0207911
0.0207915
0.0207918
0.0207921
0.0207923
0.0207925
0.0207926
0.0207927
0.0207929
0.0207929
0.020793
0.0207931
0.0207931
0.0207932
0.0207932
0.0207933
0.0207933
0.0207933
0.0207933
0.0207933
0.0207934
0.0207934
0.0207934
0.0207934
0.0207934
0.0207934
0.0207934
0.0207934
0.0207934
0.0207934
0.0207934
0.0207934
0.0207934
0.0207934
0.0207934
0.00739358
0.009105
0.0119482
0.0138977
0.0154767
0.0166723
0.0175892
0.0182858
0.0188983
0.0193305
0.0196302
0.0198697
0.0200547
0.0202074
0.020365
0.0204412
0.0204811
0.0205145
0.0205544
0.0205906
0.0206204
0.0206464
0.02067
0.0206898
0.0207061
0.0207197
0.0207313
0.020741
0.0207493
0.0207563
0.0207621
0.0207671
0.0207713
0.0207748
0.0207778
0.0207803
0.0207824
0.0207841
0.0207856
0.0207869
0.0207879
0.0207888
0.0207895
0.0207901
0.0207907
0.0207911
0.0207915
0.0207918
0.0207921
0.0207923
0.0207925
0.0207926
0.0207927
0.0207929
0.0207929
0.020793
0.0207931
0.0207931
0.0207932
0.0207932
0.0207933
0.0207933
0.0207933
0.0207933
0.0207933
0.0207934
0.0207934
0.0207934
0.0207934
0.0207934
0.0207934
0.0207934
0.0207934
0.0207934
0.0207934
0.0207934
0.0207934
0.0207934
0.0207934
0.0207934
0.00762577
0.00903918
0.0118418
0.0137833
0.0153485
0.0165429
0.0174683
0.0181585
0.0187268
0.0192258
0.0195888
0.0198374
0.0200253
0.0201674
0.0203111
0.0204531
0.0205189
0.020564
0.0205789
0.0205999
0.0206223
0.0206451
0.0206686
0.0206884
0.0207047
0.0207184
0.0207301
0.02074
0.0207484
0.0207555
0.0207615
0.0207666
0.0207708
0.0207744
0.0207775
0.02078
0.0207822
0.020784
0.0207855
0.0207867
0.0207878
0.0207887
0.0207895
0.0207901
0.0207906
0.0207911
0.0207915
0.0207918
0.020792
0.0207923
0.0207924
0.0207926
0.0207927
0.0207928
0.0207929
0.020793
0.0207931
0.0207931
0.0207932
0.0207932
0.0207933
0.0207933
0.0207933
0.0207933
0.0207933
0.0207934
0.0207934
0.0207934
0.0207934
0.0207934
0.0207934
0.0207934
0.0207934
0.0207934
0.0207934
0.0207934
0.0207934
0.0207934
0.0207934
0.0207934
0.00780278
0.00905124
0.0117247
0.0137392
0.0153138
0.0165081
0.0174365
0.0181308
0.018642
0.0190923
0.0194974
0.0197861
0.0200153
0.0201737
0.0202855
0.0204123
0.0205257
0.020601
0.0206335
0.0206535
0.0206689
0.0206803
0.0206867
0.0206981
0.0207097
0.0207209
0.0207312
0.0207404
0.0207484
0.0207554
0.0207613
0.0207663
0.0207706
0.0207742
0.0207773
0.0207799
0.020782
0.0207839
0.0207854
0.0207867
0.0207878
0.0207887
0.0207895
0.0207901
0.0207906
0.0207911
0.0207915
0.0207918
0.020792
0.0207923
0.0207925
0.0207926
0.0207927
0.0207929
0.0207929
0.020793
0.0207931
0.0207931
0.0207932
0.0207932
0.0207933
0.0207933
0.0207933
0.0207933
0.0207933
0.0207934
0.0207934
0.0207934
0.0207934
0.0207934
0.0207934
0.0207934
0.0207934
0.0207934
0.0207934
0.0207934
0.0207934
0.0207934
0.0207934
0.0207934
0.00820089
0.00937412
0.0116825
0.0134627
0.0149251
0.0160793
0.0170116
0.0177366
0.0182787
0.0186998
0.0190682
0.0194106
0.019695
0.01991
0.0200696
0.0201944
0.0203271
0.0204315
0.0205334
0.020601
0.0206456
0.0206736
0.020685
0.0206978
0.0207098
0.0207212
0.0207315
0.0207407
0.0207486
0.0207554
0.0207612
0.0207662
0.0207704
0.020774
0.020777
0.0207796
0.0207817
0.0207836
0.0207851
0.0207864
0.0207875
0.0207884
0.0207892
0.0207899
0.0207904
0.0207909
0.0207913
0.0207916
0.0207919
0.0207922
0.0207924
0.0207925
0.0207927
0.0207928
0.0207929
0.020793
0.020793
0.0207931
0.0207931
0.0207932
0.0207932
0.0207933
0.0207933
0.0207933
0.0207933
0.0207933
0.0207934
0.0207934
0.0207934
0.0207934
0.0207934
0.0207934
0.0207934
0.0207934
0.0207934
0.0207934
0.0207934
0.0207934
0.0207934
0.0207934
0.00661966
0.00889031
0.0106813
0.0129326
0.0146825
0.0160985
0.0172313
0.0180859
0.0187104
0.0191668
0.0194938
0.0197506
0.0199632
0.0201331
0.020258
0.0203536
0.0204318
0.0204963
0.0205639
0.020616
0.0206563
0.0206892
0.0207093
0.0207168
0.0207261
0.020735
0.0207434
0.0207509
0.0207576
0.0207633
0.0207681
0.0207722
0.0207757
0.0207785
0.020781
0.020783
0.0207846
0.020786
0.0207872
0.0207882
0.020789
0.0207897
0.0207903
0.0207907
0.0207911
0.0207915
0.0207918
0.020792
0.0207922
0.0207924
0.0207926
0.0207927
0.0207928
0.0207929
0.020793
0.0207931
0.0207931
0.0207932
0.0207932
0.0207932
0.0207933
0.0207933
0.0207933
0.0207933
0.0207933
0.0207934
0.0207934
0.0207934
0.0207934
0.0207934
0.0207934
0.0207934
0.0207934
0.0207934
0.0207934
0.0207934
0.0207934
0.0207934
0.0207934
0.0207934
0.00647993
0.00924548
0.0115958
0.0138362
0.0155357
0.0169135
0.0179266
0.0186526
0.0191686
0.0195414
0.0198141
0.0200162
0.0201648
0.0202784
0.0203717
0.0204468
0.0205084
0.0205587
0.0205973
0.0206307
0.0206583
0.0206818
0.020705
0.0207227
0.0207356
0.0207455
0.0207533
0.0207597
0.0207649
0.0207693
0.020773
0.0207761
0.0207787
0.0207809
0.0207828
0.0207844
0.0207858
0.0207869
0.0207879
0.0207887
0.0207894
0.02079
0.0207905
0.020791
0.0207913
0.0207916
0.0207919
0.0207921
0.0207923
0.0207925
0.0207926
0.0207928
0.0207929
0.020793
0.020793
0.0207931
0.0207931
0.0207932
0.0207932
0.0207933
0.0207933
0.0207933
0.0207933
0.0207933
0.0207933
0.0207934
0.0207934
0.0207934
0.0207934
0.0207934
0.0207934
0.0207934
0.0207934
0.0207934
0.0207934
0.0207934
0.0207934
0.0207934
0.0207934
0.0207934
0.0118135
0.011445
0.0137014
0.0150799
0.0161652
0.0170421
0.017748
0.0183158
0.0187705
0.0191363
0.0194323
0.0196735
0.0198717
0.0200322
0.0201626
0.02027
0.0203594
0.0204336
0.0204948
0.0205463
0.0205888
0.0206231
0.0206509
0.0206747
0.0206946
0.020711
0.0207245
0.0207358
0.0207452
0.020753
0.0207595
0.020765
0.0207696
0.0207734
0.0207766
0.0207793
0.0207816
0.0207835
0.0207851
0.0207864
0.0207876
0.0207885
0.0207893
0.02079
0.0207905
0.020791
0.0207914
0.0207917
0.020792
0.0207922
0.0207924
0.0207926
0.0207927
0.0207928
0.0207929
0.020793
0.0207931
0.0207931
0.0207932
0.0207932
0.0207932
0.0207933
0.0207933
0.0207933
0.0207933
0.0207934
0.0207934
0.0207934
0.0207934
0.0207934
0.0207934
0.0207934
0.0207934
0.0207934
0.0207934
0.0207934
0.0207934
0.0207934
0.0207934
0.0207934
0.0122425
0.0122097
0.0142101
0.0154235
0.0164905
0.0173541
0.0180436
0.0185884
0.0190173
0.019356
0.0196248
0.0198397
0.0200123
0.020151
0.0202633
0.0203551
0.0204306
0.0204927
0.0205439
0.0205864
0.0206214
0.02065
0.0206737
0.0206936
0.02071
0.0207236
0.0207349
0.0207443
0.0207522
0.0207587
0.0207642
0.0207688
0.0207727
0.020776
0.0207787
0.0207811
0.020783
0.0207846
0.020786
0.0207872
0.0207882
0.020789
0.0207897
0.0207903
0.0207908
0.0207912
0.0207915
0.0207918
0.0207921
0.0207923
0.0207925
0.0207926
0.0207928
0.0207929
0.020793
0.020793
0.0207931
0.0207931
0.0207932
0.0207932
0.0207933
0.0207933
0.0207933
0.0207933
0.0207933
0.0207934
0.0207934
0.0207934
0.0207934
0.0207934
0.0207934
0.0207934
0.0207934
0.0207934
0.0207934
0.0207934
0.0207934
0.0207934
0.0207934
0.0207934
0.013431
0.0135864
0.0152366
0.01618
0.0170353
0.0177324
0.0183006
0.0187601
0.0191308
0.0194301
0.0196725
0.0198696
0.0200303
0.0201615
0.0202691
0.0203578
0.0204312
0.0204921
0.0205425
0.0205845
0.0206193
0.020648
0.0206719
0.0206919
0.0207085
0.0207223
0.0207338
0.0207433
0.0207513
0.0207581
0.0207637
0.0207684
0.0207724
0.0207757
0.0207785
0.0207809
0.0207828
0.0207845
0.0207859
0.0207871
0.0207881
0.0207889
0.0207896
0.0207902
0.0207907
0.0207912
0.0207915
0.0207918
0.0207921
0.0207923
0.0207925
0.0207926
0.0207927
0.0207929
0.0207929
0.020793
0.0207931
0.0207931
0.0207932
0.0207932
0.0207933
0.0207933
0.0207933
0.0207933
0.0207933
0.0207934
0.0207934
0.0207934
0.0207934
0.0207934
0.0207934
0.0207934
0.0207934
0.0207934
0.0207934
0.0207934
0.0207934
0.0207934
0.0207934
0.0207934
0.014484
0.0147073
0.0160028
0.0167508
0.0174501
0.0180304
0.018513
0.0189111
0.0192381
0.0195066
0.0197272
0.0199088
0.0200584
0.0201818
0.0202839
0.0203686
0.0204391
0.0204978
0.0205466
0.0205874
0.0206213
0.0206495
0.020673
0.0206926
0.0207089
0.0207226
0.020734
0.0207435
0.0207515
0.0207581
0.0207637
0.0207684
0.0207724
0.0207757
0.0207785
0.0207809
0.0207829
0.0207845
0.0207859
0.0207871
0.0207881
0.0207889
0.0207897
0.0207903
0.0207908
0.0207912
0.0207915
0.0207918
0.0207921
0.0207923
0.0207925
0.0207926
0.0207928
0.0207929
0.0207929
0.020793
0.0207931
0.0207931
0.0207932
0.0207932
0.0207933
0.0207933
0.0207933
0.0207933
0.0207933
0.0207934
0.0207934
0.0207934
0.0207934
0.0207934
0.0207934
0.0207934
0.0207934
0.0207934
0.0207934
0.0207934
0.0207934
0.0207934
0.0207934
0.0207934
0.0154624
0.0157003
0.0166915
0.017277
0.0178383
0.0183139
0.0187182
0.0190586
0.0193439
0.0195824
0.0197815
0.0199476
0.0200861
0.0202017
0.0202983
0.020379
0.0204465
0.020503
0.0205503
0.0205899
0.020623
0.0206507
0.0206738
0.0206931
0.0207093
0.0207228
0.0207341
0.0207436
0.0207515
0.0207582
0.0207638
0.0207685
0.0207724
0.0207757
0.0207785
0.0207809
0.0207829
0.0207845
0.0207859
0.0207871
0.0207881
0.020789
0.0207897
0.0207903
0.0207908
0.0207912
0.0207915
0.0207918
0.0207921
0.0207923
0.0207925
0.0207926
0.0207928
0.0207929
0.0207929
0.020793
0.0207931
0.0207931
0.0207932
0.0207932
0.0207933
0.0207933
0.0207933
0.0207933
0.0207933
0.0207934
0.0207934
0.0207934
0.0207934
0.0207934
0.0207934
0.0207934
0.0207934
0.0207934
0.0207934
0.0207934
0.0207934
0.0207934
0.0207934
0.0207934
0.0163212
0.0165381
0.0172811
0.017735
0.0181811
0.0185684
0.0189054
0.0191954
0.0194434
0.0196545
0.0198336
0.0199852
0.0201133
0.0202214
0.0203125
0.0203892
0.0204539
0.0205083
0.0205541
0.0205925
0.0206248
0.0206519
0.0206746
0.0206937
0.0207097
0.0207231
0.0207343
0.0207437
0.0207516
0.0207582
0.0207638
0.0207685
0.0207724
0.0207758
0.0207785
0.0207809
0.0207829
0.0207845
0.0207859
0.0207871
0.0207881
0.020789
0.0207897
0.0207903
0.0207908
0.0207912
0.0207915
0.0207918
0.0207921
0.0207923
0.0207925
0.0207926
0.0207928
0.0207929
0.0207929
0.020793
0.0207931
0.0207931
0.0207932
0.0207932
0.0207933
0.0207933
0.0207933
0.0207933
0.0207933
0.0207934
0.0207934
0.0207934
0.0207934
0.0207934
0.0207934
0.0207934
0.0207934
0.0207934
0.0207934
0.0207934
0.0207934
0.0207934
0.0207934
0.0207934
0.0170541
0.0172365
0.017784
0.0181318
0.0184828
0.0187959
0.0190752
0.0193212
0.019536
0.0197224
0.0198832
0.0200214
0.0201396
0.0202404
0.0203263
0.0203992
0.0204611
0.0205135
0.0205578
0.0205952
0.0206267
0.0206532
0.0206755
0.0206943
0.0207101
0.0207233
0.0207345
0.0207438
0.0207517
0.0207583
0.0207638
0.0207685
0.0207725
0.0207758
0.0207786
0.0207809
0.0207829
0.0207845
0.0207859
0.0207871
0.0207881
0.020789
0.0207897
0.0207903
0.0207908
0.0207912
0.0207915
0.0207918
0.0207921
0.0207923
0.0207925
0.0207926
0.0207928
0.0207929
0.0207929
0.020793
0.0207931
0.0207931
0.0207932
0.0207932
0.0207933
0.0207933
0.0207933
0.0207933
0.0207933
0.0207934
0.0207934
0.0207934
0.0207934
0.0207934
0.0207934
0.0207934
0.0207934
0.0207934
0.0207934
0.0207934
0.0207934
0.0207934
0.0207934
0.0207934
0.0176682
0.0178131
0.0182096
0.0184724
0.0187457
0.018997
0.0192274
0.0194353
0.0196211
0.0197854
0.0199296
0.0200554
0.0201645
0.0202587
0.0203396
0.0204089
0.0204681
0.0205185
0.0205614
0.0205977
0.0206285
0.0206545
0.0206764
0.0206949
0.0207105
0.0207236
0.0207347
0.020744
0.0207518
0.0207584
0.0207639
0.0207686
0.0207725
0.0207758
0.0207786
0.0207809
0.0207829
0.0207845
0.0207859
0.0207871
0.0207881
0.020789
0.0207897
0.0207903
0.0207908
0.0207912
0.0207915
0.0207918
0.0207921
0.0207923
0.0207925
0.0207926
0.0207928
0.0207929
0.0207929
0.020793
0.0207931
0.0207931
0.0207932
0.0207932
0.0207933
0.0207933
0.0207933
0.0207933
0.0207933
0.0207934
0.0207934
0.0207934
0.0207934
0.0207934
0.0207934
0.0207934
0.0207934
0.0207934
0.0207934
0.0207934
0.0207934
0.0207934
0.0207934
0.0207934
0.0181781
0.018287
0.0185681
0.018763
0.0189732
0.0191733
0.0193624
0.0195378
0.0196982
0.0198431
0.0199725
0.0200872
0.0201879
0.0202758
0.0203521
0.020418
0.0204747
0.0205233
0.0205648
0.0206002
0.0206302
0.0206557
0.0206773
0.0206955
0.0207109
0.0207239
0.0207349
0.0207441
0.0207519
0.0207584
0.0207639
0.0207686
0.0207725
0.0207758
0.0207786
0.0207809
0.0207829
0.0207845
0.0207859
0.0207871
0.0207881
0.020789
0.0207897
0.0207903
0.0207908
0.0207912
0.0207915
0.0207918
0.0207921
0.0207923
0.0207925
0.0207926
0.0207928
0.0207929
0.0207929
0.020793
0.0207931
0.0207931
0.0207932
0.0207932
0.0207933
0.0207933
0.0207933
0.0207933
0.0207933
0.0207934
0.0207934
0.0207934
0.0207934
0.0207934
0.0207934
0.0207934
0.0207934
0.0207934
0.0207934
0.0207934
0.0207934
0.0207934
0.0207934
0.0207934
0.0186
0.0186761
0.018869
0.0190098
0.0191688
0.0193266
0.0194811
0.0196288
0.0197674
0.0198952
0.0200116
0.0201163
0.0202095
0.0202918
0.0203638
0.0204266
0.020481
0.0205279
0.0205681
0.0206025
0.0206319
0.0206569
0.0206781
0.0206961
0.0207113
0.0207242
0.0207351
0.0207442
0.020752
0.0207585
0.020764
0.0207686
0.0207725
0.0207758
0.0207786
0.0207809
0.0207829
0.0207846
0.020786
0.0207871
0.0207881
0.020789
0.0207897
0.0207903
0.0207908
0.0207912
0.0207915
0.0207918
0.0207921
0.0207923
0.0207925
0.0207926
0.0207928
0.0207929
0.0207929
0.020793
0.0207931
0.0207931
0.0207932
0.0207932
0.0207933
0.0207933
0.0207933
0.0207933
0.0207933
0.0207934
0.0207934
0.0207934
0.0207934
0.0207934
0.0207934
0.0207934
0.0207934
0.0207934
0.0207934
0.0207934
0.0207934
0.0207934
0.0207934
0.0207934
0.0189492
0.0189956
0.019121
0.0192183
0.0193359
0.019459
0.0195846
0.0197089
0.0198287
0.0199419
0.0200468
0.0201427
0.0202291
0.0203063
0.0203746
0.0204345
0.0204868
0.0205321
0.0205712
0.0206047
0.0206335
0.020658
0.0206789
0.0206967
0.0207117
0.0207245
0.0207352
0.0207444
0.020752
0.0207585
0.020764
0.0207686
0.0207725
0.0207758
0.0207786
0.0207809
0.0207829
0.0207846
0.020786
0.0207871
0.0207881
0.020789
0.0207897
0.0207903
0.0207908
0.0207912
0.0207915
0.0207918
0.0207921
0.0207923
0.0207925
0.0207926
0.0207928
0.0207929
0.0207929
0.020793
0.0207931
0.0207931
0.0207932
0.0207932
0.0207933
0.0207933
0.0207933
0.0207933
0.0207933
0.0207934
0.0207934
0.0207934
0.0207934
0.0207934
0.0207934
0.0207934
0.0207934
0.0207934
0.0207934
0.0207934
0.0207934
0.0207934
0.0207934
0.0207934
0.0192387
0.0192582
0.0193314
0.0193936
0.0194776
0.0195721
0.0196738
0.0197784
0.0198824
0.0199829
0.020078
0.0201662
0.0202468
0.0203195
0.0203843
0.0204417
0.020492
0.0205359
0.0205739
0.0206067
0.0206349
0.0206591
0.0206796
0.0206972
0.0207121
0.0207247
0.0207354
0.0207445
0.0207521
0.0207586
0.0207641
0.0207687
0.0207726
0.0207758
0.0207786
0.0207809
0.0207829
0.0207846
0.020786
0.0207871
0.0207881
0.020789
0.0207897
0.0207903
0.0207908
0.0207912
0.0207915
0.0207918
0.0207921
0.0207923
0.0207925
0.0207926
0.0207928
0.0207929
0.0207929
0.020793
0.0207931
0.0207931
0.0207932
0.0207932
0.0207933
0.0207933
0.0207933
0.0207933
0.0207933
0.0207934
0.0207934
0.0207934
0.0207934
0.0207934
0.0207934
0.0207934
0.0207934
0.0207934
0.0207934
0.0207934
0.0207934
0.0207934
0.0207934
0.0207934
0.019479
0.0194741
0.0195062
0.0195399
0.0195965
0.0196677
0.0197497
0.019838
0.0199287
0.0200185
0.0201052
0.0201868
0.0202623
0.0203311
0.020393
0.0204481
0.0204967
0.0205394
0.0205764
0.0206086
0.0206362
0.02066
0.0206803
0.0206977
0.0207124
0.0207249
0.0207356
0.0207446
0.0207522
0.0207587
0.0207641
0.0207687
0.0207726
0.0207759
0.0207786
0.0207809
0.0207829
0.0207846
0.020786
0.0207871
0.0207881
0.020789
0.0207897
0.0207903
0.0207908
0.0207912
0.0207915
0.0207918
0.0207921
0.0207923
0.0207925
0.0207926
0.0207928
0.0207929
0.0207929
0.020793
0.0207931
0.0207931
0.0207932
0.0207932
0.0207933
0.0207933
0.0207933
0.0207933
0.0207933
0.0207934
0.0207934
0.0207934
0.0207934
0.0207934
0.0207934
0.0207934
0.0207934
0.0207934
0.0207934
0.0207934
0.0207934
0.0207934
0.0207934
0.0207934
0.0196783
0.0196509
0.0196501
0.0196605
0.019695
0.0197473
0.0198131
0.019888
0.0199678
0.0200488
0.0201283
0.0202044
0.0202756
0.0203411
0.0204004
0.0204536
0.0205008
0.0205424
0.0205786
0.0206102
0.0206374
0.0206608
0.0206809
0.0206981
0.0207127
0.0207252
0.0207357
0.0207447
0.0207523
0.0207587
0.0207641
0.0207687
0.0207726
0.0207759
0.0207786
0.020781
0.0207829
0.0207846
0.020786
0.0207871
0.0207881
0.020789
0.0207897
0.0207903
0.0207908
0.0207912
0.0207915
0.0207918
0.0207921
0.0207923
0.0207925
0.0207926
0.0207928
0.0207929
0.0207929
0.020793
0.0207931
0.0207931
0.0207932
0.0207932
0.0207933
0.0207933
0.0207933
0.0207933
0.0207933
0.0207934
0.0207934
0.0207934
0.0207934
0.0207934
0.0207934
0.0207934
0.0207934
0.0207934
0.0207934
0.0207934
0.0207934
0.0207934
0.0207934
0.0207934
0.0198423
0.0197943
0.0197667
0.019758
0.0197748
0.0198119
0.0198649
0.0199291
0.0199999
0.0200738
0.0201476
0.0202191
0.0202867
0.0203494
0.0204067
0.0204583
0.0205043
0.0205449
0.0205805
0.0206115
0.0206384
0.0206615
0.0206814
0.0206984
0.020713
0.0207253
0.0207359
0.0207448
0.0207524
0.0207588
0.0207642
0.0207688
0.0207726
0.0207759
0.0207786
0.020781
0.0207829
0.0207846
0.020786
0.0207871
0.0207881
0.020789
0.0207897
0.0207903
0.0207908
0.0207912
0.0207915
0.0207918
0.0207921
0.0207923
0.0207925
0.0207926
0.0207928
0.0207929
0.0207929
0.020793
0.0207931
0.0207931
0.0207932
0.0207932
0.0207933
0.0207933
0.0207933
0.0207933
0.0207933
0.0207934
0.0207934
0.0207934
0.0207934
0.0207934
0.0207934
0.0207934
0.0207934
0.0207934
0.0207934
0.0207934
0.0207934
0.0207934
0.0207934
0.0207934
0.0199746
0.0199076
0.0198584
0.0198344
0.0198373
0.0198626
0.0199056
0.0199614
0.0200254
0.0200936
0.0201629
0.0202308
0.0202956
0.0203562
0.0204117
0.020462
0.0205071
0.0205469
0.020582
0.0206126
0.0206392
0.0206621
0.0206818
0.0206987
0.0207132
0.0207255
0.020736
0.0207449
0.0207524
0.0207588
0.0207642
0.0207688
0.0207726
0.0207759
0.0207786
0.020781
0.0207829
0.0207846
0.020786
0.0207871
0.0207881
0.020789
0.0207897
0.0207903
0.0207908
0.0207912
0.0207915
0.0207918
0.0207921
0.0207923
0.0207925
0.0207926
0.0207928
0.0207929
0.0207929
0.020793
0.0207931
0.0207931
0.0207932
0.0207932
0.0207933
0.0207933
0.0207933
0.0207933
0.0207933
0.0207934
0.0207934
0.0207934
0.0207934
0.0207934
0.0207934
0.0207934
0.0207934
0.0207934
0.0207934
0.0207934
0.0207934
0.0207934
0.0207934
0.0207934
0.0200764
0.0199929
0.0199266
0.0198909
0.0198835
0.0199001
0.0199358
0.0199854
0.0200443
0.0201084
0.0201744
0.0202396
0.0203023
0.0203612
0.0204155
0.0204649
0.0205092
0.0205485
0.0205831
0.0206134
0.0206398
0.0206625
0.0206821
0.020699
0.0207133
0.0207256
0.020736
0.0207449
0.0207524
0.0207588
0.0207642
0.0207688
0.0207726
0.0207759
0.0207786
0.020781
0.0207829
0.0207846
0.020786
0.0207871
0.0207881
0.020789
0.0207897
0.0207903
0.0207908
0.0207912
0.0207915
0.0207918
0.0207921
0.0207923
0.0207925
0.0207926
0.0207928
0.0207929
0.0207929
0.020793
0.0207931
0.0207931
0.0207932
0.0207932
0.0207933
0.0207933
0.0207933
0.0207933
0.0207933
0.0207934
0.0207934
0.0207934
0.0207934
0.0207934
0.0207934
0.0207934
0.0207934
0.0207934
0.0207934
0.0207934
0.0207934
0.0207934
0.0207934
0.0207934
0.0201485
0.0200508
0.0199721
0.0199283
0.019914
0.0199249
0.0199557
0.0200013
0.0200569
0.0201182
0.020182
0.0202455
0.0203068
0.0203646
0.0204181
0.0204668
0.0205106
0.0205495
0.0205839
0.020614
0.0206402
0.0206628
0.0206823
0.0206991
0.0207134
0.0207257
0.0207361
0.020745
0.0207525
0.0207588
0.0207642
0.0207688
0.0207726
0.0207759
0.0207787
0.020781
0.0207829
0.0207846
0.020786
0.0207871
0.0207881
0.020789
0.0207897
0.0207903
0.0207908
0.0207912
0.0207915
0.0207918
0.0207921
0.0207923
0.0207925
0.0207926
0.0207928
0.0207929
0.0207929
0.020793
0.0207931
0.0207931
0.0207932
0.0207932
0.0207933
0.0207933
0.0207933
0.0207933
0.0207933
0.0207934
0.0207934
0.0207934
0.0207934
0.0207934
0.0207934
0.0207934
0.0207934
0.0207934
0.0207934
0.0207934
0.0207934
0.0207934
0.0207934
0.0207934
0.0201837
0.0200796
0.0199948
0.0199469
0.0199291
0.0199371
0.0199656
0.0200092
0.0200631
0.0201231
0.0201858
0.0202484
0.020309
0.0203663
0.0204194
0.0204677
0.0205113
0.0205501
0.0205843
0.0206143
0.0206404
0.020663
0.0206825
0.0206992
0.0207135
0.0207257
0.0207361
0.020745
0.0207525
0.0207589
0.0207642
0.0207688
0.0207727
0.0207759
0.0207787
0.020781
0.0207829
0.0207846
0.020786
0.0207871
0.0207881
0.020789
0.0207897
0.0207903
0.0207908
0.0207912
0.0207915
0.0207918
0.0207921
0.0207923
0.0207925
0.0207926
0.0207928
0.0207929
0.0207929
0.020793
0.0207931
0.0207931
0.0207932
0.0207932
0.0207933
0.0207933
0.0207933
0.0207933
0.0207933
0.0207934
0.0207934
0.0207934
0.0207934
0.0207934
0.0207934
0.0207934
0.0207934
0.0207934
0.0207934
0.0207934
0.0207934
0.0207934
0.0207934
0.0207934
0.00655857
0.00649219
0.00640104
0.00628193
0.0061255
0.00594864
0.00560001
0.00527265
0.00420816
0.00410578
0.00855007
0.00856145
0.00857023
0.00858161
0.00860129
0.00865068
0.00865582
0.00922049
0.00712162
0.00780094
0.0109214
0.0108883
0.0108342
0.010758
0.0106587
0.0105475
0.0103602
0.010719
0.00871008
0.0096678
0.0126205
0.0126197
0.0126096
0.0125897
0.0125579
0.0125181
0.0123973
0.0127541
0.0106622
0.0114132
0.0141456
0.0141365
0.0141137
0.0140779
0.0140296
0.0139751
0.0138621
0.014125
0.0124163
0.0130589
0.0153543
0.0153497
0.0153331
0.0153044
0.0152631
0.0152128
0.0151144
0.0152854
0.0139213
0.0144534
0.0163351
0.0163314
0.0163169
0.0162916
0.0162555
0.0162112
0.0161313
0.0162423
0.015195
0.0156196
0.0171253
0.017123
0.0171111
0.01709
0.0170597
0.017022
0.016958
0.0170286
0.0162422
0.0165742
0.0177663
0.0177648
0.0177552
0.0177375
0.0177121
0.0176805
0.0176294
0.0176733
0.0170909
0.017346
0.0182899
0.0182891
0.018281
0.018266
0.0182444
0.0182175
0.0181762
0.0182022
0.0177739
0.0179668
0.0187216
0.018721
0.018714
0.0187008
0.0186819
0.0186583
0.0186239
0.0186374
0.0183228
0.0184662
0.0190812
0.0190807
0.0190742
0.0190619
0.0190445
0.0190229
0.018993
0.0189974
0.0187652
0.0188694
0.0193844
0.0193837
0.0193772
0.0193651
0.0193481
0.0193273
0.0192997
0.019297
0.0191238
0.0191969
0.0196437
0.0196425
0.0196354
0.0196227
0.0196051
0.0195838
0.0195569
0.0195479
0.0194164
0.0194647
0.0198688
0.019867
0.0198586
0.0198444
0.0198251
0.019802
0.0197742
0.0197592
0.0196567
0.0196848
0.0200682
0.0200652
0.0200548
0.0200378
0.0200154
0.019989
0.0199586
0.0199371
0.0198546
0.0198655
0.0202482
0.0202433
0.0202293
0.0202075
0.0201799
0.0201483
0.0201133
0.0200847
0.0200157
0.020012
0.0204173
0.0204092
0.020389
0.0203595
0.0203235
0.0202839
0.0202421
0.0202047
0.020144
0.0201271
0.0205683
0.0205502
0.0205143
0.0204685
0.0204188
0.0203687
0.0203204
0.0202778
0.0202276
0.0202075
0.0207339
0.0206955
0.020642
0.0205851
0.0205274
0.0204696
0.020412
0.0203559
0.0202955
0.0202552
0.00461139
0.00500302
0.00374207
0.00288637
0.00222633
0.00168109
0.00124054
0.00082264
0.000551642
0.000429047
0.00456186
0.00437124
0.00350854
0.00284092
0.0022155
0.00167816
0.00123488
0.000831553
0.000537742
0.000437858
0.0044976
0.00420923
0.00342643
0.00280606
0.00220382
0.00167512
0.00123075
0.000842413
0.000527657
0.000449357
0.00466151
0.00417998
0.00340142
0.00278496
0.00219354
0.00167088
0.00122581
0.000851638
0.000518766
0.000459809
0.00470489
0.00416946
0.00339877
0.00277449
0.00218681
0.00166748
0.00122153
0.000859819
0.000511744
0.000469757
0.00474544
0.00416847
0.00340637
0.00277078
0.00218301
0.00166498
0.00121801
0.00086638
0.000506452
0.000478524
0.00476709
0.00417222
0.00341584
0.00277051
0.00218118
0.00166327
0.00121535
0.000870925
0.000502842
0.000485564
0.00478005
0.00418052
0.0034233
0.00277156
0.00218043
0.00166209
0.00121356
0.000873039
0.000500827
0.00049042
0.00478923
0.00419469
0.00342703
0.0027728
0.00218021
0.00166131
0.00121272
0.000872409
0.000500395
0.000492279
0.0047979
0.00421603
0.00342634
0.00277359
0.00218006
0.00166066
0.00121269
0.000868435
0.000501059
0.00049278
0.00493024
0.00411883
0.00343819
0.00278404
0.00219455
0.00166584
0.00126079
0.000749671
0.000668744
0.000369323
0.00493434
0.00412204
0.00344634
0.00278813
0.00219756
0.00166848
0.00126261
0.00075283
0.000668841
0.00037157
0.00494299
0.0041257
0.0034577
0.00279067
0.00219753
0.00166757
0.00125992
0.000754768
0.000659369
0.000373464
0.00495789
0.00413044
0.0034734
0.00279496
0.00219925
0.00166862
0.00125872
0.000759448
0.000648916
0.000377244
0.00497616
0.00412989
0.00348675
0.00279675
0.00219964
0.0016691
0.00125664
0.000765259
0.000635738
0.000382029
0.00498333
0.0041106
0.00348936
0.00279335
0.00219817
0.00166919
0.0012541
0.000772385
0.000621225
0.00038801
0.00497584
0.00405004
0.00347147
0.00278249
0.00219457
0.00166888
0.00125116
0.000780661
0.00060618
0.000395194
0.00478854
0.00388624
0.00342325
0.00276508
0.00219058
0.00166909
0.00124836
0.000790179
0.000591607
0.000403689
0.00403938
0.00352134
0.00333672
0.00274923
0.00218939
0.00166974
0.00124459
0.000799656
0.000576879
0.00041309
0.00407445
0.00362829
0.00350047
0.00280254
0.002207
0.00167592
0.00124335
0.000811523
0.00056563
0.000423398
0.0202242
0.0202111
0.0201774
0.0201242
0.0200473
0.0199424
0.0198022
0.0196256
0.0194032
0.0191221
0.0187649
0.0183136
0.0177393
0.0170307
0.0161812
0.0149775
0.0133179
0.011288
0.00892975
0.00649667
0.0201969
0.0202129
0.0201791
0.0201258
0.020049
0.019944
0.0198036
0.0196261
0.019403
0.0191214
0.0187634
0.018312
0.017743
0.0170962
0.0161778
0.0149748
0.013254
0.0112526
0.00889294
0.00651936
0.0201468
0.0202165
0.0201824
0.020129
0.0200522
0.0199472
0.0198064
0.0196271
0.0194028
0.0191202
0.018761
0.0183098
0.0177585
0.0171809
0.0161639
0.0149059
0.0131392
0.0111917
0.0088301
0.00657143
0.0200802
0.0202217
0.0201873
0.0201337
0.020057
0.019952
0.0198106
0.0196284
0.0194025
0.0191189
0.0187595
0.0183119
0.0178288
0.0171659
0.0161335
0.0146768
0.0130024
0.0111215
0.00875939
0.00666464
0.0200033
0.0202286
0.0201937
0.0201398
0.0200632
0.0199583
0.0198167
0.0196299
0.0194023
0.0191195
0.0187643
0.0183476
0.0180107
0.0170829
0.0160223
0.0144042
0.0128855
0.0110597
0.00870207
0.00681352
0.019921
0.0202371
0.0202017
0.0201476
0.0200713
0.0199672
0.0198278
0.0196328
0.0194049
0.0191266
0.0188074
0.0185854
0.0180688
0.0169947
0.0156561
0.0142541
0.0128117
0.0110233
0.00868311
0.00703034
0.0198367
0.0202465
0.0202097
0.0201537
0.0200755
0.0199697
0.0198298
0.019617
0.0194005
0.0192108
0.019044
0.0187202
0.0176184
0.0165306
0.0152312
0.0141821
0.0127443
0.0109878
0.0086955
0.00730992
0.0197531
0.0202607
0.0202287
0.020181
0.0201165
0.0200352
0.019944
0.0198606
0.0196908
0.019431
0.0190979
0.018262
0.0172016
0.0162497
0.0154313
0.0144396
0.0129708
0.0111475
0.00902537
0.00766909
0.0196712
0.0202593
0.0202029
0.0201171
0.0200005
0.0198559
0.0196982
0.0195808
0.0192916
0.0187663
0.0180013
0.0170942
0.0163988
0.0155864
0.0147429
0.0135436
0.0121294
0.0105462
0.00872763
0.0075657
0.0195911
0.0202825
0.0202381
0.0201702
0.0200773
0.0199589
0.0198189
0.0196536
0.0194487
0.0191579
0.018721
0.0183007
0.0178567
0.0172037
0.016243
0.0149291
0.0132832
0.0112805
0.00946878
0.00631832
0.0194514
0.0203203
0.0202938
0.0202534
0.020198
0.0201251
0.0200258
0.0198834
0.0197461
0.0195884
0.0193515
0.0190196
0.0185444
0.0178787
0.0169276
0.015623
0.0138787
0.011744
0.00869204
0.0074976
0.0192307
0.020359
0.020311
0.0202393
0.020143
0.0200197
0.0198626
0.019664
0.0194085
0.0190842
0.0186925
0.018227
0.017666
0.0169955
0.0161919
0.0152384
0.0140878
0.0129258
0.0102384
0.0131091
0.0190498
0.0204238
0.0203789
0.0203135
0.0202277
0.0201199
0.0199869
0.0198234
0.0196209
0.0193696
0.0190606
0.0186829
0.0182179
0.0176448
0.016937
0.0160737
0.015002
0.0139721
0.0114934
0.0136128
0.0189
0.0204863
0.0204349
0.020363
0.0202721
0.0201614
0.0200279
0.0198671
0.0196727
0.0194374
0.0191538
0.0188132
0.0184036
0.0179112
0.0173199
0.0166175
0.0157621
0.0149763
0.0129356
0.0145723
0.0187856
0.0205503
0.0204911
0.0204132
0.0203192
0.0202085
0.0200786
0.0199257
0.0197448
0.0195302
0.0192758
0.0189747
0.0186184
0.0181974
0.0177013
0.0171236
0.0164335
0.0158179
0.0142006
0.0154193
0.0187067
0.0206095
0.0205394
0.0204549
0.0203581
0.020248
0.0201221
0.0199771
0.0198091
0.0196136
0.019386
0.0191212
0.0188135
0.0184571
0.0180459
0.0175774
0.01703
0.016554
0.0153064
0.0162082
0.018663
0.0206547
0.0205734
0.0204842
0.0203867
0.0202788
0.0201581
0.0200218
0.0198666
0.0196893
0.0194866
0.0192548
0.0189907
0.0186909
0.0183524
0.0179755
0.0175458
0.0171813
0.0162379
0.0169039
0.0186534
0.0206701
0.0205864
0.0204979
0.0204031
0.0202997
0.0201857
0.0200587
0.0199164
0.0197564
0.0195766
0.0193747
0.0191491
0.0188984
0.0186217
0.0183211
0.0179874
0.0177117
0.0170096
0.0175018
0.0186765
0.02065
0.0205773
0.020496
0.0204075
0.020311
0.0202049
0.0200879
0.0199584
0.0198148
0.019656
0.0194809
0.0192891
0.0190806
0.018856
0.0186184
0.0183622
0.0181568
0.0176425
0.0180068
0.0187308
0.0206101
0.0205522
0.0204817
0.020402
0.0203138
0.0202167
0.0201101
0.019993
0.0198649
0.0197252
0.019574
0.0194116
0.0192391
0.0190583
0.0188724
0.0186786
0.0185291
0.0181592
0.0184301
0.0188143
0.0205649
0.0205191
0.0204594
0.0203893
0.0203102
0.0202225
0.0201262
0.0200212
0.0199073
0.019785
0.0196548
0.0195179
0.0193761
0.0192318
0.0190883
0.0189448
0.0188396
0.0185806
0.0187841
0.0189249
0.0205206
0.0204838
0.0204335
0.0203725
0.0203023
0.0202238
0.0201375
0.0200438
0.019943
0.0198362
0.0197244
0.0196095
0.0194937
0.0193797
0.0192711
0.0191679
0.0190984
0.0189247
0.0190803
0.0190606
0.02048
0.0204497
0.0204071
0.0203541
0.0202921
0.0202222
0.0201452
0.0200617
0.0199728
0.0198796
0.0197839
0.0196877
0.0195937
0.0195048
0.0194248
0.0193544
0.0193137
0.0192061
0.0193287
0.0192187
0.0204441
0.0204186
0.0203821
0.0203358
0.0202811
0.020219
0.0201502
0.020076
0.0199974
0.0199161
0.0198341
0.0197537
0.0196779
0.0196098
0.0195531
0.0195092
0.0194924
0.0194364
0.0195373
0.0193965
0.0204133
0.0203914
0.0203597
0.0203191
0.0202705
0.020215
0.0201535
0.0200872
0.0200176
0.0199464
0.0198758
0.0198086
0.0197477
0.0196967
0.019659
0.0196366
0.0196394
0.0196245
0.0197123
0.0195905
0.0203877
0.0203686
0.0203406
0.0203045
0.0202609
0.0202109
0.0201555
0.0200959
0.0200337
0.0199708
0.0199097
0.0198532
0.0198044
0.019767
0.0197446
0.0197395
0.0197586
0.0197764
0.0198579
0.0197956
0.0203675
0.0203504
0.0203252
0.0202925
0.0202529
0.0202073
0.0201568
0.0201025
0.0200462
0.01999
0.0199363
0.0198881
0.0198489
0.0198221
0.0198116
0.0198202
0.0198525
0.0198965
0.0199765
0.0200031
0.0203524
0.0203367
0.0203136
0.0202834
0.0202468
0.0202045
0.0201575
0.0201073
0.0200555
0.0200042
0.019956
0.019914
0.0198817
0.0198628
0.0198611
0.0198799
0.0199226
0.0199867
0.0200684
0.0201941
0.0203424
0.0203276
0.0203058
0.0202773
0.0202426
0.0202025
0.020158
0.0201104
0.0200615
0.0200135
0.019969
0.0199311
0.0199034
0.0198896
0.0198938
0.0199194
0.0199695
0.0200482
0.0201349
0.0203246
0.0203374
0.0203231
0.0203019
0.0202742
0.0202405
0.0202015
0.0201582
0.0201119
0.0200645
0.0200181
0.0199754
0.0199396
0.0199141
0.019903
0.01991
0.0199391
0.0199928
0.0200782
0.0201665
0.00450981
0.0038669
0.00557174
0.00594741
0.00637482
0.00647379
0.00656668
0.0066093
0.00661905
0.00660115
0.00767661
0.00599946
0.00950395
0.00847417
0.00850112
0.00846342
0.00847087
0.00848937
0.00851243
0.00853366
0.00924776
0.00759513
0.0113413
0.0103998
0.0106595
0.0107548
0.0108395
0.0108951
0.0109258
0.010934
0.0108245
0.00938271
0.013126
0.0122463
0.0124442
0.0124868
0.0125331
0.0125681
0.0125945
0.012612
0.0124112
0.0111577
0.0143852
0.0137098
0.013906
0.0139725
0.0140377
0.0140867
0.0141211
0.0141406
0.0138238
0.0127804
0.0154602
0.0149595
0.0151283
0.0151914
0.0152506
0.0152953
0.0153273
0.0153469
0.015049
0.0142052
0.0163518
0.0159854
0.0161253
0.0161837
0.0162377
0.0162791
0.0163091
0.0163277
0.01608
0.0154126
0.0170907
0.0168251
0.0169387
0.0169902
0.0170374
0.0170741
0.017101
0.017118
0.016931
0.0164125
0.0177012
0.0175104
0.017602
0.0176468
0.0176878
0.01772
0.0177439
0.0177593
0.0176256
0.017229
0.0182054
0.0180705
0.0181446
0.0181838
0.0182196
0.0182481
0.0182694
0.0182834
0.0181897
0.0178907
0.018623
0.01853
0.0185909
0.0186258
0.0186576
0.0186832
0.0187026
0.0187155
0.0186475
0.0184257
0.0189703
0.0189091
0.0189605
0.0189925
0.0190217
0.0190454
0.0190635
0.0190755
0.0190198
0.0188586
0.0192608
0.0192243
0.0192692
0.0192997
0.0193274
0.0193501
0.0193675
0.019379
0.0193234
0.0192099
0.0195052
0.0194883
0.0195293
0.0195596
0.019587
0.0196097
0.0196271
0.0196385
0.0195715
0.0194958
0.0197116
0.0197109
0.0197503
0.0197817
0.0198102
0.0198339
0.019852
0.0198638
0.0197735
0.0197281
0.0198858
0.0198989
0.019939
0.0199732
0.0200043
0.0200305
0.0200504
0.0200632
0.0199356
0.0199147
0.0200306
0.0200563
0.0200993
0.0201383
0.0201742
0.0202049
0.0202284
0.0202432
0.0200603
0.0200592
0.0201466
0.0201843
0.0202328
0.0202794
0.0203234
0.0203621
0.0203925
0.0204116
0.0201487
0.0201578
0.0202233
0.020269
0.0203231
0.020379
0.0204353
0.0204885
0.0205334
0.0205624
0.0201953
0.0202201
0.0202845
0.0203413
0.0204026
0.020466
0.0205312
0.0205972
0.0206621
0.0207184
0.000396515
0.000407859
0.00042039
0.000432973
0.000445479
0.000457413
0.000468223
0.000477321
0.000484199
0.000487941
0.000659017
0.000630113
0.000605352
0.000583709
0.000564962
0.000548866
0.000535176
0.000523657
0.000514181
0.000505896
0.000741504
0.000755535
0.000771194
0.000786827
0.000802386
0.000817428
0.000831497
0.000844088
0.000854663
0.000862566
0.0012628
0.00125576
0.00124883
0.00124158
0.00123484
0.00122888
0.00122379
0.00121959
0.00121627
0.00121406
0.00167462
0.00167255
0.00166922
0.00166539
0.00166244
0.0016606
0.00165969
0.00165945
0.00165963
0.00166031
0.00222848
0.00221564
0.00220231
0.00219125
0.00218415
0.00218042
0.00217894
0.00217874
0.00217911
0.0021799
0.0029081
0.00284855
0.0028102
0.00278653
0.00277463
0.00277038
0.00277
0.00277114
0.0027725
0.00277368
0.00373343
0.00343797
0.00336024
0.00333855
0.00334271
0.00335904
0.00337826
0.00339609
0.00341053
0.00342098
0.00621499
0.00485686
0.00463087
0.00454709
0.00448037
0.0044254
0.00437325
0.0043246
0.00428125
0.00424503
0.00505256
0.00438816
0.00449582
0.00468347
0.00474914
0.00479813
0.00481772
0.00482112
0.00481573
0.0048071
0.000335911
0.000337615
0.000339859
0.000343526
0.000348298
0.000354285
0.000361533
0.00037014
0.000379996
0.000391231
0.000945176
0.000939261
0.000917857
0.000890802
0.000858176
0.000822835
0.000786815
0.000751882
0.000718327
0.000688967
0.000653869
0.000656325
0.000659346
0.000664497
0.000671154
0.000679383
0.000689118
0.000700379
0.000712694
0.000726733
0.00129474
0.00129503
0.00129267
0.00129069
0.00128781
0.00128425
0.00128012
0.00127582
0.00127108
0.00126709
0.00165437
0.00165593
0.00165606
0.00165731
0.00165829
0.00165892
0.00165924
0.00165998
0.00166184
0.00166752
0.00219021
0.00219222
0.0021932
0.00219517
0.00219608
0.00219518
0.00219218
0.00218859
0.00218816
0.00220358
0.00277667
0.00277982
0.0027831
0.0027874
0.00278937
0.0027862
0.00277555
0.00275833
0.00274381
0.00278778
0.00343223
0.00344148
0.0034571
0.00347831
0.00349909
0.00351078
0.00350223
0.003462
0.00337377
0.00348165
0.00408496
0.00408007
0.00406886
0.00405072
0.0040206
0.00396788
0.00387489
0.00369104
0.00338145
0.00332366
0.00503498
0.00502655
0.00501076
0.00498932
0.00496134
0.00491803
0.00485247
0.00465805
0.00414292
0.00438581
0.00689543
0.00691929
0.00697207
0.00706242
0.00720063
0.00739358
0.00762577
0.00780278
0.00820089
0.00661966
0.00952529
0.0094842
0.00940812
0.00930829
0.00920012
0.009105
0.00903918
0.00905124
0.00937412
0.00889031
0.0122389
0.012217
0.0121745
0.0121137
0.012037
0.0119482
0.0118418
0.0117247
0.0116825
0.0106813
0.0142667
0.0142357
0.0141769
0.014096
0.0139999
0.0138977
0.0137833
0.0137392
0.0134627
0.0129326
0.0158637
0.015832
0.0157717
0.0156879
0.0155868
0.0154767
0.0153485
0.0153138
0.0149251
0.0146825
0.0170556
0.017025
0.0169665
0.0168845
0.0167837
0.0166723
0.0165429
0.0165081
0.0160793
0.0160985
0.0179452
0.017919
0.0178672
0.0177905
0.0176934
0.0175892
0.0174683
0.0174365
0.0170116
0.0172313
0.0185801
0.0185712
0.0185544
0.0185127
0.0184166
0.0182858
0.0181585
0.0181308
0.0177366
0.0180859
0.0190683
0.0190589
0.0190411
0.0190159
0.0189851
0.0188983
0.0187268
0.018642
0.0182787
0.0187104
0.0194411
0.0194337
0.0194188
0.0193959
0.0193644
0.0193305
0.0192258
0.0190923
0.0186998
0.0191668
0.0197202
0.0197154
0.0197048
0.0196869
0.0196621
0.0196302
0.0195888
0.0194974
0.0190682
0.0194938
0.0199293
0.0199274
0.0199221
0.0199118
0.0198954
0.0198697
0.0198374
0.0197861
0.0194106
0.0197506
0.020079
0.0200899
0.0200958
0.0200868
0.0200722
0.0200547
0.0200253
0.0200153
0.019695
0.0199632
0.0201984
0.0202007
0.0202102
0.0202361
0.0202429
0.0202074
0.0201674
0.0201737
0.01991
0.020133
0.0203041
0.0203038
0.0203044
0.0203109
0.0203479
0.020365
0.0203111
0.0202855
0.0200696
0.020258
0.0203885
0.0203878
0.0203872
0.0203886
0.0203998
0.0204412
0.0204531
0.0204123
0.0201944
0.0203536
0.0204568
0.020456
0.0204547
0.0204542
0.0204574
0.0204811
0.0205189
0.0205257
0.0203271
0.0204318
0.020512
0.0205111
0.0205094
0.0205077
0.0205076
0.0205145
0.020564
0.020601
0.0204315
0.0204963
0.0205581
0.0205573
0.0205558
0.0205538
0.0205525
0.0205544
0.0205789
0.0206335
0.0205334
0.0205639
0.0205961
0.0205954
0.0205941
0.0205923
0.0205906
0.0205906
0.0205999
0.0206535
0.020601
0.020616
0.0206273
0.0206267
0.0206254
0.0206236
0.0206216
0.0206204
0.0206223
0.0206689
0.0206456
0.0206563
0.0206536
0.020653
0.0206519
0.0206502
0.0206481
0.0206464
0.0206451
0.0206803
0.0206736
0.0206892
0.0206762
0.0206757
0.0206747
0.0206733
0.0206716
0.02067
0.0206686
0.0206867
0.020685
0.0207093
0.020695
0.0206946
0.0206938
0.0206927
0.0206913
0.0206898
0.0206884
0.0206981
0.0206978
0.0207168
0.0207106
0.0207103
0.0207096
0.0207087
0.0207074
0.0207061
0.0207047
0.0207097
0.0207098
0.0207261
0.0207237
0.0207234
0.0207229
0.020722
0.020721
0.0207197
0.0207184
0.0207209
0.0207212
0.020735
0.0207346
0.0207344
0.0207339
0.0207333
0.0207323
0.0207313
0.0207301
0.0207312
0.0207315
0.0207434
0.0207439
0.0207437
0.0207433
0.0207427
0.020742
0.020741
0.02074
0.0207404
0.0207407
0.0207509
0.0207516
0.0207515
0.0207512
0.0207507
0.0207501
0.0207493
0.0207484
0.0207484
0.0207486
0.0207576
0.0207582
0.0207581
0.0207578
0.0207574
0.0207569
0.0207563
0.0207555
0.0207554
0.0207554
0.0207633
0.0207637
0.0207636
0.0207634
0.0207631
0.0207627
0.0207621
0.0207615
0.0207613
0.0207612
0.0207681
0.0207684
0.0207683
0.0207682
0.0207679
0.0207675
0.0207671
0.0207666
0.0207663
0.0207662
0.0207722
0.0207724
0.0207723
0.0207721
0.0207719
0.0207716
0.0207713
0.0207708
0.0207706
0.0207704
0.0207757
0.0207757
0.0207756
0.0207755
0.0207753
0.0207751
0.0207748
0.0207744
0.0207742
0.020774
0.0207786
0.0207785
0.0207784
0.0207783
0.0207782
0.020778
0.0207778
0.0207775
0.0207773
0.020777
0.020781
0.0207808
0.0207808
0.0207807
0.0207806
0.0207804
0.0207803
0.02078
0.0207799
0.0207796
0.020783
0.0207828
0.0207828
0.0207827
0.0207826
0.0207825
0.0207824
0.0207822
0.020782
0.0207817
0.0207846
0.0207845
0.0207845
0.0207844
0.0207843
0.0207842
0.0207841
0.020784
0.0207839
0.0207836
0.020786
0.0207859
0.0207859
0.0207859
0.0207858
0.0207857
0.0207856
0.0207855
0.0207854
0.0207851
0.0207872
0.0207871
0.0207871
0.0207871
0.020787
0.0207869
0.0207869
0.0207867
0.0207867
0.0207864
0.0207882
0.0207881
0.0207881
0.0207881
0.020788
0.020788
0.0207879
0.0207878
0.0207878
0.0207875
0.020789
0.0207889
0.0207889
0.0207889
0.0207889
0.0207888
0.0207888
0.0207887
0.0207887
0.0207884
0.0207897
0.0207897
0.0207896
0.0207896
0.0207896
0.0207896
0.0207895
0.0207895
0.0207895
0.0207892
0.0207903
0.0207903
0.0207902
0.0207902
0.0207902
0.0207902
0.0207901
0.0207901
0.0207901
0.0207899
0.0207907
0.0207908
0.0207908
0.0207907
0.0207907
0.0207907
0.0207907
0.0207906
0.0207906
0.0207904
0.0207911
0.0207912
0.0207912
0.0207912
0.0207912
0.0207911
0.0207911
0.0207911
0.0207911
0.0207909
0.0207915
0.0207915
0.0207915
0.0207915
0.0207915
0.0207915
0.0207915
0.0207915
0.0207915
0.0207913
0.0207918
0.0207918
0.0207918
0.0207918
0.0207918
0.0207918
0.0207918
0.0207918
0.0207918
0.0207916
0.020792
0.0207921
0.0207921
0.0207921
0.0207921
0.0207921
0.0207921
0.020792
0.020792
0.0207919
0.0207922
0.0207923
0.0207923
0.0207923
0.0207923
0.0207923
0.0207923
0.0207923
0.0207923
0.0207922
0.0207924
0.0207925
0.0207925
0.0207925
0.0207925
0.0207925
0.0207925
0.0207924
0.0207925
0.0207924
0.0207926
0.0207926
0.0207926
0.0207926
0.0207926
0.0207926
0.0207926
0.0207926
0.0207926
0.0207925
0.0207927
0.0207928
0.0207928
0.0207928
0.0207928
0.0207927
0.0207927
0.0207927
0.0207927
0.0207927
0.0207928
0.0207929
0.0207929
0.0207929
0.0207929
0.0207929
0.0207929
0.0207928
0.0207929
0.0207928
0.0207929
0.020793
0.020793
0.0207929
0.0207929
0.0207929
0.0207929
0.0207929
0.0207929
0.0207929
0.020793
0.020793
0.020793
0.020793
0.020793
0.020793
0.020793
0.020793
0.020793
0.020793
0.0207931
0.0207931
0.0207931
0.0207931
0.0207931
0.0207931
0.0207931
0.0207931
0.0207931
0.020793
0.0207931
0.0207931
0.0207931
0.0207931
0.0207931
0.0207931
0.0207931
0.0207931
0.0207931
0.0207931
0.0207932
0.0207932
0.0207932
0.0207932
0.0207932
0.0207932
0.0207932
0.0207932
0.0207932
0.0207931
0.0207932
0.0207932
0.0207932
0.0207932
0.0207932
0.0207932
0.0207932
0.0207932
0.0207932
0.0207932
0.0207932
0.0207933
0.0207933
0.0207933
0.0207933
0.0207933
0.0207933
0.0207933
0.0207933
0.0207932
0.0207933
0.0207933
0.0207933
0.0207933
0.0207933
0.0207933
0.0207933
0.0207933
0.0207933
0.0207933
0.0207933
0.0207933
0.0207933
0.0207933
0.0207933
0.0207933
0.0207933
0.0207933
0.0207933
0.0207933
0.0207933
0.0207933
0.0207933
0.0207933
0.0207933
0.0207933
0.0207933
0.0207933
0.0207933
0.0207933
0.0207933
0.0207933
0.0207933
0.0207933
0.0207933
0.0207933
0.0207933
0.0207933
0.0207933
0.0207933
0.0207933
0.0207934
0.0207934
0.0207934
0.0207934
0.0207934
0.0207934
0.0207934
0.0207934
0.0207933
0.0207934
0.0207934
0.0207934
0.0207934
0.0207934
0.0207934
0.0207934
0.0207934
0.0207934
0.0207934
0.0207934
0.0207934
0.0207934
0.0207934
0.0207934
0.0207934
0.0207934
0.0207934
0.0207934
0.0207934
0.0207934
0.0207934
0.0207934
0.0207934
0.0207934
0.0207934
0.0207934
0.0207934
0.0207934
0.0207934
0.0207934
0.0207934
0.0207934
0.0207934
0.0207934
0.0207934
0.0207934
0.0207934
0.0207934
0.0207934
0.0207934
0.0207934
0.0207934
0.0207934
0.0207934
0.0207934
0.0207934
0.0207934
0.0207934
0.0207934
0.0207934
0.0207934
0.0207934
0.0207934
0.0207934
0.0207934
0.0207934
0.0207934
0.0207934
0.0207934
0.0207934
0.0207934
0.0207934
0.0207934
0.0207934
0.0207934
0.0207934
0.0207934
0.0207934
0.0207934
0.0207934
0.0207934
0.0207934
0.0207934
0.0207934
0.0207934
0.0207934
0.0207934
0.0207934
0.0207934
0.0207934
0.0207934
0.0207934
0.0207934
0.0207934
0.0207934
0.0207934
0.0207934
0.0207934
0.0207934
0.0207934
0.0207934
0.0207934
0.0207934
0.0207934
0.0207934
0.0207934
0.0207934
0.0207934
0.0207934
0.0207934
0.0207934
0.0207934
0.0207934
0.0207934
0.0207934
0.0207934
0.0207934
0.0207934
0.0207934
0.0207934
0.0207934
0.0207934
0.0207934
0.0207934
0.0207934
0.0207934
0.0207934
0.0207934
0.0207934
0.0207934
0.0207934
0.0207934
0.0207934
0.0207934
0.0207934
0.0207934
0.0207934
0.0207934
0.0207934
0.0207934
0.0207934
0.0207934
0.0207934
0.0207934
0.0207934
0.0207934
0.0207934
0.0207934
0.0207934
0.0207934
0.00647993
0.0118135
0.0122425
0.013431
0.014484
0.0154624
0.0163212
0.0170541
0.0176682
0.0181781
0.0186
0.0189492
0.0192387
0.019479
0.0196783
0.0198423
0.0199746
0.0200764
0.0201485
0.0201837
0.00924548
0.011445
0.0122097
0.0135864
0.0147073
0.0157003
0.0165381
0.0172365
0.0178131
0.018287
0.0186761
0.0189956
0.0192582
0.0194741
0.0196509
0.0197943
0.0199076
0.0199929
0.0200508
0.0200796
0.0115958
0.0137014
0.0142101
0.0152366
0.0160028
0.0166915
0.0172811
0.017784
0.0182096
0.0185681
0.018869
0.019121
0.0193314
0.0195062
0.0196501
0.0197667
0.0198584
0.0199266
0.0199721
0.0199948
0.0138362
0.0150799
0.0154235
0.01618
0.0167508
0.017277
0.017735
0.0181318
0.0184724
0.018763
0.0190098
0.0192183
0.0193936
0.0195399
0.0196605
0.019758
0.0198344
0.0198909
0.0199283
0.0199469
0.0155357
0.0161652
0.0164905
0.0170353
0.0174501
0.0178383
0.0181811
0.0184828
0.0187457
0.0189732
0.0191688
0.0193359
0.0194776
0.0195965
0.019695
0.0197748
0.0198373
0.0198835
0.019914
0.0199291
0.0169135
0.0170421
0.0173541
0.0177324
0.0180304
0.0183139
0.0185684
0.0187959
0.018997
0.0191733
0.0193266
0.019459
0.0195721
0.0196677
0.0197473
0.0198119
0.0198626
0.0199001
0.0199249
0.0199371
0.0179266
0.017748
0.0180436
0.0183006
0.018513
0.0187182
0.0189054
0.0190752
0.0192274
0.0193624
0.0194811
0.0195846
0.0196738
0.0197497
0.0198131
0.0198649
0.0199056
0.0199358
0.0199557
0.0199656
0.0186526
0.0183158
0.0185884
0.0187601
0.0189111
0.0190586
0.0191954
0.0193212
0.0194353
0.0195378
0.0196288
0.0197089
0.0197784
0.019838
0.019888
0.0199291
0.0199614
0.0199854
0.0200013
0.0200092
0.0191686
0.0187705
0.0190173
0.0191308
0.0192381
0.0193439
0.0194434
0.019536
0.0196211
0.0196982
0.0197674
0.0198287
0.0198824
0.0199287
0.0199678
0.0199999
0.0200254
0.0200443
0.0200569
0.0200631
0.0195414
0.0191363
0.019356
0.0194301
0.0195066
0.0195824
0.0196545
0.0197224
0.0197854
0.0198431
0.0198952
0.0199419
0.0199829
0.0200185
0.0200488
0.0200738
0.0200936
0.0201084
0.0201182
0.0201231
0.0198141
0.0194323
0.0196248
0.0196725
0.0197272
0.0197815
0.0198336
0.0198832
0.0199296
0.0199725
0.0200116
0.0200468
0.020078
0.0201052
0.0201283
0.0201476
0.0201629
0.0201744
0.020182
0.0201858
0.0200162
0.0196735
0.0198397
0.0198696
0.0199088
0.0199476
0.0199852
0.0200214
0.0200554
0.0200872
0.0201163
0.0201427
0.0201662
0.0201868
0.0202044
0.0202191
0.0202308
0.0202396
0.0202455
0.0202484
0.0201648
0.0198717
0.0200123
0.0200303
0.0200584
0.0200861
0.0201133
0.0201396
0.0201645
0.0201879
0.0202095
0.0202291
0.0202468
0.0202623
0.0202756
0.0202867
0.0202956
0.0203023
0.0203068
0.020309
0.0202784
0.0200322
0.020151
0.0201615
0.0201818
0.0202017
0.0202214
0.0202404
0.0202587
0.0202758
0.0202918
0.0203063
0.0203195
0.0203311
0.0203411
0.0203494
0.0203562
0.0203612
0.0203646
0.0203663
0.0203717
0.0201626
0.0202633
0.0202691
0.0202839
0.0202983
0.0203125
0.0203263
0.0203396
0.0203521
0.0203638
0.0203746
0.0203843
0.020393
0.0204004
0.0204067
0.0204117
0.0204155
0.0204181
0.0204194
0.0204468
0.02027
0.0203551
0.0203578
0.0203686
0.020379
0.0203892
0.0203992
0.0204089
0.020418
0.0204266
0.0204345
0.0204417
0.0204481
0.0204536
0.0204583
0.020462
0.0204649
0.0204668
0.0204677
0.0205084
0.0203594
0.0204306
0.0204312
0.0204391
0.0204465
0.0204539
0.0204611
0.0204681
0.0204747
0.020481
0.0204868
0.020492
0.0204967
0.0205008
0.0205043
0.0205071
0.0205092
0.0205106
0.0205113
0.0205587
0.0204336
0.0204927
0.0204921
0.0204978
0.020503
0.0205083
0.0205135
0.0205185
0.0205233
0.0205279
0.0205321
0.0205359
0.0205394
0.0205424
0.0205449
0.0205469
0.0205485
0.0205495
0.0205501
0.0205973
0.0204948
0.0205439
0.0205425
0.0205466
0.0205503
0.0205541
0.0205578
0.0205614
0.0205648
0.0205681
0.0205712
0.0205739
0.0205764
0.0205786
0.0205805
0.020582
0.0205831
0.0205839
0.0205843
0.0206307
0.0205463
0.0205864
0.0205845
0.0205874
0.0205899
0.0205925
0.0205952
0.0205977
0.0206002
0.0206025
0.0206047
0.0206067
0.0206086
0.0206102
0.0206115
0.0206126
0.0206134
0.020614
0.0206143
0.0206583
0.0205888
0.0206214
0.0206193
0.0206213
0.020623
0.0206248
0.0206267
0.0206285
0.0206302
0.0206319
0.0206335
0.0206349
0.0206362
0.0206374
0.0206384
0.0206392
0.0206398
0.0206402
0.0206404
0.0206818
0.0206231
0.02065
0.020648
0.0206495
0.0206507
0.0206519
0.0206532
0.0206545
0.0206557
0.0206569
0.020658
0.0206591
0.02066
0.0206608
0.0206615
0.0206621
0.0206625
0.0206628
0.020663
0.020705
0.0206509
0.0206737
0.0206719
0.020673
0.0206738
0.0206746
0.0206755
0.0206764
0.0206773
0.0206781
0.0206789
0.0206796
0.0206803
0.0206809
0.0206814
0.0206818
0.0206821
0.0206823
0.0206825
0.0207227
0.0206747
0.0206936
0.0206919
0.0206926
0.0206931
0.0206937
0.0206943
0.0206949
0.0206955
0.0206961
0.0206967
0.0206972
0.0206977
0.0206981
0.0206984
0.0206987
0.020699
0.0206991
0.0206992
0.0207356
0.0206946
0.02071
0.0207085
0.0207089
0.0207093
0.0207097
0.0207101
0.0207105
0.0207109
0.0207113
0.0207117
0.0207121
0.0207124
0.0207127
0.020713
0.0207132
0.0207133
0.0207134
0.0207135
0.0207455
0.020711
0.0207236
0.0207223
0.0207226
0.0207228
0.0207231
0.0207233
0.0207236
0.0207239
0.0207242
0.0207245
0.0207247
0.0207249
0.0207252
0.0207253
0.0207255
0.0207256
0.0207257
0.0207257
0.0207533
0.0207245
0.0207349
0.0207338
0.020734
0.0207341
0.0207343
0.0207345
0.0207347
0.0207349
0.0207351
0.0207352
0.0207354
0.0207356
0.0207357
0.0207359
0.020736
0.020736
0.0207361
0.0207361
0.0207597
0.0207358
0.0207443
0.0207433
0.0207435
0.0207436
0.0207437
0.0207438
0.020744
0.0207441
0.0207442
0.0207444
0.0207445
0.0207446
0.0207447
0.0207448
0.0207449
0.0207449
0.020745
0.020745
0.0207649
0.0207452
0.0207522
0.0207513
0.0207515
0.0207515
0.0207516
0.0207517
0.0207518
0.0207519
0.020752
0.020752
0.0207521
0.0207522
0.0207523
0.0207524
0.0207524
0.0207524
0.0207525
0.0207525
0.0207693
0.020753
0.0207587
0.0207581
0.0207581
0.0207582
0.0207582
0.0207583
0.0207584
0.0207584
0.0207585
0.0207585
0.0207586
0.0207587
0.0207587
0.0207588
0.0207588
0.0207588
0.0207588
0.0207589
0.020773
0.0207595
0.0207642
0.0207637
0.0207637
0.0207638
0.0207638
0.0207638
0.0207639
0.0207639
0.020764
0.020764
0.0207641
0.0207641
0.0207641
0.0207642
0.0207642
0.0207642
0.0207642
0.0207642
0.0207761
0.020765
0.0207688
0.0207684
0.0207685
0.0207685
0.0207685
0.0207685
0.0207686
0.0207686
0.0207686
0.0207686
0.0207687
0.0207687
0.0207687
0.0207688
0.0207688
0.0207688
0.0207688
0.0207688
0.0207787
0.0207696
0.0207727
0.0207724
0.0207724
0.0207724
0.0207724
0.0207725
0.0207725
0.0207725
0.0207725
0.0207725
0.0207726
0.0207726
0.0207726
0.0207726
0.0207726
0.0207726
0.0207726
0.0207727
0.0207809
0.0207734
0.020776
0.0207757
0.0207757
0.0207757
0.0207758
0.0207758
0.0207758
0.0207758
0.0207758
0.0207758
0.0207758
0.0207759
0.0207759
0.0207759
0.0207759
0.0207759
0.0207759
0.0207759
0.0207828
0.0207766
0.0207787
0.0207785
0.0207785
0.0207785
0.0207785
0.0207786
0.0207786
0.0207786
0.0207786
0.0207786
0.0207786
0.0207786
0.0207786
0.0207786
0.0207786
0.0207786
0.0207787
0.0207787
0.0207844
0.0207793
0.0207811
0.0207809
0.0207809
0.0207809
0.0207809
0.0207809
0.0207809
0.0207809
0.0207809
0.0207809
0.0207809
0.0207809
0.020781
0.020781
0.020781
0.020781
0.020781
0.020781
0.0207858
0.0207816
0.020783
0.0207828
0.0207829
0.0207829
0.0207829
0.0207829
0.0207829
0.0207829
0.0207829
0.0207829
0.0207829
0.0207829
0.0207829
0.0207829
0.0207829
0.0207829
0.0207829
0.0207829
0.0207869
0.0207835
0.0207846
0.0207845
0.0207845
0.0207845
0.0207845
0.0207845
0.0207845
0.0207845
0.0207846
0.0207846
0.0207846
0.0207846
0.0207846
0.0207846
0.0207846
0.0207846
0.0207846
0.0207846
0.0207879
0.0207851
0.020786
0.0207859
0.0207859
0.0207859
0.0207859
0.0207859
0.0207859
0.0207859
0.020786
0.020786
0.020786
0.020786
0.020786
0.020786
0.020786
0.020786
0.020786
0.020786
0.0207887
0.0207864
0.0207872
0.0207871
0.0207871
0.0207871
0.0207871
0.0207871
0.0207871
0.0207871
0.0207871
0.0207871
0.0207871
0.0207871
0.0207871
0.0207871
0.0207871
0.0207871
0.0207871
0.0207871
0.0207894
0.0207876
0.0207882
0.0207881
0.0207881
0.0207881
0.0207881
0.0207881
0.0207881
0.0207881
0.0207881
0.0207881
0.0207881
0.0207881
0.0207881
0.0207881
0.0207881
0.0207881
0.0207881
0.0207881
0.02079
0.0207885
0.020789
0.0207889
0.0207889
0.020789
0.020789
0.020789
0.020789
0.020789
0.020789
0.020789
0.020789
0.020789
0.020789
0.020789
0.020789
0.020789
0.020789
0.020789
0.0207905
0.0207893
0.0207897
0.0207896
0.0207897
0.0207897
0.0207897
0.0207897
0.0207897
0.0207897
0.0207897
0.0207897
0.0207897
0.0207897
0.0207897
0.0207897
0.0207897
0.0207897
0.0207897
0.0207897
0.020791
0.02079
0.0207903
0.0207902
0.0207903
0.0207903
0.0207903
0.0207903
0.0207903
0.0207903
0.0207903
0.0207903
0.0207903
0.0207903
0.0207903
0.0207903
0.0207903
0.0207903
0.0207903
0.0207903
0.0207913
0.0207905
0.0207908
0.0207907
0.0207908
0.0207908
0.0207908
0.0207908
0.0207908
0.0207908
0.0207908
0.0207908
0.0207908
0.0207908
0.0207908
0.0207908
0.0207908
0.0207908
0.0207908
0.0207908
0.0207916
0.020791
0.0207912
0.0207912
0.0207912
0.0207912
0.0207912
0.0207912
0.0207912
0.0207912
0.0207912
0.0207912
0.0207912
0.0207912
0.0207912
0.0207912
0.0207912
0.0207912
0.0207912
0.0207912
0.0207919
0.0207914
0.0207915
0.0207915
0.0207915
0.0207915
0.0207915
0.0207915
0.0207915
0.0207915
0.0207915
0.0207915
0.0207915
0.0207915
0.0207915
0.0207915
0.0207915
0.0207915
0.0207915
0.0207915
0.0207921
0.0207917
0.0207918
0.0207918
0.0207918
0.0207918
0.0207918
0.0207918
0.0207918
0.0207918
0.0207918
0.0207918
0.0207918
0.0207918
0.0207918
0.0207918
0.0207918
0.0207918
0.0207918
0.0207918
0.0207923
0.020792
0.0207921
0.0207921
0.0207921
0.0207921
0.0207921
0.0207921
0.0207921
0.0207921
0.0207921
0.0207921
0.0207921
0.0207921
0.0207921
0.0207921
0.0207921
0.0207921
0.0207921
0.0207921
0.0207925
0.0207922
0.0207923
0.0207923
0.0207923
0.0207923
0.0207923
0.0207923
0.0207923
0.0207923
0.0207923
0.0207923
0.0207923
0.0207923
0.0207923
0.0207923
0.0207923
0.0207923
0.0207923
0.0207923
0.0207926
0.0207924
0.0207925
0.0207925
0.0207925
0.0207925
0.0207925
0.0207925
0.0207925
0.0207925
0.0207925
0.0207925
0.0207925
0.0207925
0.0207925
0.0207925
0.0207925
0.0207925
0.0207925
0.0207925
0.0207928
0.0207926
0.0207926
0.0207926
0.0207926
0.0207926
0.0207926
0.0207926
0.0207926
0.0207926
0.0207926
0.0207926
0.0207926
0.0207926
0.0207926
0.0207926
0.0207926
0.0207926
0.0207926
0.0207926
0.0207929
0.0207927
0.0207928
0.0207927
0.0207928
0.0207928
0.0207928
0.0207928
0.0207928
0.0207928
0.0207928
0.0207928
0.0207928
0.0207928
0.0207928
0.0207928
0.0207928
0.0207928
0.0207928
0.0207928
0.020793
0.0207928
0.0207929
0.0207929
0.0207929
0.0207929
0.0207929
0.0207929
0.0207929
0.0207929
0.0207929
0.0207929
0.0207929
0.0207929
0.0207929
0.0207929
0.0207929
0.0207929
0.0207929
0.0207929
0.020793
0.0207929
0.020793
0.0207929
0.0207929
0.0207929
0.0207929
0.0207929
0.0207929
0.0207929
0.0207929
0.0207929
0.0207929
0.0207929
0.0207929
0.0207929
0.0207929
0.0207929
0.0207929
0.0207929
0.0207931
0.020793
0.020793
0.020793
0.020793
0.020793
0.020793
0.020793
0.020793
0.020793
0.020793
0.020793
0.020793
0.020793
0.020793
0.020793
0.020793
0.020793
0.020793
0.020793
0.0207931
0.0207931
0.0207931
0.0207931
0.0207931
0.0207931
0.0207931
0.0207931
0.0207931
0.0207931
0.0207931
0.0207931
0.0207931
0.0207931
0.0207931
0.0207931
0.0207931
0.0207931
0.0207931
0.0207931
0.0207932
0.0207931
0.0207931
0.0207931
0.0207931
0.0207931
0.0207931
0.0207931
0.0207931
0.0207931
0.0207931
0.0207931
0.0207931
0.0207931
0.0207931
0.0207931
0.0207931
0.0207931
0.0207931
0.0207931
0.0207932
0.0207932
0.0207932
0.0207932
0.0207932
0.0207932
0.0207932
0.0207932
0.0207932
0.0207932
0.0207932
0.0207932
0.0207932
0.0207932
0.0207932
0.0207932
0.0207932
0.0207932
0.0207932
0.0207932
0.0207933
0.0207932
0.0207932
0.0207932
0.0207932
0.0207932
0.0207932
0.0207932
0.0207932
0.0207932
0.0207932
0.0207932
0.0207932
0.0207932
0.0207932
0.0207932
0.0207932
0.0207932
0.0207932
0.0207932
0.0207933
0.0207932
0.0207933
0.0207933
0.0207933
0.0207933
0.0207933
0.0207933
0.0207933
0.0207933
0.0207933
0.0207933
0.0207933
0.0207933
0.0207933
0.0207933
0.0207933
0.0207933
0.0207933
0.0207933
0.0207933
0.0207933
0.0207933
0.0207933
0.0207933
0.0207933
0.0207933
0.0207933
0.0207933
0.0207933
0.0207933
0.0207933
0.0207933
0.0207933
0.0207933
0.0207933
0.0207933
0.0207933
0.0207933
0.0207933
0.0207933
0.0207933
0.0207933
0.0207933
0.0207933
0.0207933
0.0207933
0.0207933
0.0207933
0.0207933
0.0207933
0.0207933
0.0207933
0.0207933
0.0207933
0.0207933
0.0207933
0.0207933
0.0207933
0.0207933
0.0207933
0.0207933
0.0207933
0.0207933
0.0207933
0.0207933
0.0207933
0.0207933
0.0207933
0.0207933
0.0207933
0.0207933
0.0207933
0.0207933
0.0207933
0.0207933
0.0207933
0.0207933
0.0207933
0.0207933
0.0207933
0.0207933
0.0207933
0.0207933
0.0207933
0.0207933
0.0207933
0.0207933
0.0207933
0.0207933
0.0207933
0.0207933
0.0207933
0.0207933
0.0207933
0.0207933
0.0207933
0.0207933
0.0207933
0.0207933
0.0207934
0.0207934
0.0207934
0.0207934
0.0207934
0.0207934
0.0207934
0.0207934
0.0207934
0.0207934
0.0207934
0.0207934
0.0207934
0.0207934
0.0207934
0.0207934
0.0207934
0.0207934
0.0207934
0.0207934
0.0207934
0.0207934
0.0207934
0.0207934
0.0207934
0.0207934
0.0207934
0.0207934
0.0207934
0.0207934
0.0207934
0.0207934
0.0207934
0.0207934
0.0207934
0.0207934
0.0207934
0.0207934
0.0207934
0.0207934
0.0207934
0.0207934
0.0207934
0.0207934
0.0207934
0.0207934
0.0207934
0.0207934
0.0207934
0.0207934
0.0207934
0.0207934
0.0207934
0.0207934
0.0207934
0.0207934
0.0207934
0.0207934
0.0207934
0.0207934
0.0207934
0.0207934
0.0207934
0.0207934
0.0207934
0.0207934
0.0207934
0.0207934
0.0207934
0.0207934
0.0207934
0.0207934
0.0207934
0.0207934
0.0207934
0.0207934
0.0207934
0.0207934
0.0207934
0.0207934
0.0207934
0.0207934
0.0207934
0.0207934
0.0207934
0.0207934
0.0207934
0.0207934
0.0207934
0.0207934
0.0207934
0.0207934
0.0207934
0.0207934
0.0207934
0.0207934
0.0207934
0.0207934
0.0207934
0.0207934
0.0207934
0.0207934
0.0207934
0.0207934
0.0207934
0.0207934
0.0207934
0.0207934
0.0207934
0.0207934
0.0207934
0.0207934
0.0207934
0.0207934
0.0207934
0.0207934
0.0207934
0.0207934
0.0207934
0.0207934
0.0207934
0.0207934
0.0207934
0.0207934
0.0207934
0.0207934
0.0207934
0.0207934
0.0207934
0.0207934
0.0207934
0.0207934
0.0207934
0.0207934
0.0207934
0.0207934
0.0207934
0.0207934
0.0207934
0.0207934
0.0207934
0.0207934
0.0207934
0.0207934
0.0207934
0.0207934
0.0207934
0.0207934
0.0207934
0.0207934
0.0207934
0.0207934
0.0207934
0.0207934
0.0207934
0.0207934
0.0207934
0.0207934
0.0207934
0.0207934
0.0207934
0.0207934
0.0207934
0.0207934
0.0207934
0.0207934
0.0207934
0.0207934
0.0207934
0.0207934
0.0207934
0.0207934
0.0207934
0.0207934
0.0207934
0.0207934
0.0207934
0.0207934
0.0207934
0.0207934
0.0207934
0.0207934
0.0207934
0.0207934
0.0207934
0.0207934
0.0207934
0.0207934
0.0207934
0.0207934
0.0207934
0.0207934
0.0207934
0.0207934
0.0207934
0.0207934
0.0207934
0.0207934
0.0207934
0.0207934
0.0207934
0.0207934
0.0207934
0.0207934
0.0207934
0.0207934
0.0207934
0.0207934
0.0207934
0.0207934
0.0207934
0.0207934
0.0207934
0.0207934
0.0207934
0.0207934
0.0207934
0.0207934
0.0207934
0.0207934
0.0207934
0.0207934
0.0207934
0.0207934
0.0207934
0.0207934
0.0207934
0.0207934
0.0207934
0.0207934
0.0207934
0.0207934
0.0207934
0.0207934
0.0207934
0.0207934
0.0207934
0.0207934
0.0207934
0.0207934
0.0207934
0.0207934
0.0207934
0.0207934
0.0207934
0.0207934
0.0207934
0.0207934
0.0207934
0.0207934
0.0207934
0.0207934
0.0207934
0.0207934
0.0207934
0.0207934
0.0207934
0.0207934
0.0207934
0.0207934
0.0207934
0.0207934
0.0207934
0.0207934
0.0207934
0.0207934
0.0207934
0.0207934
0.0207934
0.0207934
0.0207934
0.0207934
0.0207934
0.0207934
0.0207934
0.0207934
0.0207934
0.0207934
0.0207934
0.0207934
0.0207934
0.0207934
0.0207934
0.0207934
0.0207934
0.0207934
0.0207934
0.0207934
0.0207934
0.0207934
0.0207934
0.0207934
0.0207934
0.0207934
0.0207934
0.0207934
0.0207934
0.0207934
0.0207934
0.0207934
0.00655857
0.00855007
0.0109214
0.0126205
0.0141456
0.0153543
0.0163351
0.0171253
0.0177663
0.0182899
0.0187216
0.0190812
0.0193844
0.0196437
0.0198688
0.0200682
0.0202482
0.0204173
0.0205683
0.0207339
0.00649219
0.00856145
0.0108883
0.0126197
0.0141365
0.0153497
0.0163314
0.017123
0.0177648
0.0182891
0.018721
0.0190807
0.0193837
0.0196425
0.019867
0.0200652
0.0202433
0.0204092
0.0205502
0.0206955
0.00640104
0.00857023
0.0108342
0.0126096
0.0141137
0.0153331
0.0163169
0.0171111
0.0177552
0.018281
0.018714
0.0190742
0.0193772
0.0196354
0.0198586
0.0200548
0.0202293
0.020389
0.0205143
0.020642
0.00628193
0.00858161
0.010758
0.0125897
0.0140779
0.0153044
0.0162916
0.01709
0.0177375
0.018266
0.0187008
0.0190619
0.0193651
0.0196227
0.0198444
0.0200378
0.0202075
0.0203595
0.0204685
0.0205851
0.0061255
0.00860129
0.0106587
0.0125579
0.0140296
0.0152631
0.0162555
0.0170597
0.0177121
0.0182444
0.0186819
0.0190445
0.0193481
0.0196051
0.0198251
0.0200154
0.0201799
0.0203235
0.0204188
0.0205274
0.00594864
0.00865068
0.0105475
0.0125181
0.0139751
0.0152128
0.0162112
0.017022
0.0176805
0.0182175
0.0186583
0.0190229
0.0193272
0.0195838
0.019802
0.019989
0.0201483
0.0202839
0.0203687
0.0204696
0.00560001
0.00865582
0.0103602
0.0123973
0.0138621
0.0151144
0.0161313
0.016958
0.0176294
0.0181762
0.0186239
0.018993
0.0192997
0.0195569
0.0197742
0.0199586
0.0201133
0.0202421
0.0203204
0.020412
0.00527265
0.00922049
0.010719
0.0127541
0.014125
0.0152854
0.0162423
0.0170286
0.0176733
0.0182022
0.0186374
0.0189974
0.019297
0.0195479
0.0197592
0.0199371
0.0200847
0.0202047
0.0202778
0.0203559
0.00420816
0.00712162
0.00871008
0.0106622
0.0124163
0.0139213
0.015195
0.0162422
0.0170909
0.0177739
0.0183228
0.0187652
0.0191238
0.0194164
0.0196567
0.0198546
0.0200157
0.020144
0.0202276
0.0202955
0.00410578
0.00780094
0.0096678
0.0114132
0.0130589
0.0144534
0.0156196
0.0165742
0.017346
0.0179668
0.0184662
0.0188694
0.0191969
0.0194647
0.0196848
0.0198655
0.020012
0.0201271
0.0202075
0.0202552
0.00461139
0.00456186
0.0044976
0.00466151
0.00470489
0.00474544
0.00476709
0.00478005
0.00478923
0.0047979
0.00500302
0.00437124
0.00420923
0.00417998
0.00416946
0.00416847
0.00417222
0.00418052
0.00419469
0.00421603
0.00374207
0.00350854
0.00342643
0.00340142
0.00339877
0.00340637
0.00341584
0.0034233
0.00342703
0.00342634
0.00288637
0.00284092
0.00280606
0.00278496
0.00277449
0.00277078
0.00277051
0.00277156
0.0027728
0.00277359
0.00222633
0.0022155
0.00220382
0.00219354
0.00218681
0.00218301
0.00218118
0.00218043
0.00218021
0.00218006
0.00168109
0.00167816
0.00167512
0.00167088
0.00166748
0.00166498
0.00166327
0.00166209
0.00166131
0.00166066
0.00124054
0.00123488
0.00123075
0.00122581
0.00122153
0.00121801
0.00121535
0.00121356
0.00121272
0.00121269
0.00082264
0.000831553
0.000842413
0.000851638
0.000859819
0.00086638
0.000870925
0.000873039
0.000872409
0.000868435
0.000551642
0.000537742
0.000527657
0.000518766
0.000511744
0.000506452
0.000502842
0.000500827
0.000500395
0.000501059
0.000429047
0.000437858
0.000449357
0.000459809
0.000469757
0.000478525
0.000485564
0.00049042
0.000492279
0.00049278
0.00493024
0.00493434
0.00494299
0.00495789
0.00497616
0.00498333
0.00497584
0.00478854
0.00403938
0.00407445
0.00411883
0.00412204
0.0041257
0.00413044
0.00412989
0.0041106
0.00405004
0.00388624
0.00352134
0.00362829
0.00343819
0.00344634
0.0034577
0.0034734
0.00348675
0.00348936
0.00347147
0.00342325
0.00333672
0.00350047
0.00278404
0.00278813
0.00279067
0.00279496
0.00279675
0.00279335
0.00278249
0.00276508
0.00274923
0.00280254
0.00219455
0.00219756
0.00219753
0.00219925
0.00219964
0.00219817
0.00219457
0.00219058
0.00218939
0.002207
0.00166584
0.00166848
0.00166757
0.00166862
0.0016691
0.00166919
0.00166888
0.00166909
0.00166974
0.00167592
0.00126079
0.00126261
0.00125992
0.00125872
0.00125664
0.0012541
0.00125116
0.00124836
0.00124459
0.00124335
0.000749671
0.00075283
0.000754768
0.000759448
0.000765259
0.000772385
0.000780661
0.000790179
0.000799656
0.000811523
0.000668744
0.000668841
0.000659369
0.000648916
0.000635738
0.000621225
0.00060618
0.000591607
0.000576879
0.00056563
0.000369323
0.00037157
0.000373464
0.000377244
0.000382029
0.00038801
0.000395194
0.000403689
0.00041309
0.000423398
0.0202242
0.0201969
0.0201468
0.0200802
0.0200033
0.019921
0.0198367
0.0197531
0.0196712
0.0195911
0.0202111
0.0202129
0.0202165
0.0202217
0.0202286
0.0202371
0.0202465
0.0202607
0.0202593
0.0202825
0.0201774
0.0201791
0.0201824
0.0201873
0.0201937
0.0202017
0.0202097
0.0202287
0.0202029
0.0202381
0.0201242
0.0201258
0.020129
0.0201337
0.0201398
0.0201476
0.0201537
0.020181
0.0201171
0.0201702
0.0200473
0.020049
0.0200522
0.020057
0.0200632
0.0200713
0.0200755
0.0201165
0.0200005
0.0200773
0.0199424
0.019944
0.0199472
0.019952
0.0199583
0.0199672
0.0199697
0.0200352
0.0198559
0.0199589
0.0198022
0.0198036
0.0198064
0.0198106
0.0198167
0.0198278
0.0198298
0.019944
0.0196982
0.0198189
0.0196255
0.0196261
0.0196271
0.0196284
0.0196299
0.0196328
0.019617
0.0198606
0.0195809
0.0196536
0.0194032
0.019403
0.0194028
0.0194025
0.0194023
0.0194049
0.0194005
0.0196908
0.0192916
0.0194487
0.0191221
0.0191214
0.0191202
0.0191189
0.0191195
0.0191266
0.0192108
0.019431
0.0187663
0.0191579
0.0187649
0.0187634
0.018761
0.0187595
0.0187643
0.0188074
0.019044
0.0190979
0.0180013
0.018721
0.0183136
0.018312
0.0183098
0.0183119
0.0183476
0.0185854
0.0187202
0.018262
0.0170942
0.0183007
0.0177393
0.017743
0.0177585
0.0178288
0.0180107
0.0180688
0.0176184
0.0172016
0.0163988
0.0178567
0.0170306
0.0170962
0.0171809
0.0171659
0.0170829
0.0169947
0.0165306
0.0162497
0.0155864
0.0172037
0.0161811
0.0161778
0.0161639
0.0161335
0.0160223
0.0156561
0.0152312
0.0154313
0.0147429
0.016243
0.0149775
0.0149748
0.0149059
0.0146768
0.0144042
0.0142541
0.0141821
0.0144396
0.0135436
0.0149291
0.0133179
0.013254
0.0131392
0.0130024
0.0128855
0.0128117
0.0127443
0.0129708
0.0121294
0.0132832
0.011288
0.0112526
0.0111917
0.0111215
0.0110597
0.0110233
0.0109878
0.0111475
0.0105462
0.0112805
0.00892974
0.00889294
0.0088301
0.00875939
0.00870207
0.00868311
0.0086955
0.00902537
0.00872763
0.00946878
0.00649667
0.00651936
0.00657143
0.00666464
0.00681352
0.00703034
0.00730992
0.00766909
0.0075657
0.00631832
0.0194514
0.0192308
0.0190498
0.0189
0.0187856
0.0187067
0.018663
0.0186534
0.0186765
0.0187308
0.0188143
0.0189249
0.0190606
0.0192187
0.0193965
0.0195905
0.0197956
0.0200031
0.0201941
0.0203246
0.0203203
0.020359
0.0204238
0.0204863
0.0205503
0.0206095
0.0206547
0.0206701
0.02065
0.0206101
0.0205649
0.0205206
0.02048
0.0204441
0.0204133
0.0203877
0.0203675
0.0203524
0.0203424
0.0203374
0.0202938
0.020311
0.0203789
0.0204349
0.0204911
0.0205394
0.0205734
0.0205864
0.0205773
0.0205522
0.0205191
0.0204838
0.0204497
0.0204186
0.0203914
0.0203686
0.0203504
0.0203367
0.0203276
0.0203231
0.0202534
0.0202393
0.0203135
0.020363
0.0204132
0.0204549
0.0204842
0.0204979
0.020496
0.0204817
0.0204594
0.0204335
0.0204071
0.0203821
0.0203597
0.0203406
0.0203252
0.0203136
0.0203058
0.0203019
0.020198
0.020143
0.0202277
0.0202721
0.0203192
0.0203581
0.0203867
0.0204031
0.0204075
0.020402
0.0203893
0.0203725
0.0203541
0.0203358
0.0203191
0.0203045
0.0202925
0.0202834
0.0202773
0.0202742
0.0201251
0.0200197
0.0201199
0.0201614
0.0202085
0.020248
0.0202788
0.0202997
0.020311
0.0203138
0.0203102
0.0203023
0.0202921
0.0202811
0.0202705
0.0202609
0.0202529
0.0202468
0.0202426
0.0202405
0.0200258
0.0198626
0.0199869
0.0200279
0.0200786
0.0201221
0.0201581
0.0201857
0.0202049
0.0202167
0.0202225
0.0202238
0.0202222
0.020219
0.020215
0.0202109
0.0202073
0.0202045
0.0202025
0.0202015
0.0198834
0.019664
0.0198234
0.0198671
0.0199257
0.0199771
0.0200218
0.0200587
0.0200879
0.0201101
0.0201262
0.0201375
0.0201452
0.0201502
0.0201535
0.0201555
0.0201568
0.0201575
0.020158
0.0201582
0.0197461
0.0194085
0.0196209
0.0196727
0.0197448
0.0198091
0.0198666
0.0199164
0.0199584
0.019993
0.0200212
0.0200438
0.0200617
0.020076
0.0200872
0.0200959
0.0201025
0.0201073
0.0201104
0.0201119
0.0195884
0.0190842
0.0193696
0.0194374
0.0195302
0.0196136
0.0196893
0.0197564
0.0198148
0.0198649
0.0199073
0.019943
0.0199728
0.0199974
0.0200176
0.0200337
0.0200462
0.0200555
0.0200615
0.0200645
0.0193515
0.0186925
0.0190606
0.0191538
0.0192758
0.019386
0.0194866
0.0195766
0.019656
0.0197252
0.019785
0.0198362
0.0198796
0.0199161
0.0199464
0.0199708
0.01999
0.0200042
0.0200135
0.0200181
0.0190196
0.018227
0.0186829
0.0188132
0.0189747
0.0191212
0.0192548
0.0193747
0.0194809
0.019574
0.0196548
0.0197244
0.0197839
0.0198341
0.0198758
0.0199097
0.0199363
0.019956
0.019969
0.0199754
0.0185444
0.017666
0.0182179
0.0184036
0.0186184
0.0188135
0.0189907
0.0191491
0.0192891
0.0194116
0.0195179
0.0196095
0.0196877
0.0197537
0.0198086
0.0198532
0.0198881
0.019914
0.0199311
0.0199396
0.0178787
0.0169955
0.0176448
0.0179112
0.0181974
0.0184571
0.0186909
0.0188984
0.0190806
0.0192391
0.0193761
0.0194937
0.0195937
0.0196779
0.0197477
0.0198044
0.0198489
0.0198817
0.0199034
0.0199141
0.0169276
0.0161919
0.016937
0.0173199
0.0177013
0.0180459
0.0183524
0.0186217
0.018856
0.0190583
0.0192318
0.0193797
0.0195048
0.0196098
0.0196967
0.019767
0.0198221
0.0198628
0.0198896
0.019903
0.015623
0.0152384
0.0160737
0.0166175
0.0171236
0.0175774
0.0179755
0.0183211
0.0186184
0.0188724
0.0190883
0.0192711
0.0194248
0.0195531
0.019659
0.0197446
0.0198116
0.0198611
0.0198938
0.01991
0.0138787
0.0140878
0.015002
0.0157621
0.0164335
0.01703
0.0175458
0.0179874
0.0183622
0.0186786
0.0189448
0.0191679
0.0193544
0.0195092
0.0196366
0.0197395
0.0198202
0.0198799
0.0199194
0.0199391
0.011744
0.0129258
0.0139721
0.0149763
0.0158179
0.016554
0.0171813
0.0177117
0.0181568
0.0185291
0.0188396
0.0190984
0.0193137
0.0194924
0.0196394
0.0197586
0.0198525
0.0199226
0.0199695
0.0199928
0.00869204
0.0102384
0.0114934
0.0129356
0.0142006
0.0153064
0.0162379
0.0170096
0.0176425
0.0181592
0.0185806
0.0189247
0.0192061
0.0194364
0.0196245
0.0197764
0.0198965
0.0199867
0.0200482
0.0200782
0.0074976
0.0131091
0.0136128
0.0145723
0.0154193
0.0162082
0.0169039
0.0175018
0.0180068
0.0184301
0.0187841
0.0190803
0.0193287
0.0195373
0.0197123
0.0198579
0.0199765
0.0200684
0.0201349
0.0201665
0.00450981
0.00767661
0.00924776
0.0108245
0.0124112
0.0138238
0.015049
0.01608
0.016931
0.0176256
0.0181897
0.0186475
0.0190198
0.0193234
0.0195715
0.0197735
0.0199356
0.0200603
0.0201487
0.0201953
0.0038669
0.00599946
0.00759513
0.00938271
0.0111577
0.0127804
0.0142052
0.0154126
0.0164125
0.017229
0.0178907
0.0184257
0.0188586
0.0192099
0.0194958
0.0197281
0.0199147
0.0200592
0.0201578
0.0202201
0.00557174
0.00950395
0.0113413
0.013126
0.0143852
0.0154602
0.0163518
0.0170907
0.0177012
0.0182054
0.018623
0.0189703
0.0192608
0.0195052
0.0197116
0.0198858
0.0200306
0.0201466
0.0202233
0.0202845
0.00594741
0.00847417
0.0103998
0.0122463
0.0137098
0.0149595
0.0159854
0.0168251
0.0175104
0.0180705
0.01853
0.0189091
0.0192243
0.0194883
0.0197109
0.0198989
0.0200563
0.0201843
0.020269
0.0203413
0.00637482
0.00850112
0.0106595
0.0124442
0.013906
0.0151283
0.0161253
0.0169387
0.017602
0.0181446
0.0185909
0.0189605
0.0192692
0.0195293
0.0197503
0.019939
0.0200993
0.0202328
0.0203231
0.0204026
0.00647379
0.00846342
0.0107548
0.0124868
0.0139725
0.0151914
0.0161837
0.0169902
0.0176468
0.0181838
0.0186258
0.0189925
0.0192997
0.0195596
0.0197817
0.0199732
0.0201383
0.0202794
0.020379
0.020466
0.00656668
0.00847087
0.0108395
0.0125331
0.0140377
0.0152506
0.0162377
0.0170374
0.0176878
0.0182196
0.0186576
0.0190217
0.0193274
0.019587
0.0198102
0.0200043
0.0201742
0.0203234
0.0204353
0.0205312
0.0066093
0.00848937
0.0108951
0.0125681
0.0140867
0.0152953
0.0162791
0.0170741
0.01772
0.0182481
0.0186832
0.0190454
0.0193501
0.0196097
0.0198339
0.0200305
0.0202049
0.0203621
0.0204885
0.0205972
0.00661905
0.00851244
0.0109258
0.0125945
0.0141211
0.0153273
0.0163091
0.017101
0.0177439
0.0182694
0.0187026
0.0190635
0.0193675
0.0196271
0.019852
0.0200504
0.0202284
0.0203925
0.0205334
0.0206621
0.00660115
0.00853366
0.010934
0.012612
0.0141406
0.0153469
0.0163277
0.017118
0.0177593
0.0182834
0.0187155
0.0190755
0.019379
0.0196385
0.0198638
0.0200632
0.0202432
0.0204116
0.0205624
0.0207184
)
;

boundaryField
{
    down
    {
        type            symmetry;
    }
    right
    {
        type            zeroGradient;
    }
    up
    {
        type            symmetry;
    }
    left
    {
        type            zeroGradient;
    }
    cylinder
    {
        type            symmetry;
    }
    defaultFaces
    {
        type            empty;
    }
}


// ************************************************************************* //
