/*--------------------------------*- C++ -*----------------------------------*\
  =========                 |
  \\      /  F ield         | OpenFOAM: The Open Source CFD Toolbox
   \\    /   O peration     | Website:  https://openfoam.org
    \\  /    A nd           | Version:  10
     \\/     M anipulation  |
\*---------------------------------------------------------------------------*/
FoamFile
{
    format      ascii;
    class       volScalarField;
    location    "2.64e-05";
    object      p;
}
// * * * * * * * * * * * * * * * * * * * * * * * * * * * * * * * * * * * * * //

dimensions      [0 2 -2 0 0 0 0];

internalField   nonuniform List<scalar> 
7600
(
37745.8
34756.9
28287.3
23947.9
20454.3
17635.2
15305.7
13343.2
11684.2
10067.2
33598.6
30866.4
24955.4
20996
17809.6
15240.1
13118.7
11333
9838.34
8420.38
29177.2
26725
21411.7
17857
14997.7
12693.9
10794.9
9201.43
7881.27
6645.43
24514.2
22358.3
17677.8
14549.8
12035.3
10010.8
8344.05
6947.95
5794.55
4708.45
19639.1
17791.8
13775.3
11094
8939.53
7206.11
5779.82
4585.57
3597.99
2661.75
14582
13053.2
9727.84
7510.18
5729.1
4296.66
3118.31
2131.31
1313.79
535.278
9373.91
8171.26
5559.96
3820.34
2423.62
1300.58
376.737
-397.515
-1039.71
-1652.82
4045.8
3175.98
1297.52
47.2922
-956.378
-1763.32
-2427.24
-2983.93
-3446.12
-3887.98
-1371.35
-1901.47
-3032.67
-3785.35
-4389.76
-4875.78
-5275.76
-5611.3
-5890.04
-6156.7
-6849.67
-7027.6
-7402.72
-7653.28
-7854.87
-8017.17
-8150.87
-8263.1
-8356.38
-8445.62
60032.6
55647.4
46175.6
39850
34780.3
30718.1
27394.8
24641.9
22340.4
20414.5
59603.4
55246.3
45833.7
39543.7
34501.2
30458.6
27148.6
24403.4
22103.2
20175.7
58747.9
54445.4
45147.9
38930.8
33943.8
29941.7
26659.6
23930.9
21634.9
19705.7
57469.2
53247.6
44121.7
38015
33112.6
29173
25935.1
23234.2
20947.7
19019.5
55776.5
51662.3
42763.3
36804
32015.6
28161.8
24986.4
22327.3
20059.4
18138.9
53681
49700.3
41082.2
35307.1
30662.4
26918.8
23826.9
21227.7
18993
17092.1
51196.6
47374.8
39090.1
33535
29063.9
25456.1
22470.9
19954.4
17775
15914
48340
44701.3
36800.1
31499.8
27231.8
23785.5
20931.8
18524.8
16434.8
14652.7
45130.9
41697.1
34226.9
29214.9
25178.1
21918
19219
16947.3
14991.7
13370.9
41591.6
38378
31384.9
26693.3
22914.9
19863.7
17337.8
15211.1
13389.5
11920.3
16485.9
12440.2
9783.73
7880.75
6456.07
5350.41
4472.56
3756.04
3159.65
2661.66
2244.43
1893.59
1596.66
1342.35
1127.43
946.563
794.792
667.635
560.966
471.569
396.624
333.674
280.717
236.204
198.804
167.376
140.957
118.738
100.043
84.3052
71.0528
59.8895
50.4839
42.5576
35.8772
30.246
25.4993
21.4976
18.1242
15.2803
12.883
10.862
9.15854
7.72258
6.51234
5.49222
4.63255
3.90793
3.29734
2.78262
2.34889
1.98322
1.67507
1.41522
1.19623
1.0115
0.855787
0.724354
0.613535
0.519895
0.440886
0.37401
0.317514
0.269596
0.22907
0.194615
0.165435
0.140496
0.119265
0.100958
0.0852664
0.0715713
0.059707
0.0491617
0.0398671
0.0314018
0.0237586
0.0165598
0.00983543
0.00324561
16312.7
12331.2
9710.88
7827.61
6414.53
5316.02
4442.91
3732.19
3140.4
2646.01
2231.69
1883.24
1589.04
1336.94
1123.38
943.438
792.33
665.682
559.39
470.292
395.59
332.83
280.019
235.627
198.326
166.98
140.629
118.466
99.8165
84.1169
70.896
59.7588
50.3749
42.4666
35.8012
30.1826
25.4462
21.4533
18.0872
15.2494
12.8571
10.8404
9.14048
7.70748
6.49973
5.48168
4.62375
3.90058
3.29119
2.77749
2.3446
1.97964
1.67208
1.41273
1.19415
1.00976
0.854339
0.72315
0.612527
0.519058
0.440183
0.373428
0.317024
0.269191
0.228728
0.194334
0.165195
0.140298
0.119093
0.100818
0.0851436
0.071474
0.0596215
0.049097
0.0398105
0.0313626
0.0237245
0.0165409
0.00981991
0.0032438
15972.9
12117.7
9567.73
7723.11
6332.82
5248.47
4384.8
3684.74
3102.08
2614.86
2206.31
1862.57
1573.16
1325.91
1115.19
937.137
787.38
661.766
556.234
467.737
393.522
331.145
278.627
234.475
197.373
166.191
139.975
117.923
99.3656
83.7418
70.5836
59.4984
50.1577
42.2854
35.6499
30.0562
25.3407
21.3651
18.0135
15.1878
12.8056
10.7974
9.10452
7.67744
6.47462
5.46071
4.60622
3.88595
3.27896
2.76728
2.33608
1.97253
1.66615
1.40778
1.19002
1.00632
0.851466
0.720759
0.61053
0.517397
0.438795
0.372274
0.316059
0.26839
0.228058
0.19378
0.164728
0.139907
0.118758
0.100538
0.084905
0.071278
0.059455
0.0489643
0.0397001
0.0312798
0.0236588
0.0164988
0.00979178
0.0032371
15479.2
11808.1
9359.23
7570.65
6213.56
5150.09
4300.45
3614.21
3045.08
2568.49
2168.5
1831.68
1548.13
1308.67
1102.6
927.533
779.878
655.858
551.486
463.901
390.422
328.624
276.546
232.753
195.949
165.013
138.999
117.114
98.6934
83.1828
70.1182
59.1106
49.8343
42.0155
35.4246
29.868
25.1835
21.2337
17.9037
15.096
12.729
10.7333
9.05098
7.63271
6.43724
5.42948
4.58013
3.86416
3.26076
2.75209
2.32339
1.96195
1.65731
1.40041
1.18387
1.0012
0.847189
0.717199
0.607559
0.514925
0.436731
0.370558
0.314626
0.2672
0.227062
0.192957
0.164034
0.139324
0.118259
0.100121
0.0845485
0.0709841
0.0592055
0.0487643
0.0395342
0.0311545
0.0235598
0.0164346
0.00974961
0.00322582
14849.7
11414.4
9092.44
7375.04
6060.36
5024.03
4192.89
3521.12
2969.94
2507.32
2118.58
1790.79
1514.86
1283.9
1085.04
914.356
769.686
647.892
545.112
458.768
386.289
325.271
273.781
230.469
194.063
163.454
137.708
116.044
97.8047
82.444
69.5032
58.5982
49.4071
41.6591
35.1271
29.6196
24.9759
21.0604
17.7588
14.975
12.6278
10.6488
8.98033
7.57368
6.38791
5.38828
4.5457
3.83541
3.23675
2.73204
2.30665
1.94797
1.64565
1.39069
1.17575
0.994434
0.841547
0.712499
0.603638
0.511661
0.434007
0.368293
0.312736
0.26563
0.225751
0.191869
0.163117
0.13855
0.1176
0.0995663
0.0840771
0.0705922
0.0588756
0.0484967
0.0393148
0.0309857
0.0234293
0.0163472
0.00969466
0.00320948
14106.5
10951.2
8776.21
7142.24
5877.63
4874
4065.69
3409.47
2877.49
2431.91
2056.98
1740.22
1473.47
1249.51
1061.25
897.014
756.497
637.719
537.035
452.301
381.107
321.085
270.335
227.628
191.72
161.52
136.109
114.719
96.7056
81.5307
68.7434
57.9654
48.8796
41.2191
34.7599
29.313
24.7199
20.8465
17.5801
14.8256
12.503
10.5445
8.89318
7.50086
6.32706
5.33745
4.50323
3.79994
3.20711
2.7073
2.28598
1.93073
1.63125
1.37868
1.16573
0.986084
0.83458
0.706696
0.598795
0.50763
0.430643
0.365495
0.310401
0.26369
0.22413
0.190522
0.161975
0.137588
0.116777
0.0988756
0.083488
0.0701036
0.0584626
0.0481629
0.0390394
0.0307749
0.023265
0.0162382
0.00962476
0.00318943
13274.7
10434.6
8420.79
6879.04
5670.23
4703.92
3922.48
3285.76
2768.31
2342.97
1984.24
1680.39
1424.38
1208.87
1027.19
873.895
739.62
624.973
527.058
444.391
374.822
316.045
266.2
224.23
188.925
159.217
134.209
113.147
95.4027
80.449
67.844
57.2168
48.2559
40.699
34.3259
28.9508
24.4174
20.5938
17.3691
14.6493
12.3557
10.4214
8.79028
7.41488
6.25522
5.27743
4.45309
3.75805
3.17212
2.67809
2.26159
1.91037
1.61425
1.3645
1.1539
0.976217
0.826347
0.699836
0.593072
0.502864
0.426666
0.362187
0.307641
0.261395
0.222215
0.188925
0.160616
0.136438
0.115797
0.0980492
0.0827859
0.0695181
0.0579702
0.0477618
0.0387111
0.0305208
0.0230694
0.0161058
0.00954234
0.00316438
12381
9879.25
8036.39
6592.07
5442.74
4517.33
3766.24
3152.63
2651.41
2240.85
1900.97
1611.77
1367.96
1162.2
988.336
841.241
716.294
608.655
514.694
434.754
367.262
310.05
261.322
220.246
185.666
156.543
132.008
111.331
93.9006
79.2038
66.81
56.357
47.54
40.1025
33.8285
28.5357
24.0709
20.3045
17.1273
14.4474
12.1869
10.2804
8.67246
7.31643
6.17295
5.20869
4.39565
3.71008
3.13204
2.64461
2.23363
1.88703
1.59477
1.34824
1.14033
0.9649
0.816903
0.691964
0.586503
0.497391
0.4221
0.358385
0.30447
0.258757
0.220011
0.187069
0.159036
0.1351
0.114655
0.0970861
0.0819671
0.0688349
0.0573955
0.0472934
0.0383274
0.0302235
0.0228405
0.0159505
0.0094457
0.00313532
11455.9
9316.66
7641.06
6294.3
5204.53
4321.18
3602.3
3014.23
2532.65
2136.74
1808.1
1534.97
1305.01
1110.28
945.16
805.236
686.023
583.655
497.112
422.248
358.051
303.032
255.652
215.645
181.925
153.492
129.508
109.276
92.2053
77.8019
65.6481
55.3923
46.7379
39.4348
33.2722
28.0719
23.6839
19.9815
16.8576
14.2221
11.9988
10.1232
8.54116
7.20675
6.08131
5.13214
4.3317
3.65665
3.08742
2.60735
2.20251
1.86105
1.57308
1.33014
1.12522
0.9523
0.806389
0.683198
0.579189
0.491297
0.417015
0.354152
0.30094
0.255818
0.217554
0.184992
0.157264
0.133594
0.11337
0.0959985
0.0810431
0.0680612
0.0567457
0.0467613
0.0378929
0.0298847
0.0225812
0.0157724
0.00933686
0.00310171
10448.3
8723.2
7209.08
5954.66
4928.6
4094.32
3414.34
2857.65
2401.16
2025.38
1713.33
1453.06
1233.31
1049.2
894.442
763.152
651.196
555.031
473.062
402.306
341.626
290.103
246.674
209.079
176.95
149.628
126.454
106.83
90.2271
76.19
64.327
54.3046
45.8391
38.6901
32.6537
27.5574
23.2553
19.624
16.5593
13.973
11.7906
9.9492
8.39567
7.08508
5.97956
5.04703
4.26051
3.59712
3.03761
2.5657
2.16768
1.83193
1.54873
1.3098
1.10822
0.938095
0.794519
0.673286
0.570908
0.484384
0.411241
0.349336
0.296919
0.252465
0.214717
0.182578
0.155208
0.13185
0.111886
0.094745
0.0799815
0.0671731
0.0560021
0.0461525
0.0373972
0.0294975
0.0222857
0.0155689
0.00921349
0.00306332
7300.8
7057.58
6055.43
5124.81
4298.79
3602.94
3024.04
2544.02
2146.43
1816.63
1541.59
1311.32
1116.97
952.796
813.875
695.788
594.928
508.324
434.184
370.256
315.257
268.156
227.961
193.495
164.039
138.946
117.617
99.5173
84.1733
71.1757
60.1716
50.8594
42.9816
36.319
30.6854
25.923
21.8977
18.496
15.6218
13.1936
11.1424
9.41001
7.94703
6.71168
5.66869
4.78816
4.04486
3.41744
2.88785
2.44085
2.06356
1.74509
1.47627
1.24933
1.05774
0.895949
0.759312
0.643877
0.546325
0.463839
0.394057
0.33497
0.284901
0.242414
0.206306
0.175557
0.149347
0.126966
0.107812
0.0913593
0.0771684
0.0648523
0.0540933
0.0446056
0.0361574
0.0285347
0.0215623
0.0150705
0.00891821
0.00296926
4010.2
4706.14
4440.11
3987.62
3478.5
2994.19
2560.61
2183.6
1860.72
1586.24
1353.33
1155.72
987.628
844.649
722.911
618.971
529.949
453.465
387.767
331.162
282.446
240.643
204.852
174.146
147.861
125.418
106.297
90.0345
76.2222
64.5028
54.5672
46.1492
39.0208
32.9868
27.8811
23.5622
19.9099
16.822
14.2118
12.0059
10.1419
8.56723
7.23708
6.11364
5.16492
4.36383
3.68745
3.11641
2.63433
2.22736
1.88379
1.59373
1.34885
1.14207
0.967457
0.819974
0.695378
0.590083
0.501065
0.425767
0.362035
0.308046
0.262267
0.223399
0.19035
0.162198
0.138177
0.11764
0.100034
0.0848873
0.0717967
0.0604163
0.0504524
0.0416507
0.0337949
0.0266948
0.0201853
0.0141168
0.00835622
0.00278319
1517.96
2608.45
2829.09
2759.99
2539.48
2267.76
1991.19
1731.49
1497.37
1290.99
1111.22
955.671
821.463
705.953
606.64
521.204
447.605
384.106
329.314
281.978
241.12
205.927
175.668
149.655
127.331
108.216
91.8825
77.953
66.0919
56.0051
47.4361
40.1628
33.9937
28.7642
24.3335
20.5811
17.4045
14.7161
12.4416
10.5178
8.89094
7.51553
6.35292
5.37034
4.54005
3.83853
3.24587
2.74522
2.32232
1.96511
1.66338
1.4085
1.19318
1.01127
0.857554
0.727637
0.617806
0.52492
0.446331
0.379799
0.323434
0.275639
0.235068
0.200583
0.171225
0.146185
0.124786
0.106457
0.090709
0.0771286
0.0653611
0.055103
0.0460954
0.0381151
0.0309706
0.0244946
0.0185403
0.0129765
0.00768506
0.00255982
-347.629
894.609
1420.12
1629.36
1641.74
1554.24
1420.86
1272.12
1124.34
985.64
859.5
746.89
647.468
560.348
484.365
418.251
360.78
310.836
267.461
229.797
197.135
168.865
144.445
123.375
105.229
89.636
76.2674
64.8295
55.0614
46.7322
39.6393
33.6059
28.4785
24.1246
20.43
17.2967
14.6407
12.3903
10.4843
8.87063
7.50478
6.34903
5.37129
4.54431
3.84499
3.25369
2.75381
2.33125
1.97406
1.67215
1.41695
1.20124
1.01887
0.864687
0.734298
0.624005
0.530681
0.451681
0.38477
0.328062
0.27996
0.239118
0.204398
0.174839
0.14963
0.128088
0.109637
0.0937925
0.08014
0.0683283
0.0580571
0.0490696
0.0411459
0.034097
0.0277599
0.0219924
0.0166693
0.0116792
0.00692135
0.00230549
-1760.9
-495.585
205.356
606.133
797.951
863.917
856.819
810.206
744.523
671.848
599.028
529.742
465.774
407.835
356.001
309.99
269.346
233.559
202.13
174.582
150.492
129.481
111.202
95.3339
81.5915
69.7211
59.4945
50.7058
43.1694
36.7196
31.209
26.5076
22.5015
19.0916
16.1918
13.7276
11.6352
9.85938
8.35311
7.07602
5.99369
5.07672
4.30008
3.64249
3.0858
2.61463
2.2159
1.87851
1.59305
1.35152
1.14716
0.974239
0.827901
0.704036
0.599168
0.510353
0.435102
0.371309
0.317196
0.271255
0.232214
0.198997
0.170695
0.146541
0.125885
0.10818
0.0929641
0.0798465
0.0684954
0.0586281
0.0500034
0.0424148
0.0356854
0.0296631
0.0242164
0.0192304
0.0146038
0.0102467
0.00607806
0.00202464
-2846.9
-1616.77
-824
-297.85
26.4204
215.068
314.978
358.811
368.373
357.859
336.308
309.367
280.484
251.711
224.209
198.575
175.064
153.733
134.53
117.347
102.051
88.5015
76.5513
66.0517
56.8611
48.8463
41.8818
35.8502
30.6424
26.158
22.3054
19.0024
16.1756
13.76
11.6984
9.94097
8.44424
7.17061
6.08763
5.16733
4.3857
3.72218
3.15913
2.68152
2.2765
1.93311
1.64204
1.39535
1.18628
1.0091
0.858937
0.731658
0.623754
0.532251
0.454629
0.388751
0.332809
0.28527
0.244836
0.21041
0.181061
0.156003
0.134571
0.116202
0.10042
0.0868224
0.0750695
0.0648729
0.0559878
0.0482053
0.041347
0.0352602
0.0298135
0.0248942
0.0204045
0.0162587
0.0123813
0.00870529
0.00517048
0.00172238
-3694.73
-2522.86
-1689.58
-1085.39
-666.591
-382.802
-194.831
-73.1356
3.52182
50.0027
76.5114
89.9662
95.0153
94.7634
91.2677
85.8796
79.4802
72.6415
65.7347
58.9976
52.5824
46.5824
41.0485
36.0012
31.4411
27.3555
23.722
20.5116
17.6912
15.2257
13.0794
11.2179
9.6085
8.22065
7.0266
6.00129
5.12235
4.36994
3.72665
3.17723
2.7084
2.30865
1.96802
1.67794
1.43101
1.22089
1.04213
0.890098
0.760795
0.650824
0.557286
0.477708
0.409985
0.352324
0.303203
0.261326
0.225593
0.195069
0.168961
0.146596
0.127401
0.110894
0.0966618
0.0843571
0.0736843
0.0643933
0.0562715
0.0491386
0.0428408
0.0372466
0.0322433
0.0277341
0.0236356
0.019876
0.0163927
0.0131308
0.0100417
0.0070825
0.00421498
0.00140416
-4365.68
-3258.28
-2414.74
-1765.04
-1280.86
-925.095
-666.336
-479.139
-343.999
-246.417
-175.832
-124.651
-87.4471
-60.3533
-40.613
-26.2567
-15.8694
-8.42482
-3.1701
0.453684
2.8669
4.38822
5.25964
5.66475
5.74304
5.60002
5.3146
4.94479
4.53233
4.10638
3.68665
3.28583
2.91153
2.56772
2.25588
1.97582
1.72627
1.50529
1.31063
1.13986
0.990573
0.860441
0.747274
0.64905
0.563932
0.490262
0.426561
0.371517
0.323974
0.282915
0.247452
0.21681
0.190319
0.167395
0.147536
0.130305
0.11533
0.102288
0.0909014
0.0809327
0.0721779
0.0644618
0.0576344
0.0515672
0.0461503
0.0412893
0.0369035
0.0329233
0.0292887
0.0259477
0.0228549
0.0199712
0.0172623
0.0146982
0.0122528
0.00990276
0.00762699
0.00540747
0.00322866
0.00107567
-4902.45
-3858.03
-3021.33
-2347.83
-1819.85
-1410.8
-1096.21
-854.93
-669.763
-527.218
-416.962
-331.195
-264.071
-211.222
-169.382
-136.098
-109.515
-88.2219
-71.1283
-57.3865
-46.3291
-37.4267
-30.2566
-24.4802
-19.825
-16.0715
-13.0428
-10.5965
-8.61818
-7.01612
-5.71685
-4.66154
-3.80309
-3.10378
-2.53333
-2.06742
-1.68648
-1.37471
-1.11935
-0.910058
-0.738442
-0.597679
-0.48221
-0.387498
-0.309836
-0.24619
-0.194073
-0.151446
-0.116635
-0.0882632
-0.0651987
-0.0465093
-0.0314272
-0.019319
-0.00966228
-0.00202587
0.00394637
0.00854852
0.0120235
0.0145718
0.0163593
0.0175228
0.0181751
0.0184096
0.018303
0.0179186
0.0173083
0.0165147
0.0155724
0.0145096
0.0133494
0.0121102
0.0108074
0.0094536
0.00805907
0.0066323
0.00518036
0.00371021
0.00222921
0.000742819
-5335.37
-4349.12
-3528.33
-2845.07
-2288.9
-1841.16
-1483.24
-1198
-970.705
-789.233
-643.853
-526.901
-432.396
-355.69
-293.173
-242.036
-200.079
-165.569
-137.13
-113.658
-94.2645
-78.2273
-64.9561
-53.9675
-44.8638
-37.3174
-31.058
-25.8626
-21.5474
-17.9605
-14.9768
-12.493
-10.424
-8.6994
-7.26098
-6.06064
-5.05849
-4.2215
-3.52219
-2.93778
-2.44928
-2.0409
-1.69946
-1.414
-1.17534
-0.975841
-0.809107
-0.669796
-0.553441
-0.456305
-0.375261
-0.307694
-0.251411
-0.204579
-0.165659
-0.133365
-0.106618
-0.0845138
-0.066295
-0.0513267
-0.0390772
-0.0291006
-0.0210235
-0.0145332
-0.00936747
-0.00530703
-0.00216816
0.000202882
0.00193483
0.00313554
0.00389551
0.0042909
0.00438605
0.00423557
0.00388613
0.00337781
0.00274549
0.00202102
0.00123448
0.000411531
-5686.47
-4752.31
-3951.59
-3267.37
-2694.03
-2218.75
-1827.66
-1507.15
-1244.87
-1030.17
-854.154
-709.511
-590.336
-491.876
-410.321
-342.613
-286.291
-239.367
-200.224
-167.541
-140.234
-117.407
-98.3173
-82.3491
-68.9887
-57.8077
-48.4483
-40.6118
-34.0487
-28.5504
-23.9429
-20.0807
-16.8425
-14.1268
-11.8487
-9.93732
-8.33342
-6.98732
-5.85749
-4.90911
-4.11301
-3.44474
-2.8838
-2.41297
-2.01781
-1.68622
-1.40801
-1.17464
-0.978936
-0.814874
-0.677391
-0.562233
-0.465829
-0.385175
-0.317749
-0.261431
-0.21444
-0.175278
-0.142688
-0.115612
-0.0931624
-0.0745922
-0.0592747
-0.0466831
-0.036375
-0.0279789
-0.0211826
-0.015724
-0.0113826
-0.00797299
-0.00533874
-0.00334765
-0.00188758
-0.000862902
-0.00019155
0.000197361
0.000365869
0.000370086
0.000262262
8.77399e-05
-5971.99
-5083.53
-4304.11
-3624.17
-3041.23
-2546.77
-2130.62
-1782.14
-1491.15
-1248.47
-1046.1
-877.224
-736.159
-618.174
-519.368
-436.527
-367.003
-308.609
-259.534
-218.275
-183.578
-154.394
-129.848
-109.201
-91.8345
-77.2285
-64.9444
-54.6132
-45.9245
-38.617
-32.4711
-27.3019
-22.9541
-19.297
-16.2209
-13.6333
-11.4568
-9.62606
-8.08614
-6.79094
-5.70161
-4.78551
-4.01516
-3.36745
-2.82292
-2.36521
-1.98054
-1.65733
-1.38583
-1.15781
-0.966388
-0.80574
-0.670978
-0.557985
-0.463298
-0.384003
-0.317647
-0.262166
-0.215826
-0.177164
-0.144952
-0.118157
-0.0959091
-0.0774768
-0.0622457
-0.0496984
-0.0394003
-0.030985
-0.0241448
-0.0186194
-0.0141899
-0.01067
-0.00790211
-0.00575117
-0.00410149
-0.00285241
-0.00191615
-0.00121313
-0.000670157
-0.000222794
-6204.09
-5355.08
-4596.42
-3923.56
-3336.1
-2828.59
-2393.75
-2023.34
-1709.07
-1443.12
-1218.4
-1028.64
-868.46
-733.236
-619.061
-522.638
-441.192
-372.388
-314.263
-265.161
-223.687
-188.662
-159.089
-134.127
-113.06
-95.2863
-80.2938
-67.6501
-56.9891
-48.0014
-40.4255
-34.0405
-28.6598
-24.1259
-20.306
-17.0879
-14.3771
-12.0939
-10.171
-8.55179
-7.18842
-6.04063
-5.07446
-4.2613
-3.57701
-3.00127
-2.51696
-2.10964
-1.76715
-1.47924
-1.23729
-1.03403
-0.863323
-0.720026
-0.59979
-0.498958
-0.414449
-0.34367
-0.284436
-0.23491
-0.193544
-0.159035
-0.130286
-0.106375
-0.086526
-0.0700846
-0.0565009
-0.0453117
-0.0361264
-0.0286158
-0.0225011
-0.0175464
-0.0135507
-0.0103425
-0.00777402
-0.00571731
-0.00405976
-0.00270051
-0.00154607
-0.000514527
-6391.97
-5576.44
-4836.95
-4172.38
-3583.63
-3067.51
-2618.89
-2231.48
-1898.58
-1613.56
-1370.16
-1162.71
-986.118
-835.95
-708.342
-599.964
-507.965
-429.904
-363.698
-307.572
-260.013
-219.73
-185.626
-156.765
-132.353
-111.711
-94.2641
-79.5226
-67.071
-56.5567
-47.6806
-40.1893
-33.8681
-28.5354
-24.0375
-20.2444
-17.0462
-14.35
-12.0775
-10.1623
-8.54858
-7.18904
-6.04387
-5.07941
-4.2673
-3.58361
-3.00813
-2.52384
-2.11638
-1.77365
-1.48545
-1.24317
-1.03955
-0.868505
-0.724869
-0.604309
-0.50317
-0.418374
-0.347328
-0.287847
-0.238091
-0.196512
-0.161806
-0.132874
-0.108791
-0.0887798
-0.0721841
-0.0584519
-0.0471166
-0.0377857
-0.0301257
-0.0238552
-0.0187333
-0.0145554
-0.011144
-0.00834634
-0.00602694
-0.00406554
-0.00234997
-0.000782254
-6542.58
-5754.96
-5032.43
-4376.24
-3788.14
-3266.53
-2807.91
-2407.51
-2059.91
-1759.5
-1500.8
-1278.63
-1088.26
-925.42
-786.333
-667.678
-566.558
-480.462
-407.218
-344.956
-292.067
-247.171
-209.084
-176.793
-149.432
-126.26
-106.646
-90.0505
-76.0153
-64.1498
-54.1223
-45.6507
-38.4959
-32.4547
-27.3551
-23.0515
-19.4204
-16.3573
-13.774
-11.5958
-9.75938
-8.21152
-6.90709
-5.80802
-4.88215
-4.10235
-3.44571
-2.89289
-2.42758
-2.03602
-1.70662
-1.42957
-1.19664
-1.00086
-0.836376
-0.698235
-0.582275
-0.484986
-0.403409
-0.335053
-0.277819
-0.229936
-0.189918
-0.156508
-0.128651
-0.105456
-0.086175
-0.0701744
-0.0569221
-0.0459672
-0.0369294
-0.0294846
-0.0233585
-0.018315
-0.0141519
-0.0106925
-0.00778294
-0.00528383
-0.00306751
-0.00102121
-6661.2
-5896.26
-5188.14
-4539.7
-3953.25
-3428.3
-2962.54
-2552.38
-2193.43
-1880.9
-1609.95
-1375.86
-1174.22
-1000.93
-852.322
-725.092
-616.329
-523.473
-444.289
-376.836
-319.428
-270.614
-229.139
-193.927
-164.051
-138.72
-117.255
-99.0749
-83.6853
-70.6637
-59.6502
-50.3389
-42.4695
-35.8208
-30.2052
-25.4636
-21.4609
-18.0828
-15.2327
-12.8284
-10.8007
-9.09098
-7.64966
-6.43486
-5.41118
-4.54874
-3.82228
-3.21051
-2.69543
-2.26187
-1.89701
-1.59006
-1.33189
-1.11483
-0.932391
-0.779116
-0.650397
-0.542351
-0.451708
-0.375711
-0.312036
-0.258726
-0.214133
-0.176867
-0.145759
-0.119823
-0.0982279
-0.0802739
-0.0653701
-0.0530167
-0.0427915
-0.0343356
-0.027344
-0.0215551
-0.0167439
-0.0127147
-0.00929618
-0.00633394
-0.00368584
-0.00122712
-6751.77
-6004.62
-5308.18
-4666.4
-4081.92
-3555.04
-3084.33
-2667.04
-2299.57
-1977.8
-1697.39
-1454.01
-1243.49
-1061.94
-905.744
-771.655
-656.754
-558.452
-474.472
-402.815
-341.744
-289.747
-245.517
-207.926
-176.002
-148.91
-125.935
-106.461
-89.9648
-75.9981
-64.1786
-54.1803
-45.7262
-38.5802
-32.542
-27.4416
-23.1345
-19.4983
-16.4293
-13.8398
-11.6552
-9.81277
-8.25916
-6.94942
-5.84548
-4.91522
-4.13148
-3.47132
-2.91539
-2.44734
-2.05338
-1.72186
-1.44297
-1.20844
-1.01126
-0.845556
-0.706357
-0.589478
-0.491388
-0.409114
-0.340148
-0.28238
-0.234028
-0.193595
-0.159816
-0.131627
-0.108132
-0.0885733
-0.0723122
-0.05881
-0.047609
-0.0383226
-0.0306195
-0.0242183
-0.0188742
-0.0143769
-0.01054
-0.00719699
-0.00419396
-0.00139632
-6817.17
-6083.22
-5395.63
-4759.09
-4176.45
-3648.54
-3174.52
-2752.28
-2378.76
-2050.32
-1763.01
-1512.8
-1295.73
-1108.03
-946.17
-806.939
-687.423
-585.018
-497.413
-422.577
-358.73
-304.318
-257.996
-218.597
-185.115
-156.684
-132.557
-112.098
-94.7588
-80.0717
-67.6372
-57.1149
-48.2145
-40.6889
-34.3281
-28.9536
-24.414
-20.5806
-17.3445
-14.6133
-12.3088
-10.3649
-8.72542
-7.34307
-6.17776
-5.19563
-4.36806
-3.6709
-3.08371
-2.58928
-2.17304
-1.82274
-1.528
-1.28008
-1.07163
-0.896412
-0.749193
-0.625552
-0.521762
-0.434683
-0.361668
-0.300487
-0.249259
-0.2064
-0.170577
-0.140664
-0.115714
-0.0949267
-0.0776273
-0.0632452
-0.0512978
-0.0413749
-0.0331278
-0.0262571
-0.0205056
-0.0156495
-0.0114926
-0.00785771
-0.00458291
-0.00152584
-6859.46
-6134.34
-5452.72
-4819.79
-4238.54
-3710.13
-3234.11
-2808.74
-2431.33
-2098.57
-1806.77
-1552.08
-1330.68
-1138.91
-973.287
-830.632
-708.035
-602.884
-512.853
-435.884
-370.172
-314.138
-266.409
-225.794
-191.263
-161.928
-137.027
-115.903
-97.9954
-82.8222
-69.973
-59.097
-49.8954
-42.1136
-35.5349
-29.9754
-25.2787
-21.312
-17.963
-15.1361
-12.7506
-10.7381
-9.04063
-7.60921
-6.40242
-5.38523
-4.52804
-3.80585
-3.19753
-2.68526
-2.25397
-1.89096
-1.5855
-1.32854
-1.11246
-0.930807
-0.778165
-0.64995
-0.542306
-0.451977
-0.376223
-0.312733
-0.259559
-0.215061
-0.177855
-0.146776
-0.120842
-0.0992237
-0.0812218
-0.0662449
-0.0537925
-0.0434395
-0.0348241
-0.0276362
-0.0216089
-0.0165104
-0.0121368
-0.00830439
-0.00484578
-0.00161336
-6879.89
-6159.45
-5480.89
-4849.81
-4269.3
-3740.7
-3263.73
-2836.86
-2457.56
-2122.68
-1828.65
-1571.74
-1348.19
-1154.39
-986.894
-842.528
-718.39
-611.865
-520.616
-442.577
-375.929
-319.08
-270.644
-229.417
-194.358
-164.569
-139.278
-117.82
-99.6259
-84.208
-71.1499
-60.0958
-50.7425
-42.8315
-36.1431
-30.4904
-25.7145
-21.6808
-18.2748
-15.3997
-12.9734
-10.9263
-9.19956
-7.7434
-6.5157
-5.48083
-4.6087
-3.8739
-3.25493
-2.73366
-2.29478
-1.92536
-1.61449
-1.35297
-1.13304
-0.94815
-0.792772
-0.662251
-0.552662
-0.460695
-0.38356
-0.318905
-0.26475
-0.219425
-0.181522
-0.149855
-0.123425
-0.101388
-0.0830327
-0.0677561
-0.0550492
-0.0444796
-0.0356787
-0.0283309
-0.0221648
-0.0169442
-0.0124611
-0.00852907
-0.00497789
-0.00165733
-8700.8
-6916.74
-5137.39
-3365.37
-1602.47
150.1
1896.65
3623.79
5232.48
6121.14
-8908.64
-7541.34
-6177.35
-4818.58
-3466.66
-2122.84
-786.575
539.895
1880.48
2834.17
-9053.1
-7981.89
-6912.78
-5846.9
-4785.28
-3728.89
-2678.09
-1637.16
-581.737
346.713
-9142.73
-8261.08
-7382.44
-6508.62
-5641.28
-4782.02
-3931.79
-3094.32
-2253.04
-1483.5
-9207.26
-8466.33
-7728.34
-6995.1
-6268.37
-5549.87
-4840.97
-4145.05
-3451.56
-2811.92
-9254.12
-8619.1
-7987.07
-7359.86
-6739.26
-6127
-5524.54
-4934.66
-4350.57
-3808.29
-9289.24
-8736.64
-8186.92
-7641.9
-7103.32
-6572.87
-6052.03
-5543.18
-5041.97
-4574.02
-9315.94
-8828.52
-8343.86
-7863.68
-7389.66
-6923.42
-6466.38
-6020.59
-5583.3
-5172.98
-9336.42
-8901.25
-8468.67
-8040.33
-7617.79
-7202.58
-6796.07
-6400.01
-6012.75
-5647.71
-9352.24
-8959.33
-8568.84
-8182.32
-7801.22
-7426.98
-7060.88
-6704.45
-6356.76
-6027.64
-9364.5
-9006
-8649.75
-8297.18
-7949.67
-7608.54
-7274.98
-6950.35
-6634.19
-6333.75
-9374.02
-9043.64
-8715.35
-8390.47
-8070.29
-7756.02
-7448.77
-7149.74
-6858.81
-6581.33
-9381.42
-9074.06
-8768.62
-8466.34
-8168.41
-7875.94
-7589.97
-7311.55
-7040.82
-6781.68
-9387.17
-9098.6
-8811.8
-8527.92
-8248.05
-7973.23
-7704.4
-7442.52
-7187.86
-6943.28
-9391.62
-9118.29
-8846.6
-8577.58
-8312.27
-8051.6
-7796.47
-7547.7
-7305.68
-7072.49
-9395.05
-9133.93
-8874.3
-8617.14
-8363.38
-8113.89
-7869.48
-7630.91
-7398.62
-7174.09
-9397.67
-9146.09
-8895.88
-8647.93
-8403.09
-8162.18
-7925.93
-7695.01
-7469.9
-7251.65
-9399.6
-9155.15
-8911.95
-8670.83
-8432.57
-8197.9
-7967.5
-7741.97
-7521.77
-7307.67
-9400.98
-9161.44
-8923.06
-8686.58
-8452.73
-8222.17
-7995.51
-7773.29
-7555.95
-7344.02
-9401.56
-9164.31
-8928.19
-8693.92
-8462.2
-8233.67
-8008.86
-7788.24
-7572.17
-7360.98
-29271.9
-30876.7
-32528.3
-34484.9
-36809.8
-39625.5
-43117.2
-47455.5
-53925.8
-56922.7
-27620.4
-29031.1
-30519.8
-32300.4
-34417.7
-36984.2
-40168.7
-44127.3
-50039.3
-52780.7
-25839.6
-27072.2
-28388.4
-29978
-31873.8
-34175
-37032.7
-40587
-45901.7
-48364.1
-23899.5
-24983.9
-26134.7
-27528.1
-29192.3
-31214.7
-33728.1
-36856
-41538.4
-43705.6
-21851.2
-22786.3
-23772.1
-24964.4
-26388.8
-28120.7
-30274.4
-32956.1
-36975
-38834.4
-19723.7
-20501.4
-21317.6
-22303.2
-23480.2
-24911.6
-26692.3
-28910.7
-32238.9
-33780.8
-17535
-18147.4
-18788.7
-19561.9
-20484.8
-21607.2
-23003.8
-24744.5
-27359.1
-28575.5
-15299.4
-15740.7
-16202.2
-16758.1
-17421.4
-18227.9
-19231.8
-20483.4
-22365.5
-23249.5
-13030.4
-13296.6
-13574.8
-13909.8
-14309.2
-14795
-15399.8
-16154.1
-17289.2
-17833.8
-10741.4
-10830.2
-10923
-11034.7
-11168
-11330.1
-11532.2
-11784.5
-12163.7
-12356.2
-39476.6
-41420.6
-43736.7
-46501.7
-49834.9
-53904.7
-58980.1
-65309.2
-74782.9
-79170.1
-39243.1
-41187.8
-43501.7
-46258.4
-49577.5
-53627.2
-58675.1
-64968.3
-74382.7
-78741.9
-38783.9
-40728.2
-43036.2
-45774.7
-49064.6
-53072.9
-58064.5
-64284.3
-73583.4
-77888.3
-38113.8
-40053.8
-42349.4
-45057.8
-48301.7
-52246
-57152.1
-63260.9
-72388.2
-76612.5
-37254.1
-39181.7
-41454.9
-44118.4
-47297.5
-51154.4
-55945.3
-61906
-70806
-74923.4
-36231.9
-38133.6
-40369
-42969.2
-46062.4
-49807.1
-54453.1
-60228.9
-68847.6
-72832.1
-35079.3
-36934
-39109.3
-41623.5
-44607.6
-48214.8
-52686
-58241.1
-66526.2
-70352.4
-33839.1
-35609.1
-37691.5
-40093.7
-42944.3
-46388.7
-50655.8
-55955.5
-63857
-67500.9
-32565.8
-34175.4
-36122.9
-38388.6
-41083.3
-44340.5
-48375.7
-53386.8
-60857.3
-64297.2
-31124
-32580.5
-34393.3
-36513.3
-39034.3
-42082.1
-45858.5
-50549
-57542.6
-60763.2
-19995.3
-20021.7
-20075.4
-20158.2
-20273.3
-20425.4
-20621.3
-20869.3
-21176.8
-21554.3
-22015.9
-22578.5
-23263.1
-24095.7
-25087.1
-26280.2
-27746.1
-29659.7
-32248.5
-35972.6
-19992.5
-20018.9
-20072.4
-20155.1
-20270.1
-20421.8
-20617.1
-20864.3
-21170.7
-21546.5
-22005.9
-22565.6
-23245.7
-24070.9
-25049.5
-26229.1
-27681.1
-29575.5
-32127.7
-35792.8
-19986.9
-20013.1
-20066.6
-20149
-20263.6
-20414.7
-20608.9
-20854.5
-21158.4
-21531.1
-21986.1
-22539.8
-23210.8
-24020.3
-24974.7
-26127.9
-27555.1
-29411.4
-31892
-35440.7
-19978.5
-20004.6
-20057.8
-20139.9
-20253.9
-20404.1
-20596.6
-20839.8
-21140.2
-21508.1
-21956.7
-22501.4
-23158.3
-23939.4
-24864
-25978.1
-27375.5
-29175.2
-31552.2
-34930.9
-19967.4
-19993.3
-20046.2
-20127.8
-20241.1
-20390.1
-20580.6
-20820.7
-21116.4
-21477.8
-21917.9
-22450.4
-23087.2
-23830.3
-24719.8
-25791.6
-27151.9
-28877.2
-31123.2
-34283.3
-19953.6
-19979.3
-20031.8
-20112.9
-20225.2
-20372.8
-20561
-20797.2
-21087.2
-21440.6
-21869.9
-22386.5
-22993.2
-23697.2
-24544.9
-25584.7
-26894
-28529.2
-30621.8
-33521.7
-19937.1
-19962.7
-20014.8
-20095.2
-20206.5
-20352.5
-20538
-20769.8
-21052.8
-21396.6
-21812.5
-22307.4
-22870.1
-23542.2
-24350.4
-25363.2
-26610.6
-28143
-30065.6
-32672.6
-19918.1
-19943.4
-19995.1
-20074.8
-20185.1
-20329.2
-20511.9
-20738.7
-21013.6
-21345.8
-21743.2
-22199
-22731.4
-23370.4
-24162.3
-25131
-26308.5
-27729.4
-29469.8
-31763.7
-19896.6
-19921.8
-19973.1
-20052.1
-20161.2
-20303.6
-20483.6
-20705.6
-20970.4
-21282.9
-21649.7
-22081.9
-22600.1
-23220.3
-23977.2
-24895.4
-25999.6
-27305.3
-28863.8
-30821.7
-19872.7
-19897.7
-19948.4
-20026.4
-20133.9
-20273.5
-20447.2
-20653.3
-20905
-21207.2
-21560.1
-21973.1
-22465.3
-23053.4
-23766.4
-24625.5
-25651.9
-26849
-28232.8
-29772.7
-19822.7
-19846.1
-19893.5
-19966.1
-20065.5
-20193.8
-20352.4
-20542.6
-20769.7
-21037.8
-21350.2
-21714.6
-22143.2
-22648.2
-23245.4
-23942.7
-24735.8
-25582.9
-26439
-26522.4
-19731.9
-19752.3
-19793.6
-19856.5
-19942.1
-20051.8
-20186.9
-20348.9
-20540.6
-20764.6
-21023.2
-21320.2
-21660.2
-22046
-22476.5
-22938.1
-23395.3
-23759.4
-23910.9
-23170.6
-19626.2
-19643.2
-19677.3
-19729.2
-19799.4
-19888.6
-19997.6
-20127.1
-20278.2
-20451.7
-20647.7
-20866.2
-21105.8
-21361.2
-21620
-21855.7
-22018.4
-22011.7
-21718.9
-20653.1
-19508.1
-19521.5
-19548.3
-19588.7
-19643.1
-19711.5
-19794
-19890.6
-20001
-20124.3
-20258.5
-20400.6
-20544.5
-20679.6
-20787.1
-20834.6
-20769.6
-20505.4
-19947.8
-18769.1
-19380.3
-19389.9
-19409.2
-19438.1
-19476.4
-19523.9
-19580
-19643.8
-19713.9
-19788.1
-19862.7
-19932.2
-19987.7
-20015.6
-19994.3
-19891.2
-19658.1
-19225
-18523.9
-17342
-19245.4
-19251.4
-19263.1
-19280.5
-19303
-19329.9
-19360.2
-19392.2
-19423.8
-19451.4
-19470.2
-19473.3
-19450.3
-19386.2
-19259.8
-19040.9
-18689.3
-18151.4
-17381.8
-16244
-19106.2
-19108.5
-19113
-19119.1
-19126.3
-19133.5
-19139
-19140.9
-19136.2
-19120.7
-19088.9
-19032.9
-18942
-18801.5
-18591.7
-18286.7
-17854.4
-17255.8
-16461.9
-15385.2
-18965.2
-18964.1
-18961.5
-18957
-18949.6
-18938
-18920.4
-18894.3
-18856.2
-18801.7
-18724.8
-18617.5
-18469.3
-18266.8
-17992.5
-17625.2
-17140.1
-16509.7
-15716.3
-14704
-18825
-18820.6
-18811.5
-18796.9
-18775.9
-18747
-18708
-18656.2
-18588
-18498.8
-18382.6
-18231.6
-18036.1
-17784.1
-17460.9
-17049.6
-16531.6
-15887.9
-15108.5
-14157.3
-18688
-18680.6
-18665.3
-18641.5
-18608
-18563.1
-18504.7
-18430
-18335.1
-18215.6
-18065.6
-17877.9
-17643.9
-17353.2
-16993.7
-16552.1
-16015.1
-15369.6
-14610.6
-13715.1
-18556.5
-18546.3
-18525.4
-18493.2
-18448.3
-18389.1
-18313.4
-18218.3
-18100.1
-17954.4
-17775.9
-17558
-17293.1
-16972.5
-16586.4
-16124.8
-15578
-14937.5
-14201.3
-13355.2
-18432.4
-18419.6
-18393.8
-18354
-18299
-18227.2
-18136.2
-18023.3
-17885.1
-17717.3
-17514.9
-17272.4
-16983
-16639.6
-16234.5
-15760.1
-15209.6
-14577.8
-13864.5
-13061.5
-18317.5
-18302.6
-18272.3
-18225.9
-18162.1
-18079.2
-17975
-17846.9
-17691.6
-17505.2
-17283.3
-17020.9
-16712.4
-16351.9
-15933.4
-15451.3
-14901
-14279.6
-13587.9
-12821.9
-18213.6
-18196.7
-18162.6
-18110.4
-18039
-17946.6
-17831.3
-17690.3
-17520.8
-17319.1
-17081.4
-16803.2
-16479.8
-16106.6
-15678.9
-15192.7
-14644.9
-14034.1
-13361.9
-12627.2
-18121.9
-18103.4
-18066.1
-18009.1
-17931.2
-17830.9
-17706.2
-17554.6
-17373.4
-17159.4
-16909
-16618.4
-16283.9
-15901.4
-15467.5
-14979.4
-14435.1
-13834.4
-13179.4
-12470.6
-18043.7
-18023.9
-17983.9
-17922.9
-17839.8
-17733
-17600.7
-17440.6
-17250.1
-17026.3
-16766
-16466
-16123
-15733.9
-15296
-14807.4
-14267
-13675.3
-13034.6
-12346.9
-17980
-17959.2
-17917
-17852.9
-17765.6
-17653.8
-17515.6
-17348.8
-17151.1
-16919.8
-16652.1
-16345.1
-15995.9
-15602.2
-15161.8
-14673.4
-14136.7
-13552.5
-12923.3
-12252.2
-17931.6
-17909.9
-17866.2
-17799.7
-17709.4
-17593.8
-17451.3
-17279.7
-17076.7
-16840
-16567
-16255
-15901.6
-15504.8
-15062.9
-14575.1
-14041.4
-13463
-12842.6
-12183.7
-17899
-17876.8
-17832
-17764
-17671.7
-17553.6
-17408.2
-17233.4
-17027.1
-16786.9
-16510.4
-16195.2
-15839.2
-15440.5
-14997.8
-14510.5
-13978.9
-13404.5
-12790
-12139.3
-17882.6
-17860.1
-17814.9
-17746.1
-17652.7
-17533.5
-17386.6
-17210.3
-17002.3
-16760.3
-16482.1
-16165.5
-15808.2
-15408.6
-14965.5
-14478.5
-13948.1
-13375.7
-12764.1
-12117.8
-25342.6
-24432.1
-22814.8
-21086.3
-19339.3
-17586.2
-15822.8
-14050.4
-12270.7
-10486.5
-22041.5
-21083.5
-19739.8
-18410
-17070.8
-15724.5
-14370.5
-13010.1
-11645.1
-10277.2
-19542
-18611.6
-17553.2
-16509.4
-15456.1
-14397.5
-13334.1
-12266.9
-11196.8
-10125.2
-17702.8
-16930.3
-16085.9
-15245.6
-14392.8
-13531.4
-12662.3
-11787.2
-10907.6
-10025.5
-16360.7
-15718.2
-15021.9
-14323.4
-13612.3
-12892
-12163.7
-11429.4
-10690.6
-9949.3
-15350
-14805.2
-14218.7
-13626.6
-13022.2
-12408.4
-11786.5
-11158.3
-10525.6
-9890.24
-14570
-14099.9
-13596.6
-13085.9
-12563.4
-12031.6
-11491.9
-10946.1
-10395.8
-9842.91
-13957.2
-13545.1
-13106
-12658.7
-12200.3
-11732.9
-11258
-10777.1
-10292
-9804.36
-13469.3
-13102.8
-12714.1
-12316.8
-11909.2
-11493
-11069.7
-10640.8
-10207.9
-9772.53
-13077
-12746.7
-12397.9
-12040.4
-11673.5
-11298.5
-10916.8
-10529.9
-10139.1
-9746.02
-12759.4
-12458
-12141
-11815.6
-11481.4
-11139.7
-10791.8
-10438.9
-10082.4
-9723.8
-12501.2
-12223.1
-11931.6
-11632
-11324.3
-11009.6
-10689.1
-10364
-10035.6
-9705.13
-12291.2
-12031.7
-11760.6
-11481.9
-11195.6
-10902.9
-10604.8
-10302.4
-9996.86
-9689.45
-12121.1
-11876.4
-11621.5
-11359.5
-11090.6
-10815.7
-10535.7
-10251.8
-9964.93
-9676.34
-11984.5
-11751.3
-11509.3
-11260.6
-11005.5
-10744.8
-10479.5
-10210.5
-9938.81
-9665.49
-11876.6
-11652.3
-11420.2
-11181.7
-10937.5
-10688.1
-10434.4
-10177.3
-9917.76
-9656.66
-11794
-11576.1
-11351.2
-11120.6
-10884.6
-10643.9
-10399.2
-10151.4
-9901.23
-9649.69
-11734.1
-11520.5
-11300.7
-11075.5
-10845.4
-10611
-10372.9
-10131.9
-9888.85
-9644.46
-11695.2
-11483.8
-11266.9
-11045.1
-10818.8
-10588.5
-10354.9
-10118.6
-9880.35
-9640.87
-11676.9
-11466.3
-11250.7
-11030.5
-10806.1
-10577.9
-10346.4
-10112.4
-9876.35
-9639.17
37745.8
33598.6
29177.2
24514.2
19639.1
14582
9373.92
4045.81
-1371.34
-6849.66
34757
30866.4
26725
22358.3
17791.8
13053.2
8171.27
3175.98
-1901.46
-7027.59
28287.3
24955.4
21411.7
17677.8
13775.4
9727.85
5559.97
1297.53
-3032.66
-7402.72
23948
20996
17857
14549.8
11094
7510.19
3820.35
47.3009
-3785.35
-7653.27
20454.3
17809.6
14997.7
12035.3
8939.54
5729.11
2423.63
-956.368
-4389.75
-7854.86
17635.2
15240.1
12693.9
10010.9
7206.12
4296.68
1300.6
-1763.31
-4875.77
-8017.17
15305.8
13118.7
10794.9
8344.06
5779.84
3118.33
376.749
-2427.23
-5275.76
-8150.86
13343.2
11333
9201.45
6947.96
4585.58
2131.32
-397.503
-2983.92
-5611.29
-8263.09
11684.2
9838.35
7881.29
5794.56
3598
1313.8
-1039.69
-3446.11
-5890.03
-8356.37
10067.2
8420.39
6645.45
4708.46
2661.76
535.292
-1652.8
-3887.96
-6156.69
-8445.61
60032.6
59603.4
58747.9
57469.2
55776.5
53681
51196.6
48340
45130.9
41591.6
55647.4
55246.4
54445.4
53247.6
51662.3
49700.3
47374.8
44701.3
41697.2
38378
46175.6
45833.7
45147.9
44121.7
42763.3
41082.2
39090.1
36800.1
34226.9
31384.9
39850
39543.7
38930.8
38015
36804
35307.1
33535
31499.8
29214.9
26693.3
34780.3
34501.3
33943.8
33112.6
32015.6
30662.4
29063.9
27231.8
25178.1
22914.9
30718.1
30458.6
29941.7
29173
28161.8
26918.9
25456.2
23785.5
21918
19863.7
27394.8
27148.6
26659.6
25935.1
24986.4
23826.9
22470.9
20931.8
19219
17337.9
24641.9
24403.4
23930.9
23234.2
22327.3
21227.8
19954.4
18524.8
16947.3
15211.1
22340.4
22103.2
21634.9
20947.7
20059.4
18993
17775
16434.8
14991.7
13389.5
20414.5
20175.7
19705.7
19019.6
18138.9
17092.2
15914
14652.7
13370.9
11920.3
16485.9
16312.7
15972.9
15479.2
14849.7
14106.5
13274.7
12381
11455.9
10448.3
12440.2
12331.2
12117.7
11808.1
11414.5
10951.2
10434.6
9879.25
9316.66
8723.21
9783.73
9710.88
9567.73
9359.23
9092.44
8776.21
8420.79
8036.39
7641.06
7209.08
7880.75
7827.61
7723.11
7570.65
7375.04
7142.24
6879.04
6592.07
6294.3
5954.66
6456.07
6414.53
6332.82
6213.55
6060.36
5877.63
5670.23
5442.74
5204.53
4928.6
5350.41
5316.02
5248.47
5150.09
5024.03
4874
4703.92
4517.33
4321.18
4094.32
4472.56
4442.91
4384.8
4300.45
4192.89
4065.69
3922.48
3766.24
3602.3
3414.34
3756.04
3732.19
3684.74
3614.21
3521.12
3409.47
3285.76
3152.63
3014.23
2857.65
3159.65
3140.39
3102.08
3045.08
2969.94
2877.49
2768.31
2651.41
2532.65
2401.16
2661.66
2646.01
2614.86
2568.49
2507.32
2431.91
2342.97
2240.85
2136.74
2025.38
2244.43
2231.69
2206.31
2168.5
2118.58
2056.97
1984.24
1900.97
1808.1
1713.33
1893.59
1883.24
1862.57
1831.68
1790.79
1740.22
1680.39
1611.77
1534.97
1453.06
1596.66
1589.04
1573.15
1548.13
1514.86
1473.47
1424.38
1367.96
1305.01
1233.31
1342.35
1336.94
1325.91
1308.67
1283.9
1249.51
1208.87
1162.2
1110.28
1049.2
1127.43
1123.38
1115.19
1102.6
1085.04
1061.25
1027.19
988.336
945.16
894.442
946.563
943.438
937.137
927.533
914.356
897.014
873.894
841.241
805.235
763.152
794.792
792.33
787.38
779.878
769.686
756.497
739.619
716.293
686.023
651.195
667.635
665.682
661.766
655.858
647.892
637.719
624.972
608.654
583.655
555.03
560.966
559.39
556.234
551.485
545.112
537.035
527.057
514.693
497.112
473.061
471.569
470.292
467.737
463.9
458.768
452.3
444.391
434.753
422.247
402.305
396.624
395.59
393.522
390.422
386.289
381.106
374.822
367.262
358.05
341.625
333.674
332.83
331.145
328.624
325.271
321.085
316.044
310.049
303.032
290.102
280.717
280.019
278.627
276.546
273.78
270.335
266.2
261.322
255.651
246.674
236.204
235.627
234.475
232.753
230.469
227.628
224.23
220.246
215.644
209.079
198.804
198.326
197.372
195.949
194.062
191.72
188.925
185.665
181.925
176.95
167.376
166.98
166.191
165.013
163.454
161.519
159.217
156.543
153.491
149.627
140.957
140.629
139.975
138.999
137.708
136.109
134.209
132.008
129.508
126.454
118.738
118.466
117.923
117.114
116.044
114.719
113.147
111.331
109.275
106.829
100.043
99.8164
99.3655
98.6933
97.8046
96.7055
95.4025
93.9004
92.2051
90.2269
84.3052
84.1169
83.7418
83.1827
82.4439
81.5306
80.4488
79.2037
77.8017
76.1898
71.0527
70.8959
70.5836
70.1181
69.5031
68.7433
67.8439
66.8099
65.648
64.3269
59.8895
59.7588
59.4984
59.1105
58.5982
57.9654
57.2168
56.3569
55.3922
54.3045
50.4839
50.3749
50.1577
49.8342
49.4071
48.8796
48.2558
47.54
46.7379
45.8391
42.5576
42.4666
42.2854
42.0155
41.6591
41.2191
40.699
40.1025
39.4348
38.6901
35.8772
35.8012
35.6499
35.4246
35.1271
34.7599
34.326
33.8285
33.2722
32.6537
30.2461
30.1826
30.0563
29.8681
29.6197
29.3131
28.9509
28.5358
28.0719
27.5574
25.4993
25.4463
25.3407
25.1835
24.976
24.7199
24.4175
24.071
23.684
23.2554
21.4976
21.4533
21.3651
21.2338
21.0604
20.8466
20.5939
20.3046
19.9816
19.6241
18.1242
18.0872
18.0135
17.9038
17.7589
17.5802
17.3692
17.1274
16.8578
16.5594
15.2803
15.2494
15.1878
15.0961
14.9751
14.8258
14.6494
14.4475
14.2223
13.9731
12.883
12.8572
12.8057
12.7291
12.6279
12.5031
12.3558
12.1871
11.999
11.7908
10.862
10.8405
10.7975
10.7334
10.6489
10.5446
10.4215
10.2805
10.1234
9.94938
9.15856
9.14053
9.10459
9.05108
8.98045
8.89332
8.79044
8.67263
8.54135
8.39586
7.7226
7.70754
7.67752
7.63281
7.5738
7.501
7.41505
7.31661
7.20694
7.08528
6.51236
6.49978
6.47469
6.43734
6.38803
6.32721
6.25538
6.17313
6.0815
5.97976
5.49224
5.48173
5.46079
5.42959
5.3884
5.33759
5.27759
5.20887
5.13233
5.04724
4.63257
4.62379
4.60629
4.58022
4.54582
4.50337
4.45324
4.39583
4.33189
4.26071
3.90796
3.90063
3.88602
3.86425
3.83552
3.80007
3.75821
3.71025
3.65684
3.59732
3.29735
3.29123
3.27903
3.26085
3.23685
3.20724
3.17227
3.13221
3.0876
3.03782
2.78264
2.77753
2.76735
2.75218
2.73215
2.70743
2.67824
2.64478
2.60753
2.5659
2.3489
2.34464
2.33614
2.32348
2.30675
2.28612
2.26174
2.2338
2.20269
2.16788
1.98324
1.97969
1.9726
1.96204
1.94809
1.93087
1.91052
1.8872
1.86124
1.83214
1.67509
1.67213
1.66621
1.6574
1.64576
1.63139
1.6144
1.59494
1.57326
1.54893
1.41524
1.41278
1.40785
1.4005
1.3908
1.37882
1.36465
1.34841
1.33033
1.31
1.19625
1.19419
1.19008
1.18396
1.17586
1.16586
1.15405
1.1405
1.12541
1.10842
1.01152
1.00981
1.00639
1.00129
0.994542
0.986213
0.976364
0.965066
0.952482
0.938292
0.855802
0.854377
0.851526
0.847271
0.841649
0.834702
0.826488
0.817063
0.806565
0.79471
0.724374
0.723191
0.72082
0.71728
0.712599
0.706815
0.699973
0.692119
0.68337
0.673473
0.613549
0.612561
0.610585
0.607634
0.603732
0.598909
0.593204
0.586653
0.579356
0.57109
0.519914
0.519096
0.517454
0.515001
0.511755
0.507743
0.502994
0.497539
0.491461
0.484564
0.440898
0.440215
0.438847
0.436802
0.434097
0.430752
0.426793
0.422245
0.417177
0.411417
0.374028
0.373465
0.37233
0.370633
0.368386
0.365606
0.362315
0.358531
0.354313
0.349511
0.317527
0.317057
0.316113
0.3147
0.312829
0.310513
0.30777
0.304616
0.301101
0.297093
0.269615
0.26923
0.268449
0.267278
0.265726
0.263804
0.261525
0.258904
0.255979
0.252638
0.229084
0.228763
0.228114
0.227138
0.225846
0.224243
0.222344
0.220155
0.217711
0.214889
0.194635
0.194374
0.193839
0.193034
0.191963
0.190632
0.18905
0.187212
0.185148
0.182746
0.165447
0.165228
0.164781
0.164108
0.163209
0.162084
0.16074
0.159174
0.157413
0.155368
0.140513
0.140335
0.139962
0.139397
0.138638
0.13769
0.136554
0.135227
0.133731
0.131995
0.119275
0.119121
0.118803
0.11832
0.117675
0.116865
0.115896
0.114765
0.113488
0.112011
0.100972
0.100845
0.100579
0.100174
0.0996303
0.0989495
0.0981317
0.0971764
0.0960954
0.0948473
0.0852719
0.0851607
0.0849327
0.0845863
0.0841238
0.083543
0.0828478
0.0820355
0.081117
0.0800599
0.0715808
0.0714908
0.0713015
0.0710138
0.0706275
0.0701442
0.0695633
0.0688845
0.0681145
0.0672298
0.0597083
0.059628
0.0594665
0.0592218
0.0588961
0.0584871
0.0579981
0.0574268
0.0567799
0.0560391
0.0491676
0.049105
0.0489742
0.0487761
0.0485103
0.0481781
0.0477788
0.047312
0.0467815
0.0461744
0.0398664
0.0398113
0.0397025
0.0395381
0.0393199
0.0390456
0.0387183
0.0383357
0.0379022
0.0374076
0.031406
0.0313665
0.0312834
0.0311576
0.0309885
0.0307776
0.0305234
0.0302261
0.0298875
0.0295007
0.0237565
0.0237225
0.0236569
0.0235582
0.0234277
0.0232634
0.0230678
0.022839
0.0225797
0.0222844
0.0165631
0.0165432
0.0165002
0.016435
0.0163468
0.0162371
0.0161041
0.0159484
0.01577
0.0155664
0.00983291
0.00981766
0.00978975
0.00974777
0.00969286
0.00962292
0.00954039
0.00944361
0.00933464
0.0092112
0.00324869
0.00324628
0.0032388
0.00322683
0.00320997
0.00318949
0.00316414
0.00313484
0.00310107
0.00306256
7300.81
4010.21
1517.97
-347.623
-1760.89
-2846.89
-3694.72
-4365.67
-4902.44
-5335.36
-5686.46
-5971.98
-6204.08
-6391.96
-6542.57
-6661.18
-6751.75
-6817.16
-6859.45
-6879.88
7057.59
4706.15
2608.46
894.614
-495.581
-1616.76
-2522.85
-3258.28
-3858.03
-4349.12
-4752.3
-5083.52
-5355.07
-5576.43
-5754.94
-5896.24
-6004.61
-6083.21
-6134.33
-6159.43
6055.43
4440.11
2829.1
1420.12
205.359
-823.997
-1689.57
-2414.74
-3021.33
-3528.32
-3951.58
-4304.1
-4596.41
-4836.94
-5032.42
-5188.13
-5308.17
-5395.62
-5452.71
-5480.88
5124.81
3987.62
2759.99
1629.36
606.135
-297.848
-1085.38
-1765.04
-2347.82
-2845.06
-3267.37
-3624.16
-3923.56
-4172.37
-4376.23
-4539.7
-4666.39
-4759.08
-4819.78
-4849.8
4298.79
3478.5
2539.48
1641.74
797.952
26.4217
-666.589
-1280.85
-1819.85
-2288.9
-2694.03
-3041.22
-3336.09
-3583.62
-3788.13
-3953.25
-4081.91
-4176.44
-4238.53
-4269.29
3602.94
2994.19
2267.76
1554.24
863.917
215.069
-382.801
-925.094
-1410.79
-1841.16
-2218.75
-2546.76
-2828.59
-3067.5
-3266.53
-3428.29
-3555.03
-3648.53
-3710.12
-3740.69
3024.04
2560.61
1991.19
1420.86
856.819
314.978
-194.831
-666.335
-1096.21
-1483.24
-1827.66
-2130.62
-2393.74
-2618.88
-2807.9
-2962.54
-3084.32
-3174.52
-3234.1
-3263.73
2544.02
2183.6
1731.48
1272.12
810.206
358.811
-73.1356
-479.139
-854.929
-1198
-1507.15
-1782.14
-2023.33
-2231.48
-2407.5
-2552.38
-2667.04
-2752.28
-2808.73
-2836.85
2146.43
1860.72
1497.37
1124.33
744.523
368.372
3.52145
-343.999
-669.763
-970.705
-1244.87
-1491.15
-1709.07
-1898.58
-2059.91
-2193.43
-2299.57
-2378.75
-2431.33
-2457.56
1816.63
1586.23
1290.98
985.639
671.847
357.858
50.002
-246.417
-527.218
-789.233
-1030.17
-1248.47
-1443.12
-1613.56
-1759.5
-1880.9
-1977.8
-2050.31
-2098.57
-2122.68
1541.59
1353.33
1111.22
859.5
599.027
336.307
76.5105
-175.833
-416.963
-643.854
-854.155
-1046.1
-1218.4
-1370.16
-1500.8
-1609.95
-1697.39
-1763.01
-1806.77
-1828.65
1311.32
1155.72
955.67
746.889
529.741
309.366
89.9651
-124.652
-331.196
-526.902
-709.512
-877.225
-1028.64
-1162.71
-1278.63
-1375.86
-1454.01
-1512.8
-1552.08
-1571.74
1116.96
987.627
821.462
647.467
465.773
280.483
95.0141
-87.4483
-264.072
-432.397
-590.337
-736.16
-868.461
-986.119
-1088.26
-1174.22
-1243.49
-1295.73
-1330.68
-1348.19
952.796
844.648
705.952
560.347
407.834
251.709
94.7621
-60.3546
-211.224
-355.691
-491.877
-618.175
-733.237
-835.952
-925.421
-1000.93
-1061.94
-1108.03
-1138.91
-1154.39
813.874
722.91
606.639
484.364
356
224.207
91.2664
-40.6144
-169.384
-293.175
-410.322
-519.369
-619.062
-708.343
-786.334
-852.323
-905.746
-946.171
-973.288
-986.896
695.787
618.97
521.203
418.25
309.988
198.574
85.8782
-26.2582
-136.099
-242.038
-342.615
-436.528
-522.639
-599.966
-667.679
-725.094
-771.657
-806.941
-830.633
-842.53
594.927
529.948
447.604
360.779
269.345
175.063
79.4787
-15.8709
-109.517
-200.081
-286.293
-367.005
-441.193
-507.967
-566.56
-616.33
-656.756
-687.425
-708.037
-718.392
508.323
453.464
384.105
310.835
233.558
153.731
72.6401
-8.42638
-88.2236
-165.571
-239.369
-308.611
-372.39
-429.906
-480.464
-523.475
-558.454
-585.02
-602.886
-611.867
434.183
387.767
329.313
267.459
202.129
134.529
65.7332
-3.17167
-71.1299
-137.131
-200.226
-259.536
-314.265
-363.7
-407.22
-444.291
-474.474
-497.415
-512.855
-520.618
370.255
331.161
281.977
229.796
174.581
117.345
58.9961
0.452124
-57.3881
-113.66
-167.543
-218.277
-265.163
-307.574
-344.958
-376.838
-402.817
-422.58
-435.886
-442.579
315.256
282.446
241.119
197.134
150.491
102.05
52.5809
2.86537
-46.3307
-94.2663
-140.236
-183.58
-223.689
-260.015
-292.069
-319.431
-341.746
-358.732
-370.174
-375.931
268.156
240.642
205.926
168.864
129.48
88.5002
46.581
4.38672
-37.4283
-78.229
-117.409
-154.396
-188.664
-219.732
-247.173
-270.616
-289.749
-304.321
-314.141
-319.082
227.96
204.851
175.668
144.445
111.201
76.5501
41.0472
5.25819
-30.2581
-64.9578
-98.3191
-129.849
-159.091
-185.628
-209.086
-229.141
-245.519
-257.998
-266.411
-270.646
193.494
174.146
149.654
123.374
95.3329
66.0505
35.9999
5.66337
-24.4817
-53.9691
-82.3508
-109.202
-134.128
-156.767
-176.795
-193.929
-207.928
-218.599
-225.796
-229.419
164.039
147.861
127.331
105.228
81.5905
56.86
31.4399
5.74173
-19.8264
-44.8653
-68.9903
-91.8362
-113.062
-132.355
-149.434
-164.053
-176.004
-185.117
-191.265
-194.36
138.945
125.417
108.215
89.6352
69.7202
48.8453
27.3544
5.59879
-16.0728
-37.3188
-57.8092
-77.2301
-95.288
-111.713
-126.262
-138.722
-148.912
-156.686
-161.93
-164.571
117.617
106.296
91.8819
76.2667
59.4937
41.8808
23.721
5.31345
-13.0441
-31.0593
-48.4497
-64.9459
-80.2954
-94.2658
-106.648
-117.257
-125.936
-132.559
-137.029
-139.28
99.517
90.0341
77.9524
64.8289
50.705
35.8494
20.5107
4.94374
-10.5976
-25.8639
-40.6131
-54.6146
-67.6515
-79.5241
-90.052
-99.0766
-106.462
-112.1
-115.905
-117.822
84.1731
76.2219
66.0914
55.0608
43.1688
30.6417
17.6904
4.53137
-8.61922
-21.5485
-34.0499
-45.9257
-56.9904
-67.0724
-76.0167
-83.6868
-89.9663
-94.7604
-97.9969
-99.6274
71.1754
64.5025
56.0047
46.7317
36.719
26.1573
15.2249
4.10552
-7.01706
-17.9615
-28.5515
-38.6182
-48.0026
-56.5579
-64.1511
-70.665
-75.9995
-80.0731
-82.8236
-84.2094
60.1715
54.567
47.4358
39.6389
31.2085
22.3048
13.0787
3.6859
-5.71768
-14.9777
-23.9438
-32.4721
-40.4266
-47.6817
-54.1235
-59.6515
-64.1798
-67.6385
-69.9743
-71.1512
50.8593
46.149
40.1626
33.6055
26.5071
19.0019
11.2174
3.28518
-4.66226
-12.4938
-20.0816
-27.3028
-34.0415
-40.1903
-45.6518
-50.34
-54.1814
-57.1161
-59.0982
-60.097
42.9815
39.0206
33.9935
28.4782
22.5012
16.1752
9.60801
2.91098
-3.8037
-10.4247
-16.8433
-22.9548
-28.6606
-33.869
-38.4968
-42.4704
-45.7271
-48.2155
-49.8964
-50.7435
36.3189
32.9867
28.764
24.1244
19.0913
13.7597
8.22025
2.56727
-3.10428
-8.69996
-14.1274
-19.2977
-24.1266
-28.5362
-32.4555
-35.8216
-38.581
-40.6898
-42.1144
-42.8324
30.6854
27.881
24.3334
20.4299
16.1916
11.6982
7.0263
2.25553
-2.53373
-7.26144
-11.8492
-16.2214
-20.3066
-24.0382
-27.3558
-30.2059
-32.5428
-34.3288
-35.5356
-36.1439
25.923
23.5622
20.5811
17.2966
13.7275
9.9408
6.00108
1.97556
-2.06773
-6.06098
-9.93772
-13.6338
-17.0884
-20.2449
-23.052
-25.4641
-27.4421
-28.9542
-29.976
-30.491
21.8978
19.9099
17.4045
14.6406
11.6351
8.44414
5.12222
1.7261
-1.68669
-5.05874
-8.3337
-11.4572
-14.3775
-17.0466
-19.4208
-21.4613
-23.1349
-24.4144
-25.2791
-25.715
18.4961
16.822
14.7161
12.3903
9.85939
7.17059
4.36989
1.50521
-1.37483
-4.22165
-6.98751
-9.62628
-12.0941
-14.3503
-16.3576
-18.0832
-19.4986
-20.5809
-21.3124
-21.6811
15.6219
14.2119
12.4417
10.4844
8.35317
6.08767
3.72667
1.31062
-1.11939
-3.52226
-5.85758
-8.08626
-10.1712
-12.0777
-13.7742
-15.2329
-16.4296
-17.3447
-17.9632
-18.275
13.1937
12.006
10.5179
8.87076
7.07614
5.16743
3.17731
1.13993
-0.910013
-2.93776
-4.90911
-6.79096
-8.55184
-10.1624
-11.5959
-12.8285
-13.8399
-14.6134
-15.1362
-15.3998
11.1426
10.1421
8.89112
7.50496
5.99386
4.38587
2.70854
0.990708
-0.738323
-2.44918
-4.11293
-5.70155
-7.18838
-8.54855
-9.75937
-10.8007
-11.6553
-12.3088
-12.7507
-12.9734
9.41021
8.56744
7.51574
6.34924
5.07693
3.72239
2.30885
0.860639
-0.597493
-2.04072
-3.44458
-4.78537
-6.04051
-7.18893
-8.21142
-9.09089
-9.81267
-10.3648
-10.738
-10.9262
7.94723
7.2373
6.35315
5.37153
4.30034
3.15939
1.96828
0.747528
-0.481962
-1.69922
-2.88357
-4.01495
-5.07426
-6.04367
-6.9069
-7.64948
-8.259
-8.72523
-9.04047
-9.1994
6.7119
6.11388
5.3706
4.54459
3.64277
2.68182
1.67824
0.649355
-0.387195
-1.4137
-2.41267
-3.36717
-4.26102
-5.07914
-5.80776
-6.43461
-6.94916
-7.34283
-7.60896
-7.74316
5.66891
5.16517
4.54033
3.84529
3.08612
2.27683
1.43135
0.564281
-0.309484
-1.17499
-2.01746
-2.82258
-3.57667
-4.26697
-4.88182
-5.41085
-5.84517
-6.17742
-6.4021
-6.51538
4.78839
4.36409
3.83882
3.25402
2.61498
1.93348
1.22126
0.490649
-0.245795
-0.975442
-1.68582
-2.36481
-3.00088
-3.58322
-4.10196
-4.54835
-4.91483
-5.19526
-5.38483
-5.48044
4.04509
3.68772
3.24617
2.75415
2.21627
1.64243
1.04254
0.426981
-0.193642
-0.808668
-1.40757
-1.9801
-2.51652
-3.00768
-3.44527
-3.82184
-4.13104
-4.3676
-4.5276
-4.60826
3.41767
3.11669
2.74554
2.3316
1.8789
1.39576
0.890527
0.371965
-0.150985
-0.669324
-1.17416
-1.65685
-2.10915
-2.52335
-2.8924
-3.21003
-3.47082
-3.67042
-3.80535
-3.8734
2.88809
2.63461
2.32264
1.97442
1.59344
1.1867
0.761243
0.324443
-0.116149
-0.552941
-0.978428
-1.38531
-1.76663
-2.11586
-2.42705
-2.6949
-2.91486
-3.08316
-3.197
-3.25439
2.44108
2.22764
1.96544
1.67252
1.35192
1.00953
0.651287
0.283401
-0.087757
-0.455783
-0.814341
-1.15727
-1.47869
-1.7731
-2.03547
-2.26131
-2.44676
-2.58872
-2.68468
-2.73309
2.06379
1.88407
1.66371
1.41733
1.14757
0.859382
0.557761
0.247952
-0.0646765
-0.374722
-0.676837
-0.965824
-1.23672
-1.48487
-1.70603
-1.89642
-2.05278
-2.17242
-2.25337
-2.29417
1.74533
1.59402
1.40883
1.20161
0.974655
0.73211
0.478192
0.217322
-0.0459744
-0.307139
-0.561663
-0.805158
-1.03343
-1.24257
-1.42897
-1.58944
-1.72123
-1.82212
-1.89032
-1.92472
1.47651
1.34913
1.19352
1.01925
0.828321
0.624211
0.410475
0.190839
-0.0308822
-0.250845
-0.465245
-0.67038
-0.862715
-1.03894
-1.19601
-1.33125
-1.44234
-1.52733
-1.58485
-1.61384
1.24957
1.14236
1.01161
0.865068
0.704459
0.532712
0.35282
0.167922
-0.0187662
-0.204003
-0.384581
-0.557376
-0.719404
-0.867872
-1.00022
-1.11418
-1.20777
-1.27943
-1.32786
-1.3523
1.05797
0.967744
0.857889
0.73468
0.599592
0.455093
0.303702
0.148067
-0.00910382
-0.165077
-0.317147
-0.46268
-0.599159
-0.724226
-0.835723
-0.931725
-1.0106
-1.07094
-1.11178
-1.13236
0.896181
0.820258
0.727972
0.624386
0.510777
0.389216
0.261827
0.130839
-0.00146399
-0.132779
-0.260825
-0.38338
-0.498321
-0.603661
-0.697576
-0.778448
-0.84487
-0.89574
-0.930112
-0.947462
0.759541
0.695659
0.618138
0.53106
0.435525
0.333274
0.226094
0.115864
0.00450906
-0.106031
-0.213832
-0.317022
-0.413811
-0.50252
-0.581614
-0.649723
-0.705685
-0.748493
-0.777481
-0.792082
0.644101
0.590361
0.525249
0.452057
0.371731
0.285732
0.195568
0.10282
0.00910884
-0.0839291
-0.174673
-0.261545
-0.343035
-0.417728
-0.484329
-0.541686
-0.588795
-0.624883
-0.649259
-0.661567
0.546545
0.501339
0.446656
0.385143
0.317613
0.245294
0.169455
0.0914274
0.0125776
-0.0657171
-0.142091
-0.215213
-0.28381
-0.346691
-0.402762
-0.451049
-0.490731
-0.521078
-0.541638
-0.551989
0.464056
0.426037
0.380119
0.328429
0.271665
0.21086
0.147081
0.0814492
0.0151152
-0.0507607
-0.115028
-0.176565
-0.234299
-0.287226
-0.334423
-0.375073
-0.408459
-0.434043
-0.451315
-0.460041
0.394271
0.3623
0.323748
0.28032
0.232615
0.1815
0.127874
0.0726799
0.0168866
-0.0385288
-0.092597
-0.144374
-0.192955
-0.237492
-0.277211
-0.311418
-0.339533
-0.361028
-0.3756
-0.38293
0.335181
0.308306
0.275946
0.239468
0.199386
0.156427
0.111349
0.0649441
0.0180281
-0.0285761
-0.0740526
-0.117606
-0.158474
-0.195944
-0.229361
-0.258145
-0.281782
-0.299905
-0.312129
-0.31831
0.285109
0.262521
0.235365
0.204734
0.171067
0.134976
0.0970942
0.0580911
0.0186524
-0.0205296
-0.0587677
-0.0953921
-0.129762
-0.161274
-0.18938
-0.213586
-0.233485
-0.248691
-0.259008
-0.264194
0.242618
0.223645
0.200867
0.175158
0.146892
0.116581
0.0847612
0.0519925
0.0188525
-0.0140762
-0.0462154
-0.0770013
-0.105894
-0.132387
-0.156016
-0.176371
-0.193083
-0.205904
-0.214543
-0.218915
0.206504
0.190584
0.171492
0.149928
0.12621
0.100769
0.0740548
0.0465384
0.0187057
-0.0089535
-0.0359527
-0.0618174
-0.0860936
-0.108354
-0.12821
-0.14531
-0.159371
-0.170108
-0.177402
-0.181063
0.175746
0.162417
0.146432
0.12836
0.108475
0.0871374
0.0647252
0.0416355
0.0182761
-0.00494101
-0.0276069
-0.0493227
-0.069706
-0.0883987
-0.105072
-0.119435
-0.131225
-0.140277
-0.146367
-0.149453
0.149523
0.138377
0.125009
0.10988
0.093225
0.075346
0.0565612
0.0372039
0.0176169
-0.00185373
-0.0208645
-0.0390801
-0.0561797
-0.0718612
-0.085849
-0.0978958
-0.107804
-0.115362
-0.120505
-0.123082
0.127124
0.117817
0.106651
0.0940025
0.0800703
0.0651084
0.0493836
0.0331757
0.0167724
0.000463886
-0.0154615
-0.0307225
-0.0450493
-0.0581891
-0.0699097
-0.0800072
-0.0882923
-0.0946604
-0.0989352
-0.101106
0.107948
0.100185
0.0908727
0.0803154
0.0686807
0.0561812
0.0430404
0.0294927
0.015779
0.00214238
-0.0111756
-0.0239392
-0.0359226
-0.0469132
-0.0567171
-0.0651598
-0.0721064
-0.0773967
-0.0810059
-0.0828085
0.0914702
0.0850094
0.0772606
0.0684686
0.058775
0.0483572
0.0374019
0.0261046
0.0146668
0.00329157
-0.00781937
-0.018469
-0.0284682
-0.0376398
-0.0458208
-0.052869
-0.0586483
-0.0630977
-0.0660745
-0.0675901
0.077254
0.0718909
0.0654623
0.0581637
0.0501139
0.0414599
0.032357
0.022968
0.0134606
0.00400367
-0.00523465
-0.0140902
-0.0224058
-0.0300328
-0.0368362
-0.042694
-0.0475162
-0.0511798
-0.0536885
-0.0549358
0.0649143
0.0604845
0.0551759
0.0491455
0.0424923
0.0353378
0.0278105
0.0200451
0.0121805
0.00435645
-0.00328772
-0.010616
-0.0174976
-0.0238101
-0.0294404
-0.034291
-0.0382641
-0.0413305
-0.0433715
-0.0444151
0.0541346
0.050498
0.0461436
0.0411953
0.0357345
0.029861
0.0236803
0.0173029
0.0108429
0.00441544
-0.00186504
-0.00788652
-0.0135416
-0.0187284
-0.0233548
-0.0273367
-0.0306172
-0.0331004
-0.0348105
-0.0356553
0.0446303
0.0416779
0.0381433
0.0341249
0.0296893
0.0249176
0.0198952
0.0147123
0.0094615
0.00423636
-0.00086993
-0.00576618
-0.0103645
-0.0145826
-0.0183443
-0.021585
-0.0242351
-0.0262889
-0.0276452
-0.0283437
0.0361696
0.0338083
0.0309838
0.0277716
0.0242255
0.0204099
0.0163933
0.0122477
0.00804711
0.00386651
-0.000219443
-0.00413763
-0.00781785
-0.0111932
-0.0142033
-0.0167932
-0.0189305
-0.0205392
-0.0216584
-0.0222056
0.0285387
0.0266988
0.0244976
0.0219934
0.0192283
0.0162526
0.0131197
0.00988571
0.00660845
0.00334636
0.000157715
-0.00290038
-0.00577266
-0.00840752
-0.0107573
-0.0127823
-0.0144347
-0.0157262
-0.0165689
-0.0170079
0.0215614
0.0201839
0.0185376
0.0166645
0.0145959
0.0123696
0.0100253
0.00760515
0.00515233
0.00271055
0.000323496
-0.001966
-0.00411684
-0.00608955
-0.00784917
-0.00936258
-0.0106179
-0.0115546
-0.0122205
-0.0125414
0.0150679
0.0141134
0.0129719
0.0116726
0.0102377
0.00869304
0.00706649
0.00538707
0.00368484
0.0019901
0.000333088
-0.00125645
-0.00274958
-0.00411959
-0.00534121
-0.00639677
-0.0072549
-0.00794294
-0.00838819
-0.00861315
0.00891583
0.00835328
0.00768122
0.00691621
0.00607126
0.00516161
0.00420368
0.0032145
0.00221187
0.00121346
0.000237303
-0.000699154
-0.0015789
-0.00238558
-0.00310616
-0.00372513
-0.00424917
-0.00464409
-0.00491793
-0.00504377
0.00296838
0.00278209
0.00255841
0.00230363
0.0020222
0.00171923
0.00140018
0.00107072
0.000736769
0.000404218
7.90598e-05
-0.00023287
-0.000525875
-0.000794845
-0.0010348
-0.00124355
-0.00141784
-0.0015536
-0.0016413
-0.00168104
-8700.79
-8908.63
-9053.09
-9142.72
-9207.25
-9254.1
-9289.23
-9315.92
-9336.41
-9352.23
-9364.49
-9374.01
-9381.4
-9387.15
-9391.6
-9395.03
-9397.64
-9399.58
-9400.95
-9401.54
-6916.73
-7541.33
-7981.88
-8261.07
-8466.32
-8619.09
-8736.62
-8828.5
-8901.24
-8959.31
-9005.98
-9043.63
-9074.04
-9098.58
-9118.27
-9133.91
-9146.07
-9155.13
-9161.42
-9164.29
-5137.38
-6177.34
-6912.77
-7382.43
-7728.33
-7987.06
-8186.91
-8343.84
-8468.66
-8568.83
-8649.73
-8715.33
-8768.6
-8811.78
-8846.58
-8874.28
-8895.86
-8911.93
-8923.04
-8928.17
-3365.35
-4818.57
-5846.89
-6508.61
-6995.09
-7359.85
-7641.89
-7863.67
-8040.32
-8182.3
-8297.16
-8390.46
-8466.32
-8527.9
-8577.56
-8617.12
-8647.91
-8670.81
-8686.56
-8693.9
-1602.45
-3466.65
-4785.27
-5641.27
-6268.36
-6739.25
-7103.31
-7389.65
-7617.78
-7801.21
-7949.66
-8070.27
-8168.39
-8248.03
-8312.25
-8363.36
-8403.08
-8432.55
-8452.71
-8462.18
150.113
-2122.83
-3728.88
-4782.01
-5549.86
-6126.99
-6572.86
-6923.41
-7202.57
-7426.97
-7608.53
-7756
-7875.92
-7973.21
-8051.59
-8113.87
-8162.16
-8197.88
-8222.15
-8233.65
1896.66
-786.564
-2678.08
-3931.78
-4840.96
-5524.53
-6052.02
-6466.37
-6796.06
-7060.87
-7274.97
-7448.76
-7589.95
-7704.39
-7796.45
-7869.47
-7925.91
-7967.48
-7995.49
-8008.84
3623.8
539.906
-1637.15
-3094.31
-4145.04
-4934.65
-5543.18
-6020.58
-6400
-6704.44
-6950.34
-7149.72
-7311.54
-7442.5
-7547.68
-7630.9
-7695
-7741.95
-7773.27
-7788.22
5232.49
1880.49
-581.728
-2253.03
-3451.55
-4350.57
-5041.97
-5583.29
-6012.74
-6356.75
-6634.18
-6858.8
-7040.81
-7187.84
-7305.66
-7398.6
-7469.88
-7521.76
-7555.93
-7572.16
6121.15
2834.18
346.722
-1483.5
-2811.91
-3808.28
-4574.01
-5172.97
-5647.7
-6027.63
-6333.74
-6581.32
-6781.67
-6943.27
-7072.47
-7174.07
-7251.63
-7307.66
-7344
-7360.97
-29271.9
-27620.4
-25839.6
-23899.5
-21851.2
-19723.7
-17535
-15299.4
-13030.4
-10741.4
-30876.7
-29031.1
-27072.2
-24983.9
-22786.3
-20501.4
-18147.4
-15740.7
-13296.6
-10830.2
-32528.4
-30519.8
-28388.4
-26134.7
-23772.1
-21317.6
-18788.7
-16202.2
-13574.8
-10923
-34484.9
-32300.4
-29978
-27528.1
-24964.4
-22303.2
-19561.9
-16758.1
-13909.7
-11034.7
-36809.8
-34417.7
-31873.8
-29192.3
-26388.8
-23480.2
-20484.8
-17421.4
-14309.2
-11168
-39625.5
-36984.2
-34175
-31214.7
-28120.7
-24911.6
-21607.2
-18227.9
-14795
-11330.1
-43117.2
-40168.7
-37032.7
-33728.1
-30274.4
-26692.3
-23003.8
-19231.8
-15399.8
-11532.2
-47455.5
-44127.3
-40587
-36856
-32956.1
-28910.7
-24744.5
-20483.4
-16154.1
-11784.5
-53925.8
-50039.3
-45901.7
-41538.4
-36975
-32238.9
-27359.1
-22365.5
-17289.2
-12163.7
-56922.7
-52780.7
-48364.1
-43705.6
-38834.4
-33780.8
-28575.5
-23249.5
-17833.8
-12356.2
-39476.6
-39243.1
-38783.9
-38113.8
-37254.1
-36231.9
-35079.3
-33839.1
-32565.8
-31124
-41420.6
-41187.8
-40728.2
-40053.8
-39181.7
-38133.6
-36934
-35609.1
-34175.4
-32580.5
-43736.7
-43501.7
-43036.2
-42349.4
-41454.9
-40369
-39109.3
-37691.5
-36122.9
-34393.3
-46501.7
-46258.4
-45774.7
-45057.8
-44118.5
-42969.2
-41623.5
-40093.7
-38388.6
-36513.3
-49834.9
-49577.5
-49064.6
-48301.7
-47297.5
-46062.4
-44607.6
-42944.3
-41083.3
-39034.3
-53904.7
-53627.2
-53072.9
-52246
-51154.4
-49807.1
-48214.8
-46388.7
-44340.6
-42082.1
-58980.1
-58675.1
-58064.5
-57152.1
-55945.3
-54453.1
-52686
-50655.8
-48375.7
-45858.5
-65309.2
-64968.3
-64284.3
-63260.9
-61906
-60228.9
-58241.1
-55955.5
-53386.8
-50549
-74782.9
-74382.7
-73583.4
-72388.2
-70806
-68847.6
-66526.2
-63857
-60857.3
-57542.6
-79170.1
-78741.9
-77888.4
-76612.5
-74923.4
-72832.1
-70352.4
-67500.9
-64297.2
-60763.2
-19995.3
-19992.5
-19986.9
-19978.5
-19967.4
-19953.6
-19937.1
-19918.1
-19896.6
-19872.7
-20021.7
-20018.8
-20013.1
-20004.6
-19993.3
-19979.3
-19962.7
-19943.4
-19921.8
-19897.7
-20075.4
-20072.4
-20066.5
-20057.8
-20046.2
-20031.8
-20014.8
-19995.1
-19973.1
-19948.4
-20158.2
-20155.1
-20149
-20139.9
-20127.8
-20112.9
-20095.2
-20074.8
-20052.1
-20026.4
-20273.3
-20270.1
-20263.6
-20253.9
-20241.1
-20225.2
-20206.5
-20185.1
-20161.2
-20133.9
-20425.4
-20421.8
-20414.7
-20404.1
-20390.1
-20372.8
-20352.5
-20329.2
-20303.6
-20273.5
-20621.3
-20617.1
-20608.9
-20596.6
-20580.6
-20561
-20538
-20511.9
-20483.6
-20447.2
-20869.3
-20864.3
-20854.5
-20839.8
-20820.7
-20797.2
-20769.8
-20738.7
-20705.6
-20653.3
-21176.8
-21170.7
-21158.4
-21140.2
-21116.4
-21087.1
-21052.8
-21013.6
-20970.4
-20905
-21554.3
-21546.5
-21531.1
-21508.1
-21477.8
-21440.6
-21396.6
-21345.8
-21282.9
-21207.2
-22015.9
-22005.9
-21986.1
-21956.7
-21917.9
-21869.9
-21812.5
-21743.2
-21649.7
-21560.1
-22578.5
-22565.6
-22539.8
-22501.4
-22450.4
-22386.5
-22307.4
-22199
-22081.9
-21973.1
-23263.1
-23245.7
-23210.8
-23158.3
-23087.2
-22993.2
-22870.1
-22731.4
-22600.1
-22465.3
-24095.7
-24070.9
-24020.3
-23939.4
-23830.3
-23697.2
-23542.2
-23370.4
-23220.3
-23053.4
-25087.1
-25049.5
-24974.7
-24864
-24719.8
-24544.9
-24350.4
-24162.3
-23977.2
-23766.3
-26280.2
-26229.1
-26127.9
-25978.1
-25791.6
-25584.7
-25363.2
-25131
-24895.4
-24625.5
-27746.1
-27681.1
-27555.1
-27375.5
-27151.9
-26894
-26610.6
-26308.5
-25999.6
-25651.9
-29659.7
-29575.5
-29411.4
-29175.2
-28877.2
-28529.2
-28143
-27729.4
-27305.3
-26849
-32248.5
-32127.7
-31892
-31552.2
-31123.2
-30621.8
-30065.6
-29469.8
-28863.8
-28232.8
-35972.6
-35792.8
-35440.7
-34930.9
-34283.3
-33521.7
-32672.6
-31763.7
-30821.7
-29772.7
-19822.7
-19731.9
-19626.2
-19508.1
-19380.3
-19245.4
-19106.1
-18965.2
-18825
-18688
-18556.5
-18432.3
-18317.5
-18213.5
-18121.9
-18043.7
-17980
-17931.6
-17898.9
-17882.5
-19846.1
-19752.3
-19643.1
-19521.5
-19389.9
-19251.3
-19108.5
-18964
-18820.6
-18680.6
-18546.2
-18419.6
-18302.6
-18196.7
-18103.4
-18023.9
-17959.1
-17909.9
-17876.8
-17860.1
-19893.5
-19793.6
-19677.3
-19548.3
-19409.2
-19263.1
-19112.9
-18961.5
-18811.5
-18665.3
-18525.4
-18393.8
-18272.3
-18162.6
-18066
-17983.9
-17917
-17866.2
-17832
-17814.8
-19966.1
-19856.5
-19729.2
-19588.7
-19438.1
-19280.5
-19119.1
-18957
-18796.9
-18641.5
-18493.1
-18354
-18225.9
-18110.4
-18009
-17922.9
-17852.8
-17799.7
-17764
-17746
-20065.5
-19942.1
-19799.4
-19643
-19476.4
-19303
-19126.3
-18949.6
-18775.9
-18608
-18448.3
-18299
-18162
-18039
-17931.2
-17839.7
-17765.6
-17709.4
-17671.6
-17652.7
-20193.8
-20051.8
-19888.6
-19711.4
-19523.8
-19329.9
-19133.4
-18938
-18746.9
-18563.1
-18389.1
-18227.2
-18079.1
-17946.6
-17830.9
-17733
-17653.8
-17593.8
-17553.6
-17533.4
-20352.4
-20186.9
-19997.6
-19794
-19579.9
-19360.2
-19139
-18920.4
-18707.9
-18504.7
-18313.4
-18136.2
-17975
-17831.2
-17706.2
-17600.7
-17515.5
-17451.2
-17408.2
-17386.6
-20542.5
-20348.9
-20127.1
-19890.6
-19643.8
-19392.2
-19140.9
-18894.2
-18656.2
-18429.9
-18218.2
-18023.3
-17846.9
-17690.3
-17554.6
-17440.6
-17348.8
-17279.6
-17233.4
-17210.2
-20769.7
-20540.6
-20278.2
-20001
-19713.9
-19423.7
-19136.1
-18856.2
-18588
-18335.1
-18100.1
-17885.1
-17691.6
-17520.8
-17373.4
-17250.1
-17151.1
-17076.7
-17027.1
-17002.2
-21037.8
-20764.6
-20451.7
-20124.2
-19788.1
-19451.4
-19120.7
-18801.7
-18498.8
-18215.6
-17954.4
-17717.2
-17505.2
-17319.1
-17159.4
-17026.2
-16919.8
-16840
-16786.9
-16760.3
-21350.2
-21023.2
-20647.7
-20258.5
-19862.7
-19470.2
-19088.8
-18724.8
-18382.6
-18065.5
-17775.9
-17514.9
-17283.3
-17081.3
-16909
-16766
-16652.1
-16566.9
-16510.4
-16482.1
-21714.6
-21320.2
-20866.2
-20400.6
-19932.2
-19473.3
-19032.9
-18617.5
-18231.6
-17877.9
-17558
-17272.3
-17020.9
-16803.1
-16618.4
-16466
-16345
-16254.9
-16195.2
-16165.4
-22143.2
-21660.2
-21105.8
-20544.5
-19987.7
-19450.2
-18942
-18469.3
-18036.1
-17643.9
-17293.1
-16983
-16712.4
-16479.8
-16283.8
-16123
-15995.9
-15901.6
-15839.2
-15808.1
-22648.2
-22046
-21361.2
-20679.6
-20015.6
-19386.2
-18801.5
-18266.8
-17784.1
-17353.2
-16972.4
-16639.5
-16351.8
-16106.6
-15901.4
-15733.9
-15602.2
-15504.8
-15440.5
-15408.5
-23245.4
-22476.5
-21620
-20787.1
-19994.3
-19259.8
-18591.7
-17992.5
-17460.9
-16993.6
-16586.4
-16234.4
-15933.3
-15678.9
-15467.5
-15296
-15161.8
-15062.9
-14997.8
-14965.5
-23942.7
-22938.1
-21855.7
-20834.6
-19891.1
-19040.9
-18286.7
-17625.1
-17049.6
-16552.1
-16124.8
-15760
-15451.3
-15192.7
-14979.4
-14807.3
-14673.4
-14575.1
-14510.5
-14478.5
-24735.8
-23395.2
-22018.4
-20769.6
-19658.1
-18689.3
-17854.4
-17140
-16531.6
-16015
-15577.9
-15209.6
-14901
-14644.9
-14435.1
-14267
-14136.7
-14041.3
-13978.9
-13948
-25582.9
-23759.4
-22011.7
-20505.4
-19225
-18151.4
-17255.8
-16509.6
-15887.9
-15369.6
-14937.5
-14577.8
-14279.6
-14034.1
-13834.4
-13675.2
-13552.5
-13463
-13404.5
-13375.7
-26439
-23910.9
-21718.9
-19947.8
-18523.8
-17381.8
-16461.8
-15716.3
-15108.5
-14610.6
-14201.3
-13864.5
-13587.9
-13361.9
-13179.3
-13034.5
-12923.3
-12842.5
-12789.9
-12764.1
-26522.4
-23170.6
-20653.1
-18769.1
-17341.9
-16244
-15385.2
-14703.9
-14157.3
-13715.1
-13355.2
-13061.5
-12821.8
-12627.2
-12470.6
-12346.9
-12252.2
-12183.7
-12139.3
-12117.8
-25342.6
-22041.5
-19542
-17702.8
-16360.7
-15350
-14570
-13957.2
-13469.3
-13077
-12759.3
-12501.2
-12291.2
-12121.1
-11984.4
-11876.6
-11794
-11734.1
-11695.2
-11676.9
-24432.1
-21083.5
-18611.6
-16930.3
-15718.2
-14805.2
-14099.9
-13545.1
-13102.8
-12746.7
-12458
-12223.1
-12031.7
-11876.4
-11751.3
-11652.3
-11576
-11520.4
-11483.8
-11466.3
-22814.8
-19739.8
-17553.2
-16085.9
-15021.9
-14218.7
-13596.6
-13106
-12714.1
-12397.9
-12141
-11931.5
-11760.6
-11621.5
-11509.3
-11420.1
-11351.2
-11300.6
-11266.9
-11250.7
-21086.3
-18410
-16509.4
-15245.6
-14323.4
-13626.6
-13085.8
-12658.7
-12316.8
-12040.4
-11815.6
-11632
-11481.9
-11359.5
-11260.5
-11181.7
-11120.6
-11075.5
-11045.1
-11030.5
-19339.3
-17070.8
-15456.1
-14392.8
-13612.3
-13022.2
-12563.4
-12200.3
-11909.1
-11673.5
-11481.4
-11324.3
-11195.6
-11090.6
-11005.4
-10937.4
-10884.6
-10845.4
-10818.8
-10806.1
-17586.2
-15724.5
-14397.5
-13531.4
-12892
-12408.3
-12031.6
-11732.9
-11493
-11298.5
-11139.7
-11009.6
-10902.9
-10815.6
-10744.8
-10688.1
-10643.8
-10610.9
-10588.5
-10577.9
-15822.8
-14370.4
-13334.1
-12662.3
-12163.7
-11786.4
-11491.9
-11258
-11069.7
-10916.8
-10791.8
-10689.1
-10604.8
-10535.7
-10479.5
-10434.4
-10399.2
-10372.9
-10354.9
-10346.4
-14050.4
-13010.1
-12266.9
-11787.2
-11429.3
-11158.3
-10946.1
-10777.1
-10640.8
-10529.8
-10438.9
-10364
-10302.4
-10251.7
-10210.5
-10177.3
-10151.3
-10131.9
-10118.6
-10112.3
-12270.7
-11645.1
-11196.8
-10907.6
-10690.6
-10525.6
-10395.8
-10292
-10207.9
-10139.1
-10082.4
-10035.6
-9996.84
-9964.91
-9938.79
-9917.74
-9901.2
-9888.83
-9880.32
-9876.33
-10486.5
-10277.2
-10125.2
-10025.5
-9949.29
-9890.23
-9842.9
-9804.34
-9772.51
-9746
-9723.78
-9705.11
-9689.43
-9676.32
-9665.47
-9656.64
-9649.67
-9644.43
-9640.85
-9639.15
)
;

boundaryField
{
    down
    {
        type            symmetry;
    }
    right
    {
        type            fixedValue;
        value           uniform 0;
    }
    up
    {
        type            symmetry;
    }
    left
    {
        type            zeroGradient;
    }
    cylinder
    {
        type            symmetry;
    }
    defaultFaces
    {
        type            empty;
    }
}


// ************************************************************************* //
