/*--------------------------------*- C++ -*----------------------------------*\
| =========                 |                                                 |
| \\      /  F ield         | OpenFOAM: The Open Source CFD Toolbox           |
|  \\    /   O peration     | Version:  2406                                  |
|   \\  /    A nd           | Website:  www.openfoam.com                      |
|    \\/     M anipulation  |                                                 |
\*---------------------------------------------------------------------------*/
FoamFile
{
    version     2.0;
    format      ascii;
    arch        "LSB;label=32;scalar=64";
    class       volScalarField;
    location    "2.64e-05";
    object      CH4;
}
// * * * * * * * * * * * * * * * * * * * * * * * * * * * * * * * * * * * * * //

dimensions      [0 0 0 0 0 0 0];

internalField   nonuniform List<scalar> 
4000
(
0.141691
0.0220128
0.00312162
0.000416832
5.36338e-05
6.73219e-06
8.30295e-07
1.01057e-07
1.21766e-08
1.45567e-09
1.72932e-10
2.04408e-11
2.40626e-12
2.82306e-13
3.30281e-14
3.85511e-15
4.49154e-16
5.22396e-17
6.06795e-18
7.03959e-19
8.15949e-20
9.45007e-21
1.09367e-21
1.26498e-22
1.4625e-23
1.69004e-24
1.95223e-25
2.25432e-26
2.60241e-27
3.00349e-28
3.46559e-29
3.99793e-30
4.61126e-31
5.3177e-32
6.13115e-33
7.06777e-34
8.14615e-35
9.38756e-36
1.08164e-36
1.24607e-37
1.43526e-38
1.65289e-39
1.90321e-40
2.19107e-41
2.52205e-42
2.90259e-43
3.34006e-44
3.8429e-45
4.42085e-46
5.08494e-47
5.84798e-48
6.72461e-49
7.73162e-50
8.88823e-51
1.02166e-51
1.17418e-52
1.34927e-53
1.55024e-54
1.78092e-55
2.04566e-56
2.34944e-57
2.6979e-58
3.09779e-59
3.55632e-60
4.08218e-61
4.68515e-62
5.37653e-63
6.16899e-64
7.07738e-65
8.11786e-66
9.30986e-67
1.06758e-67
1.22394e-68
1.403e-69
1.60801e-70
1.84259e-71
2.11107e-72
2.41842e-73
2.7696e-74
3.17104e-75
3.6301e-76
4.15482e-77
4.75443e-78
5.4397e-79
6.22286e-80
7.11483e-81
8.13181e-82
9.2906e-83
1.06101e-83
1.21113e-84
1.38178e-85
1.57591e-86
1.79536e-87
2.04415e-88
2.32516e-89
2.64206e-90
2.99517e-91
3.37899e-92
3.74853e-93
3.77586e-94
0.142491
0.0231468
0.00345898
0.000482652
6.437e-05
8.32369e-06
1.05278e-06
1.31e-07
1.60992e-08
1.95933e-09
2.36607e-10
2.83948e-11
3.38995e-12
4.03005e-13
4.77374e-14
5.6376e-15
6.64059e-16
7.80366e-17
9.16541e-18
1.07343e-18
1.2552e-19
1.46723e-20
1.71299e-21
1.99763e-22
2.32725e-23
2.70901e-24
3.14867e-25
3.65694e-26
4.24677e-27
4.92831e-28
5.71552e-29
6.62458e-30
7.67375e-31
8.88433e-32
1.02807e-32
1.18871e-33
1.37416e-34
1.58778e-35
1.83376e-36
2.1166e-37
2.44203e-38
2.81631e-39
3.24659e-40
3.741e-41
4.30934e-42
4.9632e-43
5.71529e-44
6.58032e-45
7.574e-46
8.71597e-47
1.00301e-47
1.15406e-48
1.32764e-49
1.52709e-50
1.75562e-51
2.01875e-52
2.32005e-53
2.66563e-54
3.06345e-55
3.51973e-56
4.04373e-57
4.6419e-58
5.33057e-59
6.12034e-60
7.02586e-61
8.06414e-62
9.24689e-63
1.05993e-63
1.21578e-64
1.39422e-65
1.59829e-66
1.82987e-67
2.09691e-68
2.40235e-69
2.75199e-70
3.14688e-71
3.60318e-72
4.118e-73
4.70471e-74
5.372e-75
6.14242e-76
7.0199e-77
8.02188e-78
9.13735e-79
1.04333e-79
1.18698e-80
1.34953e-81
1.53274e-82
1.73898e-83
1.97055e-84
2.22955e-85
2.51863e-86
2.83955e-87
3.19355e-88
3.58062e-89
3.99802e-90
4.44028e-91
4.89183e-92
5.30806e-93
5.21161e-94
0.142596
0.0234042
0.00356119
0.00050741
6.91457e-05
9.13023e-06
1.17794e-06
1.49318e-07
1.8668e-08
2.30841e-09
2.82927e-10
3.44226e-11
4.16282e-12
5.00829e-13
5.99919e-14
7.15938e-15
8.5159e-16
1.00983e-16
1.1972e-17
1.41623e-18
1.66834e-19
1.96538e-20
2.31165e-21
2.71016e-22
3.17768e-23
3.72132e-24
4.3466e-25
5.07716e-26
5.92304e-27
6.89747e-28
8.02462e-29
9.3359e-30
1.0843e-30
1.25926e-31
1.46029e-32
1.69302e-33
1.96134e-34
2.2695e-35
2.62495e-36
3.03401e-37
3.50426e-38
4.04447e-39
4.66461e-40
5.37584e-41
6.19252e-42
7.13216e-43
8.2118e-44
9.45268e-45
1.08783e-45
1.25199e-46
1.44067e-47
1.65748e-48
1.90668e-49
2.19157e-50
2.51993e-51
2.89686e-52
3.32981e-53
3.82365e-54
4.38929e-55
5.04249e-56
5.78562e-57
6.63663e-58
7.60995e-59
8.73424e-60
1.00239e-60
1.1483e-61
1.31721e-62
1.50786e-63
1.72888e-64
1.9781e-65
2.26251e-66
2.58605e-67
2.96137e-68
3.38973e-69
3.87837e-70
4.43594e-71
5.07109e-72
5.79502e-73
6.61846e-74
7.55848e-75
8.59657e-76
9.76523e-77
1.11376e-77
1.26288e-78
1.43852e-79
1.62856e-80
1.84127e-81
2.07889e-82
2.34354e-83
2.63723e-84
2.96201e-85
3.31882e-86
3.70868e-87
4.13158e-88
4.58521e-89
5.06634e-90
5.56829e-91
6.07663e-92
6.55094e-93
6.38962e-94
0.142628
0.023499
0.00360324
0.000518709
7.15396e-05
9.57054e-06
1.25153e-06
1.60805e-07
2.03735e-08
2.55204e-09
3.16682e-10
3.89885e-11
4.76804e-12
5.79771e-13
7.01507e-14
8.45125e-15
1.0143e-15
1.21283e-16
1.45051e-17
1.72975e-18
2.05709e-19
2.44034e-20
2.88867e-21
3.4124e-22
4.02358e-23
4.73681e-24
5.5577e-25
6.51167e-26
7.61921e-27
8.90307e-28
1.04048e-28
1.21304e-29
1.4125e-30
1.64475e-31
1.91136e-32
2.21901e-33
2.57372e-34
2.98212e-35
3.45382e-36
3.99446e-37
4.61698e-38
5.33005e-39
6.14851e-40
7.0854e-41
8.16009e-42
9.39595e-43
1.08172e-43
1.24469e-44
1.43235e-45
1.64799e-46
1.89571e-47
2.18024e-48
2.50711e-49
2.88009e-50
3.30757e-51
3.79696e-52
4.3623e-53
5.01068e-54
5.75462e-55
6.59838e-56
7.56235e-57
8.67837e-58
9.95826e-59
1.14007e-59
1.30728e-60
1.49881e-61
1.71357e-62
1.9629e-63
2.24775e-64
2.57183e-65
2.94361e-66
3.35666e-67
3.83973e-68
4.37562e-69
4.982e-70
5.69298e-71
6.4721e-72
7.38937e-73
8.38898e-74
9.56481e-75
1.09022e-75
1.23412e-76
1.4052e-77
1.5869e-78
1.80422e-79
2.03361e-80
2.28867e-81
2.57149e-82
2.88359e-83
3.22712e-84
3.60329e-85
4.01315e-86
4.45642e-87
4.93215e-88
5.43943e-89
5.97453e-90
6.53192e-91
7.09885e-92
7.63571e-93
7.4326e-94
0.142642
0.0235461
0.00362497
0.000524816
7.28989e-05
9.83251e-06
1.29736e-06
1.68274e-07
2.1528e-08
2.7232e-09
3.41225e-10
4.24138e-11
5.23558e-12
6.424e-13
7.84068e-14
9.52496e-15
1.15228e-15
1.38816e-16
1.67322e-17
2.01067e-18
2.40049e-19
2.85799e-20
3.40466e-21
4.04621e-22
4.7975e-23
5.67643e-24
6.70397e-25
7.88584e-26
9.25983e-27
1.08771e-27
1.27356e-28
1.4891e-29
1.73857e-30
2.02988e-31
2.36384e-32
2.75193e-33
3.19958e-34
3.71235e-35
4.30211e-36
4.98249e-37
5.76085e-38
6.6552e-39
7.67753e-40
8.84683e-41
1.01863e-41
1.17266e-42
1.34976e-43
1.5526e-44
1.78624e-45
2.05459e-46
2.36269e-47
2.71665e-48
3.1196e-49
3.58538e-50
4.11487e-51
4.72034e-52
5.42063e-53
6.22431e-54
7.13201e-55
8.184e-56
9.38836e-57
1.07669e-57
1.23444e-58
1.41521e-59
1.61765e-60
1.84837e-61
2.11106e-62
2.41007e-63
2.74895e-64
3.1462e-65
3.58469e-66
4.09758e-67
4.68195e-68
5.34623e-69
6.10379e-70
6.93085e-71
7.85862e-72
8.95518e-73
1.01983e-73
1.16122e-74
1.31123e-75
1.49e-76
1.69284e-77
1.9038e-78
2.1597e-79
2.42398e-80
2.71608e-81
3.03776e-82
3.39099e-83
3.77727e-84
4.19728e-85
4.65214e-86
5.14186e-87
5.66599e-88
6.22279e-89
6.80966e-90
7.42238e-91
8.04828e-92
8.64594e-93
8.40878e-94
0.14265
0.0235735
0.00363784
0.000528517
7.37434e-05
9.99993e-06
1.32749e-06
1.73327e-07
2.23307e-08
2.84539e-09
3.59196e-10
4.49827e-11
5.5942e-12
6.91467e-13
8.5003e-14
1.03988e-14
1.26657e-15
1.53648e-16
1.85742e-17
2.23821e-18
2.68785e-19
3.23197e-20
3.86003e-21
4.61557e-22
5.48586e-23
6.52665e-24
7.72643e-25
9.12598e-26
1.07857e-26
1.26922e-27
1.49388e-28
1.75499e-29
2.05798e-30
2.40907e-31
2.81557e-32
3.28139e-33
3.81875e-34
4.4373e-35
5.15245e-36
5.97369e-37
6.91527e-38
7.99331e-39
9.22374e-40
1.06282e-40
1.22374e-41
1.40872e-42
1.62072e-43
1.86382e-44
2.14388e-45
2.46558e-46
2.8321e-47
3.25552e-48
3.73648e-49
4.29238e-50
4.92944e-51
5.66017e-52
6.48496e-53
7.44096e-54
8.53477e-55
9.78661e-56
1.12187e-56
1.28563e-57
1.47284e-58
1.68716e-59
1.92509e-60
2.20293e-61
2.51962e-62
2.88183e-63
3.28008e-64
3.74747e-65
4.28149e-66
4.86301e-67
5.55072e-68
6.29877e-69
7.13885e-70
8.13899e-71
9.20775e-72
1.04797e-72
1.19285e-73
1.34655e-74
1.51684e-75
1.72331e-76
1.93858e-77
2.17511e-78
2.46569e-79
2.76062e-80
3.08516e-81
3.44122e-82
3.83038e-83
4.25427e-84
4.71405e-85
5.21045e-86
5.74309e-87
6.31233e-88
6.91676e-89
7.55459e-90
8.22112e-91
8.90645e-92
9.56651e-93
9.30187e-94
0.142655
0.0235909
0.00364614
0.000530934
7.43031e-05
1.01127e-05
1.34816e-06
1.76858e-07
2.29025e-08
2.93409e-09
3.72486e-10
4.69175e-11
5.86906e-12
7.29706e-13
9.02302e-14
1.11021e-14
1.35985e-15
1.65781e-16
2.02386e-17
2.46119e-18
2.98193e-19
3.60048e-20
4.3336e-21
5.2026e-22
6.2044e-23
7.40621e-24
8.82001e-25
1.04456e-25
1.23782e-26
1.46353e-27
1.72659e-28
2.03273e-29
2.38835e-30
2.80059e-31
3.27775e-32
3.82901e-33
4.46525e-34
5.1924e-35
6.02799e-36
6.99192e-37
8.09632e-38
9.35523e-39
1.07955e-39
1.24352e-40
1.43104e-41
1.64666e-42
1.89354e-43
2.1766e-44
2.50099e-45
2.87233e-46
3.30055e-47
3.7872e-48
4.35043e-49
4.98846e-50
5.71761e-51
6.54937e-52
7.51303e-53
8.59982e-54
9.83652e-55
1.12757e-55
1.29218e-56
1.47933e-57
1.69452e-58
1.93346e-59
2.20412e-60
2.52201e-61
2.87143e-62
3.28158e-63
3.74797e-64
4.27879e-65
4.88523e-66
5.54333e-67
6.28231e-68
7.15769e-69
8.14839e-70
9.27073e-71
1.05403e-71
1.19733e-72
1.35927e-73
1.54324e-74
1.73286e-75
1.96241e-76
2.22279e-77
2.48414e-78
2.80902e-79
3.13298e-80
3.48804e-81
3.87605e-82
4.299e-83
4.75788e-84
5.25397e-85
5.78787e-86
6.36061e-87
6.97122e-88
7.61976e-89
8.30376e-90
9.02159e-91
9.76051e-92
1.04749e-92
1.01785e-93
0.142658
0.0236027
0.00365181
0.000532599
7.46924e-05
1.0192e-05
1.36286e-06
1.79403e-07
2.33199e-08
2.99974e-09
3.82461e-10
4.83895e-11
6.08099e-12
7.59582e-13
9.43644e-14
1.16651e-14
1.43544e-15
1.7579e-16
2.15647e-17
2.63611e-18
3.19434e-19
3.85723e-20
4.66455e-21
5.62315e-22
6.75809e-23
8.10163e-24
9.65013e-25
1.15027e-25
1.3676e-26
1.62243e-27
1.91496e-28
2.26082e-29
2.66352e-30
3.12467e-31
3.66492e-32
4.28945e-33
5.0107e-34
5.83396e-35
6.7866e-36
7.87931e-37
9.1304e-38
1.05549e-38
1.21833e-39
1.4034e-40
1.61517e-41
1.85843e-42
2.13772e-43
2.45848e-44
2.82426e-45
3.24307e-46
3.72229e-47
4.2698e-48
4.90329e-49
5.62819e-50
6.44743e-51
7.38047e-52
8.46445e-53
9.70153e-54
1.10867e-54
1.27015e-55
1.45503e-56
1.65981e-57
1.90002e-58
2.16454e-59
2.47562e-60
2.81657e-61
3.21889e-62
3.65842e-63
4.15285e-64
4.73719e-65
5.40106e-66
6.14625e-67
7.0018e-68
7.9154e-69
8.93661e-70
1.01439e-70
1.15334e-71
1.29767e-72
1.47195e-73
1.66809e-74
1.89074e-75
2.11551e-76
2.39461e-77
2.67116e-78
3.01845e-79
3.3605e-80
3.73475e-81
4.1431e-82
4.58706e-83
5.06822e-84
5.58789e-85
6.14702e-86
6.74609e-87
7.38548e-88
8.06429e-89
8.78266e-90
9.53692e-91
1.03163e-91
1.10738e-92
1.07634e-93
0.14266
0.0236111
0.00365585
0.000533791
7.49728e-05
1.02496e-05
1.37362e-06
1.8128e-07
2.36309e-08
3.04914e-09
3.90038e-10
4.95189e-11
6.2453e-12
7.82987e-13
9.76371e-14
1.21152e-14
1.49648e-15
1.8406e-16
2.25537e-17
2.75383e-18
3.34916e-19
4.08022e-20
4.9537e-21
5.99371e-22
7.22921e-23
8.69318e-24
1.04254e-24
1.24217e-25
1.48031e-26
1.76034e-27
2.08794e-28
2.47096e-29
2.90979e-30
3.4262e-31
4.02545e-32
4.71015e-33
5.50903e-34
6.42094e-35
7.46836e-36
8.67763e-37
1.00541e-37
1.16319e-38
1.34287e-39
1.54682e-40
1.77999e-41
2.04801e-42
2.35566e-43
2.70872e-44
3.11372e-45
3.57851e-46
4.10526e-47
4.71525e-48
5.4038e-49
6.2031e-50
7.10296e-51
8.1293e-52
9.29913e-53
1.06283e-53
1.21773e-54
1.39508e-55
1.59206e-56
1.81585e-57
2.06981e-58
2.35791e-59
2.68336e-60
3.06823e-61
3.48823e-62
3.96258e-63
4.49767e-64
5.10201e-65
5.78285e-66
6.54996e-67
7.4134e-68
8.37687e-69
9.53959e-70
1.07526e-70
1.2231e-71
1.37664e-72
1.54776e-73
1.7362e-74
1.96958e-75
2.20358e-76
2.49629e-77
2.7838e-78
3.1478e-79
3.50346e-80
3.89231e-81
4.31622e-82
4.777e-83
5.27627e-84
5.81545e-85
6.39566e-86
7.01775e-87
7.68216e-88
8.38912e-89
9.13791e-90
9.92665e-91
1.07443e-91
1.15418e-92
1.12251e-93
0.142661
0.0236171
0.0036588
0.000534666
7.51797e-05
1.02922e-05
1.38164e-06
1.8269e-07
2.3866e-08
3.08674e-09
3.95853e-10
5.03928e-11
6.37343e-12
8.01378e-13
1.00229e-13
1.24745e-14
1.54555e-15
1.90551e-16
2.35454e-17
2.89708e-18
3.55029e-19
4.33452e-20
5.27617e-21
6.36799e-22
7.69755e-23
9.27969e-24
1.11066e-24
1.32979e-25
1.58921e-26
1.8875e-27
2.24288e-28
2.6589e-29
3.13608e-30
3.69069e-31
4.33393e-32
5.07714e-33
5.94514e-34
6.93571e-35
8.074e-36
9.37876e-37
1.08792e-37
1.25907e-38
1.4538e-39
1.67452e-40
1.92727e-41
2.21757e-42
2.54917e-43
2.93125e-44
3.36926e-45
3.86742e-46
4.4362e-47
5.09454e-48
5.84762e-49
6.69624e-50
7.68192e-51
8.81175e-52
1.00752e-52
1.15134e-53
1.31501e-54
1.50058e-55
1.7179e-56
1.96507e-57
2.23743e-58
2.55793e-59
2.92271e-60
3.33654e-61
3.78907e-62
4.29994e-63
4.8728e-64
5.55859e-65
6.28846e-66
7.15124e-67
8.13611e-68
9.25631e-69
1.0431e-69
1.17345e-70
1.33274e-71
1.49683e-72
1.67938e-73
1.8802e-74
2.12761e-75
2.40551e-76
2.72074e-77
3.02701e-78
3.41768e-79
3.79607e-80
4.20861e-81
4.65746e-82
5.14522e-83
5.67316e-84
6.24307e-85
6.85505e-86
7.5106e-87
8.21194e-88
8.95874e-89
9.74851e-90
1.05834e-90
1.14482e-91
1.22925e-92
1.19549e-93
0.142662
0.0236216
0.00366101
0.000535322
7.53353e-05
1.03245e-05
1.38772e-06
1.83764e-07
2.4046e-08
3.1157e-09
4.00357e-10
5.10734e-11
6.47385e-12
8.15885e-13
1.02286e-13
1.27615e-14
1.58501e-15
1.96029e-16
2.41531e-17
2.96535e-18
3.6277e-19
4.42141e-20
5.39455e-21
6.56778e-22
7.92787e-23
9.58428e-24
1.15495e-24
1.38749e-25
1.66192e-26
1.98531e-27
2.35691e-28
2.80007e-29
3.3076e-30
3.90723e-31
4.60411e-32
5.40008e-33
6.32967e-34
7.4011e-35
8.62103e-36
1.00273e-36
1.16363e-37
1.34695e-38
1.55549e-39
1.79149e-40
2.06186e-41
2.37223e-42
2.72833e-43
3.13684e-44
3.60573e-45
4.13696e-46
4.75214e-47
5.44606e-48
6.25047e-49
7.17047e-50
8.22294e-51
9.42648e-52
1.08008e-52
1.23704e-53
1.41607e-54
1.62088e-55
1.84637e-56
2.11104e-57
2.41287e-58
2.7575e-59
3.13101e-60
3.57265e-61
4.07458e-62
4.64362e-63
5.28222e-64
6.01299e-65
6.84044e-66
7.78376e-67
8.77884e-68
9.89185e-69
1.11262e-69
1.26341e-70
1.41886e-71
1.59016e-72
1.79995e-73
2.0355e-74
2.30019e-75
2.59718e-76
2.9333e-77
3.25695e-78
3.6729e-79
4.07158e-80
4.5065e-81
4.97918e-82
5.4917e-83
6.04584e-84
6.64295e-85
7.28475e-86
7.97275e-87
8.70753e-88
9.48922e-89
1.03186e-89
1.11948e-90
1.21038e-91
1.29937e-92
1.26317e-93
0.142663
0.023625
0.00366268
0.00053582
7.54538e-05
1.03491e-05
1.39238e-06
1.8459e-07
2.41849e-08
3.13814e-09
4.03861e-10
5.16057e-11
6.55275e-12
8.27339e-13
1.03918e-13
1.29904e-14
1.61662e-15
2.00196e-16
2.48581e-17
3.0754e-18
3.76423e-19
4.61828e-20
5.64517e-21
6.88012e-22
8.31224e-23
1.00587e-23
1.21336e-24
1.45914e-25
1.74955e-26
2.0901e-27
2.49124e-28
2.96166e-29
3.50057e-30
4.13734e-31
4.87695e-32
5.73299e-33
6.72257e-34
7.85073e-35
9.14579e-36
1.06401e-36
1.23469e-37
1.42912e-38
1.64988e-39
1.89935e-40
2.18542e-41
2.51258e-42
2.88707e-43
3.31885e-44
3.80949e-45
4.36951e-46
5.01754e-47
5.7605e-48
6.59651e-49
7.54717e-50
8.65386e-51
9.92103e-52
1.13289e-52
1.29795e-53
1.4801e-54
1.69385e-55
1.93729e-56
2.21462e-57
2.53174e-58
2.87762e-59
3.26807e-60
3.70946e-61
4.20695e-62
4.76379e-63
5.4299e-64
6.18479e-65
7.04052e-66
8.00853e-67
9.10947e-68
1.02498e-68
1.16433e-69
1.30842e-70
1.46695e-71
1.66341e-72
1.86065e-73
2.10445e-74
2.37839e-75
2.68981e-76
2.99671e-77
3.32827e-78
3.75591e-79
4.16603e-80
4.61144e-81
5.09749e-82
5.62308e-83
6.19153e-84
6.80463e-85
7.46397e-86
8.17096e-87
8.92669e-88
9.73163e-89
1.05891e-89
1.14927e-90
1.24328e-91
1.33575e-92
1.29927e-93
0.142663
0.0236276
0.00366395
0.000536202
7.55448e-05
1.0368e-05
1.39599e-06
1.8523e-07
2.4293e-08
3.15566e-09
4.06606e-10
5.20237e-11
6.61493e-12
8.36398e-13
1.05214e-13
1.31727e-14
1.64193e-15
2.03804e-16
2.51999e-17
3.10445e-18
3.80854e-19
4.68191e-20
5.70549e-21
6.96741e-22
8.48177e-23
1.02378e-23
1.23767e-24
1.49147e-25
1.79238e-26
2.13896e-27
2.55411e-28
3.04175e-29
3.60073e-30
4.26049e-31
5.03007e-32
5.90895e-33
6.93677e-34
8.1185e-35
9.47872e-36
1.10245e-36
1.28019e-37
1.48177e-38
1.71086e-39
1.97002e-40
2.26736e-41
2.60889e-42
2.99847e-43
3.44383e-44
3.9579e-45
4.54666e-46
5.22229e-47
5.98382e-48
6.85204e-49
7.84185e-50
8.96918e-51
1.02487e-51
1.17431e-52
1.34445e-53
1.53286e-54
1.75473e-55
1.99854e-56
2.2737e-57
2.59835e-58
2.96909e-59
3.3687e-60
3.84537e-61
4.35837e-62
4.93114e-63
5.61765e-64
6.39552e-65
7.28321e-66
8.21722e-67
9.25722e-68
1.05282e-68
1.18335e-69
1.34161e-70
1.5041e-71
1.70445e-72
1.93199e-73
2.1577e-74
2.43967e-75
2.7558e-76
3.11306e-77
3.45489e-78
3.89808e-79
4.31934e-80
4.77864e-81
5.27757e-82
5.81858e-83
6.40367e-84
7.03476e-85
7.71361e-86
8.44176e-87
9.22053e-88
1.00512e-88
1.09335e-89
1.18668e-90
1.28396e-91
1.37936e-92
1.34249e-93
0.142663
0.0236296
0.00366493
0.000536495
7.56148e-05
1.03826e-05
1.39876e-06
1.85724e-07
2.43767e-08
3.16924e-09
4.08741e-10
5.23503e-11
6.66366e-12
8.43521e-13
1.06237e-13
1.33171e-14
1.66202e-15
2.06561e-16
2.55744e-17
3.15442e-18
3.87455e-19
4.77193e-20
5.85834e-21
7.12731e-22
8.64062e-23
1.04929e-23
1.26991e-24
1.53183e-25
1.84198e-26
2.2085e-27
2.63009e-28
3.13465e-29
3.71305e-30
4.39802e-31
5.19432e-32
6.11705e-33
7.18306e-34
8.41193e-35
9.80924e-36
1.14216e-36
1.32628e-37
1.53491e-38
1.77236e-39
2.04033e-40
2.34729e-41
2.7002e-42
3.10455e-43
3.56852e-44
4.101e-45
4.70395e-46
5.39108e-47
6.18958e-48
7.08464e-49
8.12589e-50
9.31322e-51
1.06403e-51
1.21494e-52
1.386e-53
1.58605e-54
1.80659e-55
2.06711e-56
2.35198e-57
2.67427e-58
3.03657e-59
3.46889e-60
3.93236e-61
4.48808e-62
5.07792e-63
5.78531e-64
6.58728e-65
7.49591e-66
8.52371e-67
9.68458e-68
1.10055e-68
1.2354e-69
1.40065e-70
1.58672e-71
1.7959e-72
2.03154e-73
2.2992e-74
2.56088e-75
2.89371e-76
3.2143e-77
3.6213e-78
4.0826e-79
4.51922e-80
4.99441e-81
5.51197e-82
6.07161e-83
6.67636e-84
7.3304e-85
8.03168e-86
8.7861e-87
9.59261e-88
1.04508e-88
1.13626e-89
1.23313e-90
1.33374e-91
1.43271e-92
1.39355e-93
0.142663
0.0236311
0.00366568
0.00053672
7.56686e-05
1.03939e-05
1.4009e-06
1.86106e-07
2.44414e-08
3.17977e-09
4.10399e-10
5.26041e-11
6.70163e-12
8.49085e-13
1.07037e-13
1.34304e-14
1.67781e-15
2.08581e-16
2.60294e-17
3.21089e-18
3.9719e-19
4.89431e-20
6.01195e-21
7.31349e-22
8.92017e-23
1.07899e-23
1.30138e-24
1.56434e-25
1.88349e-26
2.2513e-27
2.69264e-28
3.21065e-29
3.8176e-30
4.51251e-31
5.33247e-32
6.28399e-33
7.36992e-34
8.62106e-35
1.00582e-35
1.17035e-36
1.35934e-37
1.57437e-38
1.8181e-39
2.09316e-40
2.40906e-41
2.7699e-42
3.18575e-43
3.65822e-44
4.20391e-45
4.82883e-46
5.54443e-47
6.36357e-48
7.30074e-49
8.37064e-50
9.56501e-51
1.09588e-51
1.25499e-52
1.43637e-53
1.64327e-54
1.87976e-55
2.13767e-56
2.442e-57
2.78968e-58
3.16398e-59
3.60917e-60
4.11496e-61
4.68294e-62
5.33179e-63
6.06742e-64
6.90013e-65
7.84219e-66
8.90774e-67
1.01229e-67
1.13688e-68
1.29034e-69
1.44584e-70
1.63753e-71
1.85296e-72
2.09473e-73
2.36638e-74
2.67444e-75
2.97207e-76
3.35423e-77
3.71659e-78
4.18894e-79
4.63463e-80
5.11996e-81
5.64685e-82
6.21778e-83
6.83519e-84
7.50064e-85
8.21668e-86
8.98469e-87
9.80809e-88
1.06844e-88
1.16167e-89
1.26032e-90
1.36323e-91
1.46443e-92
1.42502e-93
0.142663
0.0236322
0.00366625
0.000536891
7.57094e-05
1.04024e-05
1.40253e-06
1.86397e-07
2.44907e-08
3.18783e-09
4.1167e-10
5.27991e-11
6.73084e-12
8.53371e-13
1.07655e-13
1.35181e-14
1.69007e-15
2.10426e-16
2.60811e-17
3.24467e-18
3.99487e-19
4.90179e-20
5.99112e-21
7.33902e-22
8.95793e-23
1.08957e-23
1.32134e-24
1.58919e-25
1.91386e-26
2.29822e-27
2.74041e-28
3.26927e-29
3.88831e-30
4.61134e-31
5.43912e-32
6.3969e-33
7.51765e-34
8.80865e-35
1.02884e-35
1.19842e-36
1.39189e-37
1.61188e-38
1.8606e-39
2.1418e-40
2.4646e-41
2.83494e-42
3.2598e-43
3.7468e-44
4.30553e-45
4.93642e-46
5.66751e-47
6.50402e-48
7.46142e-49
8.5543e-50
9.77691e-51
1.11625e-51
1.27904e-52
1.45843e-53
1.66862e-54
1.89972e-55
2.17325e-56
2.46979e-57
2.82127e-58
3.22053e-59
3.6745e-60
4.18956e-61
4.77743e-62
5.39889e-63
6.15153e-64
6.93814e-65
7.88879e-66
8.96443e-67
1.01812e-67
1.15651e-68
1.29727e-69
1.4703e-70
1.66729e-71
1.86601e-72
2.08382e-73
2.35684e-74
2.66636e-75
2.96512e-76
3.34929e-77
3.71216e-78
4.18662e-79
4.63397e-80
5.12105e-81
5.65022e-82
6.2238e-83
6.84407e-84
7.51318e-85
8.23312e-86
9.00727e-87
9.83441e-88
1.07177e-88
1.16573e-89
1.26527e-90
1.36919e-91
1.4718e-92
1.43243e-93
0.142663
0.023633
0.00366667
0.000537017
7.57397e-05
1.04087e-05
1.40374e-06
1.86613e-07
2.45275e-08
3.19382e-09
4.12617e-10
5.29445e-11
6.75265e-12
8.56578e-13
1.08118e-13
1.35838e-14
1.69928e-15
2.117e-16
2.62739e-17
3.24706e-18
4.02781e-19
4.94531e-20
6.051e-21
7.38057e-22
8.97058e-23
1.09146e-23
1.32529e-24
1.59587e-25
1.92428e-26
2.31107e-27
2.76921e-28
3.29569e-29
3.92426e-30
4.6442e-31
5.49585e-32
6.46804e-33
7.60623e-34
8.91774e-35
1.0424e-35
1.21492e-36
1.41056e-37
1.63317e-38
1.88618e-39
2.17188e-40
2.49984e-41
2.87621e-42
3.30791e-43
3.80344e-44
4.36446e-45
5.01357e-46
5.75815e-47
6.59371e-48
7.56552e-49
8.67687e-50
9.94937e-51
1.13584e-51
1.30081e-52
1.48899e-53
1.70374e-54
1.94744e-55
2.21519e-56
2.51646e-57
2.87557e-58
3.2617e-59
3.72427e-60
4.22051e-61
4.77583e-62
5.4421e-63
6.20204e-64
7.00056e-65
7.88912e-66
8.96865e-67
1.01892e-67
1.15684e-68
1.31198e-69
1.48694e-70
1.68411e-71
1.9052e-72
2.15349e-73
2.43526e-74
2.70829e-75
3.05756e-76
3.39554e-77
3.75962e-78
4.23662e-79
4.68532e-80
5.17329e-81
5.70328e-82
6.27772e-83
6.8994e-84
7.5693e-85
8.29018e-86
9.06382e-87
9.89205e-88
1.07763e-88
1.17174e-89
1.27151e-90
1.37586e-91
1.4785e-92
1.43898e-93
0.142663
0.0236336
0.00366696
0.000537106
7.57611e-05
1.04132e-05
1.4046e-06
1.86766e-07
2.45535e-08
3.19808e-09
4.13289e-10
5.30479e-11
6.76819e-12
8.58864e-13
1.08448e-13
1.36308e-14
1.70584e-15
2.1244e-16
2.65445e-17
3.30267e-18
4.09565e-19
5.02764e-20
6.14774e-21
7.52773e-22
9.19385e-23
1.11892e-23
1.3572e-24
1.64055e-25
1.97663e-26
2.37481e-27
2.8327e-28
3.38161e-29
4.01065e-30
4.75683e-31
5.62445e-32
6.63e-33
7.79181e-34
9.12983e-35
1.06656e-35
1.24233e-36
1.4415e-37
1.66806e-38
1.92487e-39
2.21535e-40
2.54784e-41
2.93012e-42
3.3685e-43
3.87102e-44
4.44671e-45
5.10588e-46
5.86058e-47
6.7236e-48
7.71115e-49
8.8375e-50
1.0093e-50
1.15653e-51
1.31884e-52
1.50931e-53
1.72724e-54
1.96591e-55
2.23446e-56
2.5522e-57
2.91348e-58
3.32355e-59
3.78915e-60
4.31753e-61
4.91574e-62
5.59874e-63
6.32047e-64
7.12166e-65
8.09073e-66
9.18496e-67
1.04215e-67
1.18306e-68
1.32558e-69
1.50158e-70
1.70148e-71
1.89998e-72
2.15112e-73
2.39973e-74
2.67423e-75
2.97675e-76
3.30968e-77
3.66851e-78
4.13868e-79
4.58151e-80
5.06356e-81
5.58747e-82
6.15553e-83
6.77067e-84
7.4342e-85
8.14866e-86
8.91602e-87
9.7388e-88
1.06171e-88
1.15527e-89
1.2545e-90
1.35823e-91
1.46056e-92
1.42225e-93
0.142663
0.023634
0.00366715
0.000537163
7.57748e-05
1.04161e-05
1.40515e-06
1.86864e-07
2.45702e-08
3.2008e-09
4.1372e-10
5.31142e-11
6.77815e-12
8.60331e-13
1.0866e-13
1.3661e-14
1.7101e-15
2.13197e-16
2.64787e-17
3.27666e-18
4.03828e-19
4.98803e-20
6.10479e-21
7.48171e-22
9.15115e-23
1.10909e-23
1.34718e-24
1.62282e-25
1.9576e-26
2.35289e-27
2.81038e-28
3.34736e-29
3.9744e-30
4.7202e-31
5.57308e-32
6.5766e-33
7.73695e-34
9.07379e-35
1.06103e-35
1.23541e-36
1.43567e-37
1.66329e-38
1.92048e-39
2.21148e-40
2.54552e-41
2.92883e-42
3.36844e-43
3.87249e-44
4.45096e-45
5.10364e-46
5.86188e-47
6.71193e-48
7.70332e-49
8.80795e-50
1.00975e-50
1.15746e-51
1.32078e-52
1.50621e-53
1.71644e-54
1.9546e-55
2.22288e-56
2.54223e-57
2.88817e-58
3.27855e-59
3.7165e-60
4.24351e-61
4.80205e-62
5.47296e-63
6.23857e-64
7.0432e-65
7.94423e-66
8.94303e-67
1.01634e-67
1.15527e-68
1.29599e-69
1.47121e-70
1.64664e-71
1.86472e-72
2.11247e-73
2.35456e-74
2.66354e-75
2.96056e-76
3.34317e-77
3.70302e-78
4.17549e-79
4.61939e-80
5.10276e-81
5.62801e-82
6.19754e-83
6.81364e-84
7.47884e-85
8.19488e-86
8.9639e-87
9.78808e-88
1.06683e-88
1.16061e-89
1.26009e-90
1.36409e-91
1.4667e-92
1.42812e-93
0.142663
0.0236342
0.00366724
0.000537191
7.57814e-05
1.04175e-05
1.40541e-06
1.86912e-07
2.45783e-08
3.20213e-09
4.13931e-10
5.31466e-11
6.78303e-12
8.61049e-13
1.08764e-13
1.36758e-14
1.71217e-15
2.13487e-16
2.65154e-17
3.28135e-18
4.04651e-19
4.96981e-20
6.12398e-21
7.47163e-22
9.14228e-23
1.10887e-23
1.34019e-24
1.6221e-25
1.95682e-26
2.35293e-27
2.81977e-28
3.36826e-29
4.01057e-30
4.7605e-31
5.63292e-32
6.64475e-33
7.81538e-34
9.1474e-35
1.06922e-35
1.24596e-36
1.44757e-37
1.67574e-38
1.93437e-39
2.22697e-40
2.56217e-41
2.94592e-42
3.38453e-43
3.89053e-44
4.47041e-45
5.13453e-46
5.8964e-47
6.74999e-48
7.74328e-49
8.87859e-50
1.01798e-50
1.16237e-51
1.32566e-52
1.51808e-53
1.72847e-54
1.9763e-55
2.25823e-56
2.58054e-57
2.92937e-58
3.32022e-59
3.78615e-60
4.31537e-61
4.91931e-62
5.55451e-63
6.3201e-64
7.19184e-65
8.10196e-66
9.11004e-67
1.03527e-67
1.16193e-68
1.31906e-69
1.47723e-70
1.67274e-71
1.89537e-72
2.11428e-73
2.38849e-74
2.69578e-75
3.04437e-76
3.38094e-77
3.74323e-78
4.21925e-79
4.666e-80
5.15237e-81
5.68078e-82
6.25362e-83
6.87325e-84
7.54193e-85
8.26183e-86
9.03499e-87
9.8632e-88
1.07481e-88
1.16908e-89
1.26907e-90
1.37362e-91
1.47677e-92
1.43779e-93
0.142663
0.0236342
0.00366724
0.000537191
7.57814e-05
1.04175e-05
1.40541e-06
1.86912e-07
2.45783e-08
3.20213e-09
4.13931e-10
5.31466e-11
6.78303e-12
8.61049e-13
1.08764e-13
1.36758e-14
1.71217e-15
2.13485e-16
2.64947e-17
3.29912e-18
4.09446e-19
5.02611e-20
6.18662e-21
7.58701e-22
9.277e-23
1.12457e-23
1.35907e-24
1.63694e-25
1.97432e-26
2.37423e-27
2.83455e-28
3.38371e-29
4.02874e-30
4.7818e-31
5.65781e-32
6.67479e-33
7.83392e-34
9.18148e-35
1.07313e-35
1.25044e-36
1.45268e-37
1.6815e-38
1.94137e-39
2.23479e-40
2.57184e-41
2.95677e-42
3.39712e-43
3.90001e-44
4.48119e-45
5.14693e-46
5.91064e-47
6.76634e-48
7.76202e-49
8.90009e-50
1.0204e-50
1.16507e-51
1.32869e-52
1.52149e-53
1.73328e-54
1.97315e-55
2.24458e-56
2.54995e-57
2.91388e-58
3.30375e-59
3.76852e-60
4.29651e-61
4.89919e-62
5.53794e-63
6.25566e-64
7.05384e-65
8.02026e-66
9.11047e-67
1.03429e-67
1.17326e-68
1.32985e-69
1.50791e-70
1.68575e-71
1.90991e-72
2.13314e-73
2.37984e-74
2.64906e-75
2.9948e-76
3.32942e-77
3.68978e-78
4.16286e-79
4.60772e-80
5.0923e-81
5.61903e-82
6.19054e-83
6.80905e-84
7.47662e-85
8.19565e-86
8.96819e-87
9.79613e-88
1.0681e-88
1.16242e-89
1.2625e-90
1.36718e-91
1.47053e-92
1.4323e-93
0.142663
0.023634
0.00366715
0.000537163
7.57748e-05
1.04161e-05
1.40515e-06
1.86864e-07
2.45702e-08
3.2008e-09
4.1372e-10
5.31143e-11
6.77816e-12
8.60332e-13
1.08661e-13
1.3661e-14
1.7101e-15
2.13198e-16
2.64552e-17
3.29403e-18
4.08834e-19
5.02253e-20
6.14722e-21
7.53475e-22
9.21226e-23
1.12222e-23
1.3622e-24
1.64774e-25
1.9874e-26
2.37992e-27
2.84173e-28
3.38359e-29
4.01618e-30
4.76843e-31
5.62977e-32
6.62708e-33
7.79464e-34
9.13982e-35
1.06857e-35
1.24401e-36
1.44525e-37
1.67421e-38
1.93289e-39
2.22546e-40
2.56157e-41
2.94524e-42
3.38714e-43
3.89372e-44
4.47415e-45
5.13906e-46
5.90189e-47
6.75672e-48
7.75363e-49
8.86739e-50
1.01311e-50
1.16136e-51
1.32536e-52
1.51078e-53
1.72961e-54
1.96912e-55
2.23996e-56
2.54619e-57
2.89243e-58
3.28323e-59
3.72158e-60
4.2491e-61
4.80821e-62
5.47993e-63
6.2464e-64
7.05205e-65
7.95439e-66
8.95496e-67
1.01755e-67
1.15675e-68
1.29794e-69
1.47239e-70
1.66862e-71
1.88969e-72
2.14093e-73
2.38639e-74
2.69892e-75
2.99996e-76
3.38799e-77
3.75285e-78
4.23212e-79
4.6826e-80
5.17294e-81
5.70587e-82
6.28378e-83
6.90907e-84
7.58405e-85
8.31088e-86
9.09233e-87
9.92903e-88
1.08232e-88
1.1776e-89
1.27868e-90
1.3845e-91
1.48884e-92
1.44987e-93
0.142663
0.0236336
0.00366696
0.000537106
7.57611e-05
1.04132e-05
1.4046e-06
1.86766e-07
2.45535e-08
3.19808e-09
4.13289e-10
5.30479e-11
6.76819e-12
8.58864e-13
1.08448e-13
1.36308e-14
1.70587e-15
2.12612e-16
2.63756e-17
3.28273e-18
4.06989e-19
5.02568e-20
6.1826e-21
7.57795e-22
9.26e-23
1.12197e-23
1.35531e-24
1.63168e-25
1.96693e-26
2.3631e-27
2.82972e-28
3.37878e-29
4.00791e-30
4.75448e-31
5.6227e-32
6.62902e-33
7.79187e-34
9.13123e-35
1.06689e-35
1.24279e-36
1.44335e-37
1.67124e-38
1.92921e-39
2.2205e-40
2.55469e-41
2.93823e-42
3.37806e-43
3.88285e-44
4.45415e-45
5.11528e-46
5.87344e-47
6.72336e-48
7.71213e-49
8.84188e-50
1.01318e-50
1.16055e-51
1.32919e-52
1.51504e-53
1.72588e-54
1.96469e-55
2.2335e-56
2.55157e-57
2.91331e-58
3.3243e-59
3.79048e-60
4.32001e-61
4.92038e-62
5.60138e-63
6.37329e-64
7.25301e-65
8.17234e-66
9.20052e-67
1.03374e-67
1.17307e-68
1.33006e-69
1.50707e-70
1.70659e-71
1.93111e-72
2.18359e-73
2.47013e-74
2.74931e-75
3.09769e-76
3.44189e-77
3.81261e-78
4.29897e-79
4.75622e-80
5.25415e-81
5.79526e-82
6.38197e-83
7.01735e-84
7.70245e-85
8.44017e-86
9.2324e-87
1.00822e-87
1.0989e-88
1.19559e-89
1.29808e-90
1.40521e-91
1.5109e-92
1.47117e-93
0.142663
0.023633
0.00366667
0.000537017
7.57397e-05
1.04087e-05
1.40374e-06
1.86613e-07
2.45275e-08
3.19382e-09
4.12617e-10
5.29446e-11
6.75267e-12
8.56581e-13
1.08118e-13
1.35839e-14
1.6993e-15
2.11706e-16
2.62717e-17
3.24609e-18
4.02567e-19
4.93952e-20
6.08107e-21
7.41683e-22
9.01275e-23
1.09786e-23
1.32576e-24
1.60402e-25
1.92616e-26
2.30643e-27
2.75306e-28
3.28895e-29
3.90346e-30
4.63305e-31
5.47955e-32
6.4639e-33
7.6019e-34
8.91334e-35
1.04198e-35
1.2142e-36
1.411e-37
1.63385e-38
1.88717e-39
2.17327e-40
2.50175e-41
2.87897e-42
3.30857e-43
3.80424e-44
4.37298e-45
5.01617e-46
5.74909e-47
6.60011e-48
7.5762e-49
8.66769e-50
9.90607e-51
1.13589e-51
1.29691e-52
1.47897e-53
1.69303e-54
1.93777e-55
2.20396e-56
2.51879e-57
2.87694e-58
3.28656e-59
3.7251e-60
4.24911e-61
4.84438e-62
5.51911e-63
6.28461e-64
7.14129e-65
8.10733e-66
9.21978e-67
1.03618e-67
1.1757e-68
1.3332e-69
1.51091e-70
1.7107e-71
1.93606e-72
2.18417e-73
2.46837e-74
2.79083e-75
3.10555e-76
3.4516e-77
3.82433e-78
4.31272e-79
4.7726e-80
5.27385e-81
5.81875e-82
6.40918e-83
7.04796e-84
7.73746e-85
8.4799e-86
9.27737e-87
1.01317e-87
1.10445e-88
1.20175e-89
1.30488e-90
1.41268e-91
1.51901e-92
1.47914e-93
0.142663
0.0236322
0.00366625
0.000536891
7.57094e-05
1.04024e-05
1.40253e-06
1.86397e-07
2.44908e-08
3.18783e-09
4.1167e-10
5.27991e-11
6.73085e-12
8.53375e-13
1.07656e-13
1.35182e-14
1.6901e-15
2.10435e-16
2.60989e-17
3.2247e-18
3.96777e-19
4.89559e-20
6.02197e-21
7.33849e-22
8.90989e-23
1.08387e-23
1.31398e-24
1.58841e-25
1.90522e-26
2.2873e-27
2.73725e-28
3.26646e-29
3.87297e-30
4.59237e-31
5.42893e-32
6.39895e-33
7.5173e-34
8.80815e-35
1.02905e-35
1.1987e-36
1.39226e-37
1.61238e-38
1.86129e-39
2.14277e-40
2.46607e-41
2.83531e-42
3.2605e-43
3.74855e-44
4.30138e-45
4.94105e-46
5.67332e-47
6.51163e-48
7.47098e-49
8.57062e-50
9.7933e-51
1.12227e-51
1.28601e-52
1.46618e-53
1.67864e-54
1.91108e-55
2.18615e-56
2.48616e-57
2.82386e-58
3.22482e-59
3.68046e-60
4.19851e-61
4.79048e-62
5.42116e-63
6.12534e-64
6.97561e-65
7.94562e-66
8.95147e-67
1.01855e-67
1.14484e-68
1.2998e-69
1.47646e-70
1.65398e-71
1.87385e-72
2.12119e-73
2.39946e-74
2.71543e-75
3.01992e-76
3.41186e-77
3.78265e-78
4.26705e-79
4.72421e-80
5.22246e-81
5.76495e-82
6.35263e-83
6.98868e-84
7.67552e-85
8.41594e-86
9.21077e-87
1.0064e-87
1.09738e-88
1.19431e-89
1.29712e-90
1.4046e-91
1.51062e-92
1.47126e-93
0.142663
0.0236311
0.00366568
0.00053672
7.56686e-05
1.03939e-05
1.4009e-06
1.86106e-07
2.44414e-08
3.17978e-09
4.10401e-10
5.26044e-11
6.70168e-12
8.49093e-13
1.07039e-13
1.34307e-14
1.67787e-15
2.08749e-16
2.58692e-17
3.19374e-18
3.92605e-19
4.83996e-20
5.94818e-21
7.24027e-22
8.82628e-23
1.06754e-23
1.29341e-24
1.56197e-25
1.88081e-26
2.24833e-27
2.69045e-28
3.19935e-29
3.79287e-30
4.49775e-31
5.30475e-32
6.23884e-33
7.33198e-34
8.59256e-35
1.00272e-35
1.16702e-36
1.35582e-37
1.5707e-38
1.81385e-39
2.08883e-40
2.40474e-41
2.76593e-42
3.17947e-43
3.65217e-44
4.19819e-45
4.82413e-46
5.54094e-47
6.36178e-48
7.30134e-49
8.37634e-50
9.60527e-51
1.10102e-51
1.26202e-52
1.44014e-53
1.64147e-54
1.87927e-55
2.13881e-56
2.44537e-57
2.7959e-58
3.17372e-59
3.62324e-60
4.13441e-61
4.71554e-62
5.37387e-63
6.11941e-64
6.96431e-65
7.92042e-66
9.00132e-67
1.02342e-67
1.14974e-68
1.30428e-69
1.48043e-70
1.65945e-71
1.8569e-72
2.09743e-73
2.37599e-74
2.65252e-75
2.95263e-76
3.33883e-77
3.70545e-78
4.18356e-79
4.63652e-80
5.13031e-81
5.66762e-82
6.25084e-83
6.88236e-84
7.56444e-85
8.29938e-86
9.08903e-87
9.93541e-88
1.08399e-88
1.18036e-89
1.28258e-90
1.38943e-91
1.49521e-92
1.45707e-93
0.142663
0.0236296
0.00366493
0.000536495
7.56148e-05
1.03826e-05
1.39876e-06
1.85724e-07
2.43767e-08
3.16925e-09
4.08742e-10
5.23504e-11
6.6637e-12
8.4353e-13
1.06238e-13
1.33174e-14
1.66207e-15
2.06574e-16
2.55732e-17
3.15426e-18
3.87423e-19
4.77142e-20
5.85502e-21
7.16223e-22
8.68199e-23
1.05428e-23
1.27601e-24
1.53941e-25
1.85133e-26
2.22016e-27
2.64432e-28
3.15168e-29
3.73314e-30
4.42292e-31
5.21255e-32
6.12721e-33
7.18419e-34
8.40124e-35
9.81247e-36
1.14295e-36
1.32647e-37
1.53645e-38
1.7742e-39
2.04303e-40
2.35176e-41
2.70617e-42
3.11277e-43
3.5791e-44
4.11377e-45
4.72739e-46
5.41949e-47
6.22233e-48
7.14114e-49
8.19254e-50
9.395e-51
1.07696e-51
1.23405e-52
1.41394e-53
1.61183e-54
1.84445e-55
2.10943e-56
2.41158e-57
2.75732e-58
3.13024e-59
3.57354e-60
4.07755e-61
4.65342e-62
5.26905e-63
5.95781e-64
6.7919e-65
7.66575e-66
8.72382e-67
9.92149e-68
1.12835e-68
1.26772e-69
1.43879e-70
1.63108e-71
1.84745e-72
2.09112e-73
2.365e-74
2.67588e-75
2.97664e-76
3.36249e-77
3.7291e-78
4.20635e-79
4.65896e-80
5.15237e-81
5.68905e-82
6.27144e-83
6.90188e-84
7.58265e-85
8.31587e-86
9.10345e-87
9.94711e-88
1.08483e-88
1.18078e-89
1.28249e-90
1.38874e-91
1.49353e-92
1.45501e-93
0.142663
0.0236276
0.00366395
0.000536202
7.55448e-05
1.0368e-05
1.39598e-06
1.85229e-07
2.4293e-08
3.15565e-09
4.06605e-10
5.20238e-11
6.61499e-12
8.3641e-13
1.05216e-13
1.31732e-14
1.64201e-15
2.03819e-16
2.51816e-17
3.11994e-18
3.84991e-19
4.7329e-20
5.79688e-21
7.07483e-22
8.60347e-23
1.04281e-23
1.25989e-24
1.51737e-25
1.82189e-26
2.18156e-27
2.59567e-28
3.08054e-29
3.64651e-30
4.30443e-31
5.07982e-32
5.97813e-33
7.01564e-34
8.21047e-35
9.583e-36
1.11551e-36
1.29501e-37
1.49943e-38
1.73098e-39
1.99299e-40
2.29361e-41
2.63901e-42
3.03319e-43
3.48377e-44
4.00463e-45
4.59417e-46
5.2778e-47
6.04883e-48
6.92701e-49
7.94864e-50
9.12037e-51
1.04245e-51
1.19488e-52
1.36899e-53
1.5683e-54
1.78809e-55
2.03631e-56
2.32911e-57
2.66442e-58
3.02735e-59
3.45823e-60
3.951e-61
4.47846e-62
5.10812e-63
5.82223e-64
6.633e-65
7.55163e-66
8.59955e-67
9.69688e-68
1.0915e-68
1.23977e-69
1.40842e-70
1.57936e-71
1.79029e-72
2.02543e-73
2.26249e-74
2.5624e-75
2.85523e-76
3.22905e-77
3.5865e-78
4.05029e-79
4.49312e-80
4.97563e-81
5.50132e-82
6.07153e-83
6.68925e-84
7.35668e-85
8.07591e-86
8.8488e-87
9.67698e-88
1.05618e-88
1.1504e-89
1.25027e-90
1.35459e-91
1.45733e-92
1.41993e-93
0.142663
0.023625
0.00366268
0.00053582
7.54538e-05
1.03491e-05
1.39239e-06
1.8459e-07
2.41852e-08
3.13818e-09
4.03868e-10
5.16067e-11
6.55288e-12
8.2736e-13
1.03922e-13
1.29909e-14
1.61672e-15
2.00353e-16
2.47157e-17
3.05773e-18
3.7639e-19
4.62295e-20
5.62703e-21
6.82812e-22
8.2572e-23
1.00017e-23
1.20761e-24
1.45342e-25
1.74453e-26
2.07983e-27
2.48098e-28
2.95084e-29
3.50052e-30
4.12989e-31
4.87142e-32
5.7315e-33
6.71405e-34
7.84528e-35
9.15704e-36
1.06612e-36
1.23708e-37
1.43209e-38
1.65394e-39
1.90533e-40
2.19374e-41
2.52359e-42
2.90383e-43
3.33716e-44
3.83252e-45
4.4051e-46
5.06148e-47
5.81344e-48
6.67449e-49
7.65681e-50
8.78452e-51
1.00768e-51
1.15173e-52
1.31569e-53
1.50222e-54
1.714e-55
1.95333e-56
2.23515e-57
2.55654e-58
2.9223e-59
3.33841e-60
3.81452e-61
4.32527e-62
4.9346e-63
5.62697e-64
6.41206e-65
7.30334e-66
8.32018e-67
9.38922e-68
1.05849e-68
1.19256e-69
1.34224e-70
1.50892e-71
1.69496e-72
1.90226e-73
2.12979e-74
2.41316e-75
2.73381e-76
3.05148e-77
3.39564e-78
3.8393e-79
4.26567e-80
4.73136e-81
5.23929e-82
5.7916e-83
6.39061e-84
7.03848e-85
7.73725e-86
8.48871e-87
9.29442e-88
1.01556e-88
1.10729e-89
1.20455e-90
1.30614e-91
1.40629e-92
1.37093e-93
0.142662
0.0236216
0.00366101
0.000535322
7.53353e-05
1.03245e-05
1.38772e-06
1.83764e-07
2.4046e-08
3.1157e-09
4.00356e-10
5.10736e-11
6.4739e-12
8.15898e-13
1.02288e-13
1.2762e-14
1.58507e-15
1.95905e-16
2.42722e-17
2.99514e-18
3.68373e-19
4.48655e-20
5.47534e-21
6.65859e-22
8.06958e-23
9.74773e-24
1.17433e-24
1.40456e-25
1.68167e-26
2.00756e-27
2.38994e-28
2.83742e-29
3.3597e-30
3.96752e-31
4.67397e-32
5.48091e-33
6.42401e-34
7.49893e-35
8.74463e-36
1.01733e-36
1.17977e-37
1.36515e-38
1.57618e-39
1.81557e-40
2.09002e-41
2.4041e-42
2.76571e-43
3.18064e-44
3.65665e-45
4.20253e-46
4.82841e-47
5.54691e-48
6.35571e-49
7.29551e-50
8.37351e-51
9.58098e-52
1.09528e-52
1.25555e-53
1.43912e-54
1.64248e-55
1.87333e-56
2.13554e-57
2.43302e-58
2.77039e-59
3.15071e-60
3.60162e-61
4.11411e-62
4.69685e-63
5.3633e-64
6.07336e-65
6.92924e-66
7.83205e-67
8.92648e-68
1.00673e-68
1.14606e-69
1.2908e-70
1.45088e-71
1.64667e-72
1.86684e-73
2.11697e-74
2.36946e-75
2.64627e-76
2.9963e-77
3.33516e-78
3.77032e-79
4.19012e-80
4.64905e-81
5.14952e-82
5.69387e-83
6.28435e-84
6.92305e-85
7.6119e-86
8.3526e-87
9.14669e-88
9.99486e-89
1.08978e-89
1.18543e-90
1.28525e-91
1.38353e-92
1.34864e-93
0.142661
0.0236171
0.0036588
0.000534666
7.51797e-05
1.02923e-05
1.38164e-06
1.8269e-07
2.38661e-08
3.08676e-09
3.95856e-10
5.03934e-11
6.37355e-12
8.01402e-13
1.00233e-13
1.24753e-14
1.54568e-15
1.90696e-16
2.34235e-17
2.88382e-18
3.53652e-19
4.32057e-20
5.25957e-21
6.3842e-22
7.68942e-23
9.23259e-24
1.10995e-24
1.33039e-25
1.59001e-26
1.89508e-27
2.25265e-28
2.67061e-29
3.15794e-30
3.72566e-31
4.37594e-32
5.12759e-33
6.00578e-34
7.00831e-35
8.16027e-36
9.49113e-37
1.10055e-37
1.27414e-38
1.47168e-39
1.69578e-40
1.95261e-41
2.24674e-42
2.58564e-43
2.97244e-44
3.4155e-45
3.92225e-46
4.5086e-47
5.182e-48
5.94143e-49
6.82502e-50
7.81715e-51
8.97194e-52
1.02928e-52
1.18075e-53
1.34908e-54
1.54666e-55
1.76477e-56
2.02065e-57
2.31365e-58
2.63526e-59
2.99815e-60
3.42908e-61
3.89797e-62
4.42528e-63
5.053e-64
5.76956e-65
6.53853e-66
7.39731e-67
8.42942e-68
9.59711e-69
1.09305e-69
1.23124e-70
1.39897e-71
1.59016e-72
1.78488e-73
2.02402e-74
2.29253e-75
2.59355e-76
2.93594e-77
3.26967e-78
3.69585e-79
4.10946e-80
4.56189e-81
5.05559e-82
5.59285e-83
6.17587e-84
6.80668e-85
7.48707e-86
8.21859e-87
9.00248e-88
9.83955e-89
1.073e-89
1.16725e-90
1.26549e-91
1.36205e-92
1.32753e-93
0.14266
0.0236111
0.00365585
0.000533791
7.49728e-05
1.02496e-05
1.37362e-06
1.81281e-07
2.3631e-08
3.04915e-09
3.90042e-10
4.95199e-11
6.24546e-12
7.83014e-13
9.76415e-14
1.2116e-14
1.4966e-15
1.83963e-16
2.26614e-17
2.77897e-18
3.37865e-19
4.11739e-20
4.97432e-21
6.02132e-22
7.23206e-23
8.69655e-24
1.04275e-24
1.24723e-25
1.48262e-26
1.76357e-27
2.093e-28
2.47166e-29
2.912e-30
3.43072e-31
4.03307e-32
4.72177e-33
5.52513e-34
6.45155e-35
7.509e-36
8.72231e-37
1.01187e-37
1.17141e-38
1.35325e-39
1.55983e-40
1.79623e-41
2.06829e-42
2.37968e-43
2.73644e-44
3.14815e-45
3.62064e-46
4.16281e-47
4.78477e-48
5.49772e-49
6.31515e-50
7.25144e-51
8.32635e-52
9.53276e-53
1.09057e-53
1.25074e-54
1.43452e-55
1.63872e-56
1.87038e-57
2.1434e-58
2.44327e-59
2.7976e-60
3.18627e-61
3.62666e-62
4.12271e-63
4.71424e-64
5.35159e-65
6.11376e-66
6.92709e-67
7.90671e-68
8.94387e-69
1.02008e-69
1.15155e-70
1.31092e-71
1.48996e-72
1.6777e-73
1.88759e-74
2.12144e-75
2.37874e-76
2.70084e-77
3.01896e-78
3.42183e-79
3.81771e-80
4.25201e-81
4.72708e-82
5.24536e-83
5.80894e-84
6.41978e-85
7.07984e-86
7.79044e-87
8.55264e-88
9.36704e-89
1.02335e-89
1.11507e-90
1.21063e-91
1.30455e-92
1.27289e-93
0.142658
0.0236027
0.00365181
0.0005326
7.46925e-05
1.01921e-05
1.36287e-06
1.79404e-07
2.33201e-08
2.99978e-09
3.82466e-10
4.83903e-11
6.08116e-12
7.59615e-13
9.43709e-14
1.16662e-14
1.43562e-15
1.75815e-16
2.15708e-17
2.6361e-18
3.20927e-19
3.89507e-20
4.69085e-21
5.63157e-22
6.76842e-23
8.11127e-24
9.69408e-25
1.15557e-25
1.37393e-26
1.62956e-27
1.92819e-28
2.27628e-29
2.68119e-30
3.15139e-31
3.69634e-32
4.32654e-33
5.05397e-34
5.89203e-35
6.85604e-36
7.95569e-37
9.22147e-38
1.06685e-38
1.23195e-39
1.41968e-40
1.63477e-41
1.88205e-42
2.16617e-43
2.49096e-44
2.866e-45
3.29347e-46
3.78325e-47
4.34417e-48
4.98542e-49
5.73019e-50
6.57043e-51
7.54878e-52
8.64956e-53
9.90625e-54
1.13377e-54
1.30131e-55
1.48779e-56
1.70592e-57
1.95617e-58
2.23237e-59
2.55817e-60
2.91584e-61
3.33723e-62
3.81392e-63
4.36135e-64
4.98218e-65
5.6576e-66
6.46004e-67
7.37317e-68
8.39759e-69
9.57305e-70
1.0889e-70
1.24055e-71
1.40011e-72
1.57717e-73
1.79388e-74
2.01744e-75
2.2634e-76
2.56921e-77
2.87426e-78
3.2577e-79
3.63814e-80
4.05621e-81
4.51425e-82
5.01468e-83
5.55976e-84
6.15142e-85
6.79119e-86
7.48036e-87
8.22003e-88
9.01045e-89
9.85105e-90
1.07397e-90
1.16647e-91
1.25723e-92
1.22691e-93
0.142655
0.0235909
0.00364614
0.000530934
7.43031e-05
1.01127e-05
1.34816e-06
1.76858e-07
2.29024e-08
2.93409e-09
3.72489e-10
4.69184e-11
5.86924e-12
7.29737e-13
9.02349e-14
1.11028e-14
1.35999e-15
1.65807e-16
2.02428e-17
2.46201e-18
2.98513e-19
3.59046e-20
4.32351e-21
5.19209e-22
6.19592e-23
7.37448e-24
8.77943e-25
1.04322e-25
1.23707e-26
1.46014e-27
1.7198e-28
2.02607e-29
2.3821e-30
2.79526e-31
3.27382e-32
3.82763e-33
4.46178e-34
5.19274e-35
6.03358e-36
7.00437e-37
8.11752e-38
9.39165e-39
1.08475e-39
1.25068e-40
1.44083e-41
1.65953e-42
1.91112e-43
2.19896e-44
2.5311e-45
2.91297e-46
3.34821e-47
3.84708e-48
4.41797e-49
5.0796e-50
5.83858e-51
6.71064e-52
7.6934e-53
8.83217e-54
1.01408e-54
1.16347e-55
1.33504e-56
1.53144e-57
1.75687e-58
2.00696e-59
2.30037e-60
2.63467e-61
3.00488e-62
3.44045e-63
3.93772e-64
4.50482e-65
5.15103e-66
5.88439e-67
6.68608e-68
7.58755e-69
8.66236e-70
9.8913e-71
1.12049e-71
1.26697e-72
1.4429e-73
1.64378e-74
1.85373e-75
2.086e-76
2.37176e-77
2.66097e-78
3.02087e-79
3.38286e-80
3.78183e-81
4.22019e-82
4.70037e-83
5.22449e-84
5.79454e-85
6.41228e-86
7.07866e-87
7.79414e-88
8.55888e-89
9.37231e-90
1.02317e-90
1.11243e-91
1.19985e-92
1.17173e-93
0.14265
0.0235735
0.00363784
0.000528517
7.37433e-05
9.99992e-06
1.32749e-06
1.73328e-07
2.23309e-08
2.84542e-09
3.59201e-10
4.49837e-11
5.59437e-12
6.915e-13
8.50106e-14
1.04002e-14
1.26678e-15
1.53679e-16
1.85707e-17
2.24634e-18
2.70925e-19
3.24361e-20
3.88846e-21
4.63355e-22
5.50866e-23
6.53306e-24
7.75075e-25
9.1552e-26
1.0819e-26
1.27619e-27
1.49928e-28
1.76109e-29
2.06565e-30
2.4191e-31
2.82466e-32
3.29314e-33
3.83776e-34
4.46549e-35
5.18828e-36
6.0152e-37
6.96819e-38
8.05766e-39
9.30678e-40
1.07336e-40
1.23698e-41
1.42528e-42
1.64194e-43
1.89114e-44
2.17791e-45
2.50564e-46
2.88429e-47
3.31942e-48
3.81934e-49
4.39432e-50
5.04752e-51
5.79605e-52
6.65327e-53
7.63333e-54
8.7728e-55
1.00799e-55
1.15816e-56
1.32661e-57
1.52367e-58
1.74371e-59
2.001e-60
2.29559e-61
2.63336e-62
3.00754e-63
3.44597e-64
3.93308e-65
4.48683e-66
5.1158e-67
5.82575e-68
6.66498e-69
7.62184e-70
8.71778e-71
9.9012e-72
1.12357e-72
1.27318e-73
1.45254e-74
1.65559e-75
1.88675e-76
2.12929e-77
2.39727e-78
2.72719e-79
3.06465e-80
3.43826e-81
3.85054e-82
4.30401e-83
4.80085e-84
5.34316e-85
5.93251e-86
6.57008e-87
7.25616e-88
7.99018e-89
8.77054e-90
9.59444e-91
1.04492e-91
1.12837e-92
1.10316e-93
0.142642
0.0235462
0.00362498
0.000524819
7.28992e-05
9.83261e-06
1.29738e-06
1.68278e-07
2.15285e-08
2.72323e-09
3.41232e-10
4.24152e-11
5.23577e-12
6.4243e-13
7.84112e-14
9.52591e-15
1.15245e-15
1.38848e-16
1.67435e-17
2.00446e-18
2.40216e-19
2.86056e-20
3.40976e-21
4.0422e-22
4.79569e-23
5.66384e-24
6.67619e-25
7.87389e-26
9.25072e-27
1.08732e-27
1.27366e-28
1.49207e-29
1.74538e-30
2.03878e-31
2.3784e-32
2.76792e-33
3.22025e-34
3.74124e-35
4.34191e-36
5.03006e-37
5.82321e-38
6.73345e-39
7.77543e-40
8.96903e-41
1.03384e-41
1.19157e-42
1.3732e-43
1.58161e-44
1.8221e-45
2.09877e-46
2.41706e-47
2.78319e-48
3.20423e-49
3.68879e-50
4.24078e-51
4.87327e-52
5.6065e-53
6.4497e-54
7.40451e-55
8.51568e-56
9.77062e-57
1.12304e-57
1.29057e-58
1.48305e-59
1.69899e-60
1.95172e-61
2.23423e-62
2.56535e-63
2.93405e-64
3.36711e-65
3.84827e-66
4.39605e-67
5.01909e-68
5.72502e-69
6.55774e-70
7.50875e-71
8.59269e-72
9.82653e-73
1.12367e-73
1.27607e-74
1.4482e-75
1.64113e-76
1.87364e-77
2.11755e-78
2.4143e-79
2.72371e-80
3.06804e-81
3.44995e-82
3.87229e-83
4.3377e-84
4.84799e-85
5.40515e-86
6.0102e-87
6.66324e-88
7.36386e-89
8.10979e-90
8.89691e-91
9.71179e-92
1.05045e-92
1.02847e-93
0.142627
0.0234992
0.00360327
0.00051871
7.15399e-05
9.57047e-06
1.25151e-06
1.60802e-07
2.03734e-08
2.55204e-09
3.16686e-10
3.89899e-11
4.7685e-12
5.79867e-13
7.01648e-14
8.45357e-15
1.01464e-15
1.21334e-16
1.45128e-17
1.73071e-18
2.0586e-19
2.44262e-20
2.89199e-21
3.41699e-22
4.02992e-23
4.74446e-24
5.57652e-25
6.54581e-26
7.66004e-27
8.9669e-28
1.047e-28
1.22108e-29
1.42428e-30
1.65774e-31
1.92927e-32
2.24303e-33
2.60333e-34
3.02056e-35
3.50141e-36
4.05326e-37
4.68955e-38
5.42076e-39
6.26027e-40
7.22291e-41
8.32912e-42
9.60359e-43
1.10718e-43
1.27627e-44
1.47109e-45
1.69467e-46
1.95175e-47
2.24899e-48
2.58932e-49
2.98064e-50
3.43035e-51
3.94663e-52
4.54475e-53
5.23226e-54
6.01534e-55
6.92382e-56
7.96784e-57
9.16794e-58
1.0547e-58
1.21341e-59
1.39262e-60
1.60167e-61
1.83704e-62
2.1115e-63
2.42687e-64
2.78043e-65
3.19338e-66
3.66665e-67
4.20737e-68
4.81217e-69
5.49978e-70
6.30758e-71
7.23471e-72
8.25882e-73
9.42321e-74
1.07387e-74
1.22938e-75
1.40636e-76
1.60907e-77
1.8263e-78
2.08723e-79
2.36536e-80
2.67684e-81
3.02503e-82
3.41274e-83
3.84297e-84
4.31848e-85
4.84117e-86
5.41277e-87
6.03351e-88
6.70206e-89
7.41572e-90
8.16871e-91
8.94688e-92
9.69954e-93
9.51723e-94
0.142595
0.0234048
0.00356127
0.000507419
6.9146e-05
9.13043e-06
1.17799e-06
1.49321e-07
1.86685e-08
2.30862e-09
2.82957e-10
3.44279e-11
4.16335e-12
5.00899e-13
6.00052e-14
7.16129e-15
8.51893e-16
1.0103e-16
1.1979e-17
1.41702e-18
1.67272e-19
1.97119e-20
2.31486e-21
2.71876e-22
3.18862e-23
3.73479e-24
4.36921e-25
5.10579e-26
5.95909e-27
6.94926e-28
8.09623e-29
9.42396e-30
1.09611e-30
1.27296e-31
1.47827e-32
1.71457e-33
1.98727e-34
2.30289e-35
2.66589e-36
3.08513e-37
3.56719e-38
4.1228e-39
4.76195e-40
5.49639e-41
6.34167e-42
7.31591e-43
8.43864e-44
9.73234e-45
1.12229e-45
1.294e-46
1.49176e-47
1.71953e-48
1.98169e-49
2.28487e-50
2.63238e-51
3.03456e-52
3.49532e-53
4.02552e-54
4.6354e-55
5.33698e-56
6.14327e-57
7.07898e-58
8.14578e-59
9.38507e-60
1.07949e-60
1.24345e-61
1.42984e-62
1.64391e-63
1.88971e-64
2.1717e-65
2.49487e-66
2.87079e-67
3.29685e-68
3.78488e-69
4.34358e-70
4.98335e-71
5.71575e-72
6.55291e-73
7.50655e-74
8.62394e-75
9.90834e-76
1.13308e-76
1.30115e-77
1.4857e-78
1.70456e-79
1.94389e-80
2.21458e-81
2.51981e-82
2.86318e-83
3.24827e-84
3.67826e-85
4.15668e-86
4.68583e-87
5.26699e-88
5.90003e-89
6.58169e-90
7.30485e-91
8.05145e-92
8.76827e-93
8.63961e-94
0.14249
0.0231475
0.00345902
0.000482647
6.43682e-05
8.32356e-06
1.05283e-06
1.31011e-07
1.60999e-08
1.9594e-09
2.36626e-10
2.83962e-11
3.39056e-12
4.03119e-13
4.77562e-14
5.6405e-15
6.64461e-16
7.80965e-17
9.1727e-18
1.07551e-18
1.25913e-19
1.47216e-20
1.71924e-21
2.00396e-22
2.33569e-23
2.71817e-24
3.16089e-25
3.67569e-26
4.26904e-27
4.95792e-28
5.75497e-29
6.67369e-30
7.73879e-31
8.96625e-32
1.03874e-32
1.20286e-33
1.39232e-34
1.61104e-35
1.86305e-36
2.15406e-37
2.48962e-38
2.87643e-39
3.32219e-40
3.83564e-41
4.42737e-42
5.11017e-43
5.89748e-44
6.80543e-45
7.85356e-46
9.06248e-47
1.0455e-47
1.20632e-48
1.3918e-49
1.60573e-50
1.85244e-51
2.13699e-52
2.4652e-53
2.84235e-54
3.27859e-55
3.77952e-56
4.35893e-57
5.02704e-58
5.79723e-59
6.68489e-60
7.70289e-61
8.8828e-62
1.02337e-62
1.17988e-63
1.3602e-64
1.56795e-65
1.80726e-66
2.08323e-67
2.39805e-68
2.76343e-69
3.18453e-70
3.66378e-71
4.21945e-72
4.85992e-73
5.59657e-74
6.4443e-75
7.41976e-76
8.5407e-77
9.83216e-78
1.12855e-78
1.29875e-79
1.48987e-80
1.70816e-81
1.95715e-82
2.24071e-83
2.56299e-84
2.92863e-85
3.34163e-86
3.80652e-87
4.32697e-88
4.90527e-89
5.54093e-90
6.228e-91
6.94665e-92
7.63297e-93
7.5904e-94
0.141691
0.0220133
0.00312181
0.000416875
5.36418e-05
6.73307e-06
8.30339e-07
1.01063e-07
1.21782e-08
1.45584e-09
1.72951e-10
2.04443e-11
2.40661e-12
2.82345e-13
3.30334e-14
3.85595e-15
4.49275e-16
5.22598e-17
6.07163e-18
7.04597e-19
8.16935e-20
9.46479e-21
1.09588e-21
1.26818e-22
1.46692e-23
1.69625e-24
1.96071e-25
2.26585e-26
2.61789e-27
3.02413e-28
3.49293e-29
4.03387e-30
4.65815e-31
5.37855e-32
6.20994e-33
7.16942e-34
8.27673e-35
9.55463e-36
1.10293e-36
1.2731e-37
1.46948e-38
1.69608e-39
1.95754e-40
2.25922e-41
2.6073e-42
3.00895e-43
3.47243e-44
4.00725e-45
4.62444e-46
5.33668e-47
6.15871e-48
7.10733e-49
8.20217e-50
9.46579e-51
1.09246e-51
1.26081e-52
1.45515e-53
1.67946e-54
1.93841e-55
2.23732e-56
2.5824e-57
2.98081e-58
3.44098e-59
3.97217e-60
4.58544e-61
5.29362e-62
6.11164e-63
7.05648e-64
8.14725e-65
9.40785e-66
1.08633e-66
1.25447e-67
1.44866e-68
1.673e-69
1.93221e-70
2.23161e-71
2.57753e-72
2.97724e-73
3.4396e-74
3.97354e-75
4.5907e-76
5.30407e-77
6.12879e-78
7.08135e-79
8.18431e-80
9.45685e-81
1.09266e-81
1.2624e-82
1.45836e-83
1.68455e-84
1.94552e-85
2.24648e-86
2.5933e-87
2.99258e-88
3.45159e-89
3.97785e-90
4.57729e-91
5.24468e-92
5.9142e-93
6.0579e-94
)
;

boundaryField
{
    fuel
    {
        type            fixedValue;
        value           uniform 1;
    }
    air
    {
        type            fixedValue;
        value           uniform 0;
    }
    outlet
    {
        type            inletOutlet;
        inletValue      uniform 0;
        value           nonuniform List<scalar> 
200
(
0.141691
0.0220128
0.00312162
0.000416832
5.36338e-05
6.73219e-06
8.30295e-07
1.01057e-07
1.21766e-08
1.45567e-09
1.72932e-10
2.04408e-11
2.40626e-12
2.82306e-13
3.30281e-14
3.85511e-15
4.49154e-16
5.22396e-17
6.06795e-18
7.03959e-19
8.15949e-20
9.45007e-21
1.09367e-21
1.26498e-22
1.4625e-23
1.69004e-24
1.95223e-25
2.25432e-26
2.60241e-27
3.00349e-28
3.46559e-29
3.99793e-30
4.61126e-31
5.3177e-32
6.13115e-33
7.06777e-34
8.14615e-35
9.38756e-36
1.08164e-36
1.24607e-37
1.43526e-38
1.65289e-39
1.90321e-40
2.19107e-41
2.52205e-42
2.90259e-43
3.34006e-44
3.8429e-45
4.42085e-46
5.08494e-47
5.84798e-48
6.72461e-49
7.73162e-50
8.88823e-51
1.02166e-51
1.17418e-52
1.34927e-53
1.55024e-54
1.78092e-55
2.04566e-56
2.34944e-57
2.6979e-58
3.09779e-59
3.55632e-60
4.08218e-61
4.68515e-62
5.37653e-63
6.16899e-64
7.07738e-65
8.11786e-66
9.30986e-67
1.06758e-67
1.22394e-68
1.403e-69
1.60801e-70
1.84259e-71
2.11107e-72
2.41842e-73
2.7696e-74
3.17104e-75
3.6301e-76
4.15482e-77
4.75443e-78
5.4397e-79
6.22286e-80
7.11483e-81
8.13181e-82
9.2906e-83
1.06101e-83
1.21113e-84
1.38178e-85
1.57591e-86
1.79536e-87
2.04415e-88
2.32516e-89
2.64206e-90
2.99517e-91
3.37899e-92
3.74853e-93
3.77586e-94
0.141691
0.0220133
0.00312181
0.000416875
5.36418e-05
6.73307e-06
8.30339e-07
1.01063e-07
1.21782e-08
1.45584e-09
1.72951e-10
2.04443e-11
2.40661e-12
2.82345e-13
3.30334e-14
3.85595e-15
4.49275e-16
5.22598e-17
6.07163e-18
7.04597e-19
8.16935e-20
9.46479e-21
1.09588e-21
1.26818e-22
1.46692e-23
1.69625e-24
1.96071e-25
2.26585e-26
2.61789e-27
3.02413e-28
3.49293e-29
4.03387e-30
4.65815e-31
5.37855e-32
6.20994e-33
7.16942e-34
8.27673e-35
9.55463e-36
1.10293e-36
1.2731e-37
1.46948e-38
1.69608e-39
1.95754e-40
2.25922e-41
2.6073e-42
3.00895e-43
3.47243e-44
4.00725e-45
4.62444e-46
5.33668e-47
6.15871e-48
7.10733e-49
8.20217e-50
9.46579e-51
1.09246e-51
1.26081e-52
1.45515e-53
1.67946e-54
1.93841e-55
2.23732e-56
2.5824e-57
2.98081e-58
3.44098e-59
3.97217e-60
4.58544e-61
5.29362e-62
6.11164e-63
7.05648e-64
8.14725e-65
9.40785e-66
1.08633e-66
1.25447e-67
1.44866e-68
1.673e-69
1.93221e-70
2.23161e-71
2.57753e-72
2.97724e-73
3.4396e-74
3.97354e-75
4.5907e-76
5.30407e-77
6.12879e-78
7.08135e-79
8.18431e-80
9.45685e-81
1.09266e-81
1.2624e-82
1.45836e-83
1.68455e-84
1.94552e-85
2.24648e-86
2.5933e-87
2.99258e-88
3.45159e-89
3.97785e-90
4.57729e-91
5.24468e-92
5.9142e-93
6.0579e-94
)
;
    }
    frontAndBack
    {
        type            empty;
    }
}


// ************************************************************************* //
