/*--------------------------------*- C++ -*----------------------------------*\
| =========                 |                                                 |
| \\      /  F ield         | OpenFOAM: The Open Source CFD Toolbox           |
|  \\    /   O peration     | Version:  2406                                  |
|   \\  /    A nd           | Website:  www.openfoam.com                      |
|    \\/     M anipulation  |                                                 |
\*---------------------------------------------------------------------------*/
FoamFile
{
    version     2.0;
    format      ascii;
    arch        "LSB;label=32;scalar=64";
    class       volScalarField;
    location    "2.64e-05";
    object      O2;
}
// * * * * * * * * * * * * * * * * * * * * * * * * * * * * * * * * * * * * * //

dimensions      [0 0 0 0 0 0 0];

internalField   nonuniform List<scalar> 
4000
(
4.55508e-94
4.25226e-93
3.70306e-92
3.19163e-91
2.7446e-90
2.35887e-89
2.02702e-88
1.74139e-87
1.49631e-86
1.28571e-85
1.10475e-84
9.49254e-84
8.15628e-83
7.00786e-82
6.02119e-81
5.17352e-80
4.44476e-79
3.81907e-78
3.28114e-77
2.81977e-76
2.42305e-75
2.08213e-74
1.78934e-73
1.53774e-72
1.32145e-71
1.13565e-70
9.75964e-70
8.38696e-69
7.20703e-68
6.19294e-67
5.32137e-66
4.57228e-65
3.92836e-64
3.37497e-63
2.89944e-62
2.49075e-61
2.1395e-60
1.83764e-59
1.57824e-58
1.35534e-57
1.1638e-56
9.99222e-56
8.57819e-55
7.36337e-54
6.31972e-53
5.42318e-52
4.65319e-51
3.99197e-50
3.42421e-49
2.93683e-48
2.51848e-47
2.15946e-46
1.85139e-45
1.58707e-44
1.36031e-43
1.16582e-42
9.99023e-42
8.5598e-41
7.33324e-40
6.28177e-39
5.38046e-38
4.60799e-37
3.94572e-36
3.37845e-35
2.89242e-34
2.47605e-33
2.11929e-32
1.81364e-31
1.55181e-30
1.3277e-29
1.13578e-28
9.71373e-28
8.30648e-27
7.10171e-26
6.07035e-25
5.18745e-24
4.43132e-23
3.78362e-22
3.22934e-21
2.75456e-20
2.3479e-19
1.99975e-18
1.70167e-17
1.44619e-16
1.22727e-15
1.04001e-14
8.79452e-14
7.41785e-13
6.23723e-12
5.22449e-11
4.35549e-10
3.60956e-09
2.96832e-08
2.41805e-07
1.94503e-06
1.538e-05
0.000118671
0.000882111
0.00614814
0.0383048
7.60506e-94
7.23403e-93
6.40908e-92
5.62092e-91
4.90788e-90
4.27379e-89
3.71403e-88
3.22342e-87
2.79466e-86
2.42057e-85
2.09514e-84
1.81271e-83
1.56746e-82
1.35506e-81
1.17094e-80
1.01163e-79
8.73776e-79
7.54534e-78
6.50634e-77
5.61673e-76
4.84772e-75
4.17927e-74
3.60316e-73
3.10628e-72
2.6776e-71
2.30794e-70
1.99049e-69
1.71636e-68
1.47905e-67
1.27454e-66
1.09819e-65
9.46149e-65
8.15103e-64
7.02136e-63
6.04782e-62
5.21015e-61
4.48686e-60
3.86375e-59
3.32684e-58
2.86468e-57
2.46639e-56
2.12323e-55
1.82758e-54
1.57289e-53
1.35333e-52
1.16396e-51
1.00071e-50
8.60029e-50
7.38943e-49
6.34677e-48
5.44831e-47
4.67537e-46
4.01057e-45
3.439e-44
2.94866e-43
2.52639e-42
2.16466e-41
1.85403e-40
1.58661e-39
1.35734e-38
1.1606e-37
9.92495e-37
8.47795e-36
7.23862e-35
6.17747e-34
5.26921e-33
4.49551e-32
3.83333e-31
3.26385e-30
2.77751e-29
2.36234e-28
2.00951e-27
1.70598e-26
1.44728e-25
1.22674e-24
1.04028e-23
8.79951e-23
7.44789e-22
6.29626e-21
5.31643e-20
4.47448e-19
3.75957e-18
3.15228e-17
2.64362e-16
2.2054e-15
1.83975e-14
1.52943e-13
1.26633e-12
1.04363e-11
8.55269e-11
6.96114e-10
5.61841e-09
4.48646e-08
3.53295e-07
2.73184e-06
2.06074e-05
0.000150152
0.00103953
0.00665396
0.0385787
1.15647e-93
1.10812e-92
9.88696e-92
8.74728e-91
7.70777e-90
6.77194e-89
5.93747e-88
5.19608e-87
4.53971e-86
3.96137e-85
3.45285e-84
3.00647e-83
2.61583e-82
2.27393e-81
1.97556e-80
1.7154e-79
1.48863e-78
1.29135e-77
1.11715e-76
9.665e-76
8.37669e-75
7.24355e-74
6.26392e-73
5.42461e-72
4.68929e-71
4.05376e-70
3.50836e-69
3.03176e-68
2.62035e-67
2.2661e-66
1.95921e-65
1.69227e-64
1.46269e-63
1.2631e-62
1.09136e-61
9.42256e-61
8.13464e-60
7.02466e-59
6.06325e-58
5.23269e-57
4.51537e-56
3.89595e-55
3.36109e-54
2.89932e-53
2.49998e-52
2.15416e-51
1.85527e-50
1.5969e-49
1.37371e-48
1.18065e-47
1.0141e-46
8.70482e-46
7.46716e-45
6.40486e-44
5.48657e-43
4.69684e-42
4.01785e-41
3.43741e-40
2.93874e-39
2.50835e-38
2.14167e-37
1.82708e-36
1.5576e-35
1.3252e-34
1.12653e-33
9.58176e-33
8.12937e-32
6.902e-31
5.84352e-30
4.95196e-29
4.19154e-28
3.54422e-27
2.98656e-26
2.51373e-25
2.11236e-24
1.77201e-23
1.48392e-22
1.24014e-21
1.03428e-20
8.60488e-20
7.16727e-19
5.9537e-18
4.9112e-17
4.05713e-16
3.32228e-15
2.72412e-14
2.22197e-13
1.80282e-12
1.45361e-11
1.16344e-10
9.2305e-10
7.24549e-09
5.61457e-08
4.28117e-07
3.19829e-06
2.32676e-05
0.000163359
0.00109133
0.00677652
0.0386234
1.66341e-93
1.60011e-92
1.43337e-91
1.27446e-90
1.12924e-89
9.98226e-89
8.80376e-88
7.75022e-87
6.81081e-86
5.97685e-85
5.23814e-84
4.5854e-83
4.00985e-82
3.50353e-81
3.05861e-80
2.66804e-79
2.3259e-78
2.02626e-77
1.75837e-76
1.52601e-75
1.32401e-74
1.14831e-73
9.95584e-73
8.62987e-72
7.47879e-71
6.47995e-70
5.6237e-69
4.87845e-68
4.23072e-67
3.66799e-66
3.17529e-65
2.75184e-64
2.38398e-63
2.06277e-62
1.78633e-61
1.54642e-60
1.33847e-59
1.15825e-58
1.00159e-57
8.66378e-57
7.49008e-56
6.47606e-55
5.5973e-54
4.8372e-53
4.17785e-52
3.60494e-51
3.10777e-50
2.67756e-49
2.30405e-48
1.98091e-47
1.70153e-46
1.46022e-45
1.25197e-44
1.07327e-43
9.19239e-43
7.86614e-42
6.71769e-41
5.7317e-40
4.88534e-39
4.16515e-38
3.54734e-37
3.01325e-36
2.55696e-35
2.17117e-34
1.83762e-33
1.55344e-32
1.31425e-31
1.10753e-30
9.32021e-30
7.83361e-29
6.56965e-28
5.51599e-27
4.60757e-26
3.85533e-25
3.219e-24
2.67222e-23
2.22239e-22
1.83522e-21
1.51879e-20
1.24701e-19
1.02094e-18
8.37187e-18
6.7979e-17
5.53301e-16
4.45081e-15
3.58857e-14
2.87495e-13
2.28851e-12
1.80834e-11
1.41703e-10
1.09961e-09
8.4359e-09
6.38412e-08
4.75266e-07
3.46746e-06
2.46586e-05
0.000169561
0.00111301
0.00682215
0.038638
2.28395e-93
2.20204e-92
1.9777e-91
1.76406e-90
1.56873e-89
1.39189e-88
1.23266e-87
1.08964e-86
9.61704e-86
8.47484e-85
7.45821e-84
6.55546e-83
5.75555e-82
5.04809e-81
4.42346e-80
3.87265e-79
3.38792e-78
2.96174e-77
2.57658e-76
2.24143e-75
1.95613e-74
1.70561e-73
1.48194e-72
1.28754e-71
1.11836e-70
9.71079e-70
8.43002e-69
7.33166e-68
6.37252e-67
5.52703e-66
4.80139e-65
4.16918e-64
3.61922e-63
3.137e-62
2.72199e-61
2.35863e-60
2.04355e-59
1.77153e-58
1.53514e-57
1.32929e-56
1.15136e-55
9.96673e-55
8.62792e-54
7.46643e-53
6.45659e-52
5.57628e-51
4.81022e-50
4.14615e-49
3.568e-48
3.06696e-47
2.63316e-46
2.25794e-45
1.93571e-44
1.65567e-43
1.4162e-42
1.20987e-41
1.03092e-40
8.77342e-40
7.46909e-39
6.33829e-38
5.37181e-37
4.54591e-36
3.84112e-35
3.24046e-34
2.73625e-33
2.30634e-32
1.94105e-31
1.63101e-30
1.36827e-29
1.14177e-28
9.54593e-28
7.93223e-27
6.5772e-26
5.44028e-25
4.48721e-24
3.7081e-23
3.05509e-22
2.49596e-21
2.03334e-20
1.65031e-19
1.34251e-18
1.07975e-17
8.64909e-17
6.94464e-16
5.49798e-15
4.36744e-14
3.44457e-13
2.69779e-12
2.09656e-11
1.61499e-10
1.23163e-09
9.28544e-09
6.9075e-08
5.05755e-07
3.63227e-06
2.54641e-05
0.00017296
0.00112431
0.00684491
0.0386449
3.01951e-93
2.91619e-92
2.62311e-91
2.34413e-90
2.08905e-89
1.85806e-88
1.64966e-87
1.46218e-86
1.29398e-85
1.1435e-84
1.00909e-83
8.8934e-83
7.82901e-82
6.88407e-81
6.04689e-80
5.30682e-79
4.65291e-78
4.07595e-77
3.56767e-76
3.12115e-75
2.72907e-74
2.37543e-73
2.0755e-72
1.8056e-71
1.57604e-70
1.37033e-69
1.19489e-68
1.04123e-67
9.04729e-67
7.87868e-66
6.84321e-65
5.94363e-64
5.16108e-63
4.48052e-62
3.88888e-61
3.3787e-60
2.93419e-59
2.54742e-58
2.20922e-57
1.91568e-56
1.66083e-55
1.43961e-54
1.24785e-53
1.08127e-52
9.3595e-52
8.08967e-51
6.98472e-50
6.02281e-49
5.18339e-48
4.45476e-47
3.82643e-46
3.27882e-45
2.80895e-44
2.39981e-43
2.04732e-42
1.74383e-41
1.48553e-40
1.26107e-39
1.06888e-38
9.04375e-38
7.63856e-37
6.44008e-36
5.41947e-35
4.55184e-34
3.82709e-33
3.19996e-32
2.67059e-31
2.22344e-30
1.85408e-29
1.53571e-28
1.26924e-27
1.05104e-26
8.63417e-26
7.11095e-25
5.83771e-24
4.75104e-23
3.87873e-22
3.13401e-21
2.52385e-20
2.03855e-19
1.63902e-18
1.30142e-17
1.03761e-16
8.2262e-16
6.42446e-15
5.03972e-14
3.92333e-13
3.03227e-12
2.32505e-11
1.76716e-10
1.32997e-09
9.89784e-09
7.27179e-08
5.26234e-07
3.7393e-06
2.59706e-05
0.000175035
0.00113103
0.00685822
0.0386487
3.86655e-93
3.73965e-92
3.36948e-91
3.01704e-90
2.69466e-89
2.40249e-88
2.13857e-87
1.90075e-86
1.68695e-85
1.49508e-84
1.32338e-83
1.17e-82
1.03318e-81
9.11381e-81
8.03127e-80
7.0703e-79
6.21872e-78
5.46542e-77
4.77263e-76
4.16809e-75
3.63854e-74
3.17426e-73
2.76792e-72
2.41265e-71
2.11019e-70
1.83763e-69
1.60033e-68
1.39732e-67
1.21578e-66
1.05785e-65
9.2017e-65
8.00149e-64
6.95612e-63
6.04584e-62
5.25316e-61
4.56336e-60
3.96316e-59
3.4447e-58
2.99256e-57
2.59705e-56
2.25353e-55
1.95577e-54
1.69629e-53
1.47098e-52
1.27415e-51
1.10165e-50
9.5135e-50
8.20307e-49
7.06261e-48
6.07153e-47
5.20704e-46
4.46291e-45
3.81358e-44
3.2585e-43
2.7795e-42
2.36706e-41
2.00906e-40
1.7055e-39
1.44515e-38
1.21918e-37
1.02674e-36
8.6335e-36
7.23949e-35
6.07835e-34
5.09129e-33
4.23937e-32
3.53677e-31
2.93037e-30
2.42225e-29
1.99638e-28
1.64069e-27
1.35159e-26
1.10976e-25
9.03231e-25
7.32866e-24
5.92341e-23
4.76924e-22
3.82413e-21
3.05256e-20
2.42568e-19
1.93456e-18
1.5209e-17
1.19e-16
9.34858e-16
7.21858e-15
5.60419e-14
4.31687e-13
3.30126e-12
2.50481e-11
1.88411e-10
1.40371e-09
1.03461e-08
7.53248e-08
5.40564e-07
3.81262e-06
2.63108e-05
0.000176407
0.00113541
0.00686677
0.038651
4.7515e-93
4.59905e-92
4.1468e-91
3.71632e-90
3.32255e-89
2.96571e-88
2.64317e-87
2.35239e-86
2.09068e-85
1.85569e-84
1.64504e-83
1.45648e-82
1.28806e-81
1.13791e-80
1.00425e-79
8.85413e-79
7.79916e-78
6.86359e-77
5.99809e-76
5.24181e-75
4.60312e-74
4.0373e-73
3.52216e-72
3.07306e-71
2.68021e-70
2.33662e-69
2.04385e-68
1.78022e-67
1.55044e-66
1.34989e-65
1.17803e-64
1.02487e-63
8.91598e-63
7.7695e-62
6.75442e-61
5.87158e-60
5.10265e-59
4.43856e-58
3.85497e-57
3.34758e-56
2.9063e-55
2.52363e-54
2.18986e-53
1.89989e-52
1.64591e-51
1.42311e-50
1.22819e-49
1.05801e-48
9.10481e-48
7.82158e-47
6.70789e-46
5.74292e-45
4.90065e-44
4.17551e-43
3.55646e-42
3.02322e-41
2.55914e-40
2.16311e-39
1.82848e-38
1.53777e-37
1.29076e-36
1.08454e-35
9.05754e-35
7.57707e-34
6.29585e-33
5.24164e-32
4.33217e-31
3.58883e-30
2.96392e-29
2.42802e-28
1.98358e-27
1.61665e-26
1.31134e-25
1.06681e-24
8.64372e-24
6.93782e-23
5.54119e-22
4.4432e-21
3.51532e-20
2.76978e-19
2.17096e-18
1.70906e-17
1.32362e-16
1.03116e-15
7.88793e-15
6.07213e-14
4.6375e-13
3.51658e-12
2.64607e-11
1.97443e-10
1.45971e-09
1.06809e-08
7.72387e-08
5.50927e-07
3.86486e-06
2.65503e-05
0.000177361
0.00113843
0.00687263
0.0386524
5.70205e-93
5.52162e-92
4.98094e-91
4.46653e-90
3.99612e-89
3.5696e-88
3.18414e-87
2.83634e-86
2.52324e-85
2.24176e-84
1.98923e-83
1.76308e-82
1.56087e-81
1.38031e-80
1.21932e-79
1.07601e-78
9.48621e-78
8.35521e-77
7.35247e-76
6.46618e-75
5.68337e-74
4.96465e-73
4.33724e-72
3.78766e-71
3.30598e-70
2.88447e-69
2.51572e-68
2.20107e-67
1.91873e-66
1.67159e-65
1.45577e-64
1.26737e-63
1.10565e-62
9.61729e-62
8.36416e-61
7.28434e-60
6.33018e-59
5.50742e-58
4.78857e-57
4.15806e-56
3.6122e-55
3.13496e-54
2.72013e-53
2.35954e-52
2.04342e-51
1.76559e-50
1.52237e-49
1.30991e-48
1.12473e-47
9.63691e-47
8.25042e-46
7.03773e-45
6.00153e-44
5.09717e-43
4.32936e-42
3.66902e-41
3.10305e-40
2.61877e-39
2.19857e-38
1.84156e-37
1.54392e-36
1.29107e-35
1.07705e-34
8.96283e-34
7.44009e-33
6.13133e-32
5.06517e-31
4.17063e-30
3.4239e-29
2.80229e-28
2.28683e-27
1.86017e-26
1.50823e-25
1.21886e-24
9.74149e-24
7.81887e-23
6.19439e-22
4.93225e-21
3.9066e-20
3.08045e-19
2.39365e-18
1.87135e-17
1.4383e-16
1.11277e-15
8.44714e-15
6.45798e-14
4.89826e-13
3.68927e-12
2.7579e-11
2.04496e-10
1.50285e-09
1.09354e-08
7.86772e-08
5.58625e-07
3.90331e-06
2.67248e-05
0.000178051
0.00114061
0.0068768
0.0386534
6.74118e-93
6.53338e-92
5.89896e-91
5.2949e-90
4.74245e-89
4.24146e-88
3.78837e-87
3.37935e-86
3.01079e-85
2.67918e-84
2.38132e-83
2.11422e-82
1.87501e-81
1.66118e-80
1.47027e-79
1.30004e-78
1.14844e-77
1.01364e-76
8.87668e-76
7.77354e-75
6.80283e-74
5.94937e-73
5.19996e-72
4.56628e-71
3.98614e-70
3.47953e-69
3.04898e-68
2.66052e-67
2.31978e-66
2.02889e-65
1.7675e-64
1.53963e-63
1.34415e-62
1.1725e-61
1.02229e-60
8.90898e-60
7.74727e-59
6.74555e-58
5.86959e-57
5.1047e-56
4.43432e-55
3.85111e-54
3.34365e-53
2.90221e-52
2.51393e-51
2.17254e-50
1.87447e-49
1.61255e-48
1.38443e-47
1.18717e-46
1.01577e-45
8.65848e-45
7.3666e-44
6.26361e-43
5.30106e-42
4.4764e-41
3.78121e-40
3.18602e-39
2.67838e-38
2.24649e-37
1.87273e-36
1.55828e-35
1.29758e-34
1.07243e-33
8.84052e-33
7.27048e-32
5.98718e-31
4.91414e-30
4.0215e-29
3.26009e-28
2.65253e-27
2.13732e-26
1.71444e-25
1.36956e-24
1.09807e-23
8.76328e-23
6.90435e-22
5.46871e-21
4.30807e-20
3.37895e-19
2.61021e-18
2.00773e-17
1.53524e-16
1.18103e-15
8.90928e-15
6.7735e-14
5.10918e-13
3.82746e-12
2.84646e-11
2.10026e-10
1.53637e-09
1.11314e-08
7.97746e-08
5.64456e-07
3.93222e-06
2.68553e-05
0.000178564
0.00114221
0.00687987
0.038654
7.75179e-93
7.51454e-92
6.78623e-91
6.09296e-90
5.45879e-89
4.88365e-88
4.36342e-87
3.89367e-86
3.47015e-85
3.08904e-84
2.74656e-83
2.43927e-82
2.16396e-81
1.91764e-80
1.69758e-79
1.50126e-78
1.32634e-77
1.17066e-76
1.0323e-75
9.09732e-75
8.01219e-74
7.05118e-73
6.17232e-72
5.39815e-71
4.74338e-70
4.14328e-69
3.61947e-68
3.16049e-67
2.75865e-66
2.40702e-65
2.10634e-64
1.83634e-63
1.60509e-62
1.39849e-61
1.2182e-60
1.06288e-59
9.25112e-59
8.05113e-58
7.0129e-57
6.09958e-56
5.30326e-55
4.60966e-54
4.00621e-53
3.48025e-52
3.01648e-51
2.60818e-50
2.24969e-49
1.93585e-48
1.6618e-47
1.42499e-46
1.21717e-45
1.03916e-44
8.83266e-44
7.48998e-43
6.33492e-42
5.34431e-41
4.4969e-40
3.77348e-39
3.15775e-38
2.63486e-37
2.20155e-36
1.82598e-35
1.51084e-34
1.24608e-33
1.02974e-32
8.43457e-32
6.88987e-31
5.60709e-30
4.55125e-29
3.67627e-28
2.95876e-27
2.37187e-26
1.9086e-25
1.52921e-24
1.22056e-23
9.61807e-23
7.62019e-22
6.00631e-21
4.66648e-20
3.60958e-19
2.77726e-18
2.1252e-17
1.61711e-16
1.23816e-15
9.29274e-15
7.03275e-14
5.28119e-13
3.93932e-12
2.91749e-11
2.14421e-10
1.56277e-09
1.12847e-08
8.06285e-08
5.68959e-07
3.95439e-06
2.69549e-05
0.000178954
0.00114343
0.00688219
0.0386544
8.78776e-93
8.52597e-92
7.70546e-91
6.9241e-90
6.20912e-89
5.56046e-88
4.97416e-87
4.44381e-86
3.96543e-85
3.53477e-84
3.1474e-83
2.79938e-82
2.48727e-81
2.20774e-80
1.95772e-79
1.73437e-78
1.53511e-77
1.35754e-76
1.1905e-75
1.04405e-74
9.21169e-74
8.06387e-73
7.05975e-72
6.17706e-71
5.43118e-70
4.74608e-69
4.14735e-68
3.62273e-67
3.16322e-66
2.76271e-65
2.40996e-64
2.10121e-63
1.83698e-62
1.60006e-61
1.39395e-60
1.21386e-59
1.05658e-58
9.20787e-58
8.01882e-57
6.9724e-56
6.06114e-55
5.26726e-54
4.57531e-53
3.97345e-52
3.44181e-51
2.97501e-50
2.5658e-49
2.20537e-48
1.89309e-47
1.62112e-46
1.38262e-45
1.1763e-44
1.00026e-43
8.48349e-43
7.15896e-42
6.02518e-41
5.07285e-40
4.24429e-39
3.55532e-38
2.95732e-37
2.45321e-36
2.02871e-35
1.672e-34
1.3809e-33
1.13667e-32
9.32715e-32
7.62978e-31
6.22232e-30
5.02456e-29
4.04449e-28
3.24317e-27
2.59034e-26
2.06014e-25
1.645e-24
1.29579e-23
1.02618e-22
8.08682e-22
6.2807e-21
4.90964e-20
3.77555e-19
2.89069e-18
2.20129e-17
1.68737e-16
1.28526e-15
9.60583e-15
7.24354e-14
5.41973e-13
4.02881e-12
2.974e-11
2.17902e-10
1.58359e-09
1.14049e-08
8.12932e-08
5.72453e-07
3.97155e-06
2.70318e-05
0.000179254
0.00114436
0.00688395
0.0386547
9.67143e-93
9.37833e-92
8.47534e-91
7.61532e-90
6.8285e-89
6.11477e-88
5.46738e-87
4.88404e-86
4.35789e-85
3.88362e-84
3.45713e-83
3.0744e-82
2.73117e-81
2.42373e-80
2.14872e-79
1.90307e-78
1.68386e-77
1.4885e-76
1.3146e-75
1.16011e-74
1.02299e-73
8.96433e-73
7.89617e-72
6.90716e-71
6.04204e-70
5.30916e-69
4.63767e-68
4.05134e-67
3.53766e-66
3.0998e-65
2.70385e-64
2.35824e-63
2.06218e-62
1.79746e-61
1.56565e-60
1.36639e-59
1.18935e-58
1.03538e-57
9.00734e-57
7.84137e-56
6.81628e-55
5.92692e-54
5.14987e-53
4.47248e-52
3.87328e-51
3.34531e-50
2.88337e-49
2.47936e-48
2.12409e-47
1.81497e-46
1.5467e-45
1.317e-44
1.11847e-43
9.47427e-43
8.0041e-42
6.74581e-41
5.65133e-40
4.72443e-39
3.95072e-38
3.27949e-37
2.72683e-36
2.26041e-35
1.85862e-34
1.5238e-33
1.25195e-32
1.01871e-31
8.31626e-31
6.76214e-30
5.44099e-29
4.36424e-28
3.48673e-27
2.79677e-26
2.23369e-25
1.76167e-24
1.39713e-23
1.09379e-22
8.6008e-22
6.65914e-21
5.13606e-20
3.98516e-19
3.03915e-18
2.30731e-17
1.74207e-16
1.32423e-15
9.86431e-15
7.41567e-14
5.53255e-13
4.10099e-12
3.01933e-11
2.20678e-10
1.60011e-09
1.14999e-08
8.18172e-08
5.75197e-07
3.985e-06
2.70916e-05
0.000179487
0.00114509
0.00688531
0.0386549
1.0554e-92
1.02409e-91
9.25685e-91
8.32075e-90
7.46417e-89
6.68702e-88
5.98366e-87
5.34808e-86
4.77459e-85
4.25772e-84
3.79282e-83
3.3751e-82
3.00021e-81
2.6643e-80
2.36366e-79
2.09485e-78
1.85491e-77
1.64093e-76
1.45044e-75
1.28116e-74
1.13058e-73
9.90356e-73
8.67701e-72
7.64435e-71
6.72541e-70
5.88245e-69
5.14484e-68
4.49746e-67
3.92955e-66
3.43196e-65
3.00698e-64
2.62313e-63
2.29524e-62
2.00094e-61
1.74412e-60
1.51971e-59
1.32365e-58
1.15241e-57
1.00429e-56
8.736e-56
7.59714e-55
6.60798e-54
5.74218e-53
4.98828e-52
4.32126e-51
3.73192e-50
3.21448e-49
2.76063e-48
2.36417e-47
2.0222e-46
1.72489e-45
1.46467e-44
1.24333e-43
1.04957e-42
8.84033e-42
7.44315e-41
6.24833e-40
5.23122e-39
4.35248e-38
3.62463e-37
2.99498e-36
2.47954e-35
2.04582e-34
1.68299e-33
1.37205e-32
1.12213e-31
9.08227e-31
7.3791e-30
5.92736e-29
4.7467e-28
3.78613e-27
3.00763e-26
2.37866e-25
1.87306e-24
1.48207e-23
1.15545e-22
8.97333e-22
6.93403e-21
5.33198e-20
4.07923e-19
3.14091e-18
2.37483e-17
1.81061e-16
1.35378e-15
1.00716e-14
7.55396e-14
5.62261e-13
4.15873e-12
3.05543e-11
2.2288e-10
1.61317e-09
1.15746e-08
8.22285e-08
5.77345e-07
3.99547e-06
2.71383e-05
0.000179669
0.00114565
0.00688637
0.0386551
1.13598e-92
1.10277e-91
9.9738e-91
8.96984e-90
8.05088e-89
7.21685e-88
6.46179e-87
5.77914e-86
5.16291e-85
4.60741e-84
4.10742e-83
3.65788e-82
3.25421e-81
2.89223e-80
2.56803e-79
2.27802e-78
2.0189e-77
1.78764e-76
1.56863e-75
1.38708e-74
1.21608e-73
1.06614e-72
9.34134e-72
8.22867e-71
7.19846e-70
6.33154e-69
5.5627e-68
4.88436e-67
4.26707e-66
3.7432e-65
3.26786e-64
2.85269e-63
2.48932e-62
2.17746e-61
1.89819e-60
1.65454e-59
1.44438e-58
1.2599e-57
1.09836e-56
9.56964e-56
8.32608e-55
7.24262e-54
6.29773e-53
5.47356e-52
4.74238e-51
4.09948e-50
3.53153e-49
3.03716e-48
2.60145e-47
2.22212e-46
1.89254e-45
1.60699e-44
1.36054e-43
1.14909e-42
9.7008e-42
8.13799e-41
6.80743e-40
5.67652e-39
4.71791e-38
3.90855e-37
3.24254e-36
2.66712e-35
2.18716e-34
1.79758e-33
1.46297e-32
1.18706e-31
9.60662e-31
7.73549e-30
6.20391e-29
4.95613e-28
3.94254e-27
3.12325e-26
2.46375e-25
1.95303e-24
1.52599e-23
1.19961e-22
9.28541e-22
7.16092e-21
5.49401e-20
4.19293e-19
3.18352e-18
2.43413e-17
1.82552e-16
1.38142e-15
1.02399e-14
7.66548e-14
5.69511e-13
4.20482e-12
3.08419e-11
2.24631e-10
1.6235e-09
1.16337e-08
8.25517e-08
5.79028e-07
4.00368e-06
2.71748e-05
0.00017981
0.00114609
0.00688718
0.0386552
1.19138e-92
1.15658e-91
1.04607e-90
9.40807e-90
8.44456e-89
7.57014e-88
6.77813e-87
6.06244e-86
5.41639e-85
4.83399e-84
4.30938e-83
3.83782e-82
3.41456e-81
3.03498e-80
2.69499e-79
2.39082e-78
2.11902e-77
1.87643e-76
1.66014e-75
1.4563e-74
1.28702e-73
1.13595e-72
1.00186e-71
8.77549e-71
7.68661e-70
6.72928e-69
5.88795e-68
5.17399e-67
4.5208e-66
3.95019e-65
3.46287e-64
3.0223e-63
2.6375e-62
2.30084e-61
2.01132e-60
1.7566e-59
1.53018e-58
1.33273e-57
1.16059e-56
1.01e-55
8.7864e-55
7.64016e-54
6.64288e-53
5.77066e-52
4.99696e-51
4.31423e-50
3.71386e-49
3.18755e-48
2.72769e-47
2.33117e-46
1.9827e-45
1.68153e-44
1.42173e-43
1.19898e-42
1.01063e-41
8.49269e-41
7.08988e-40
5.92573e-39
4.91897e-38
4.08708e-37
3.36796e-36
2.7812e-35
2.27573e-34
1.85659e-33
1.50887e-32
1.22174e-31
9.85412e-31
7.97368e-30
6.37681e-29
5.12343e-28
4.06418e-27
3.21256e-26
2.52851e-25
1.98131e-24
1.56053e-23
1.21056e-22
9.35487e-22
7.27409e-21
5.62562e-20
4.28088e-19
3.24485e-18
2.47718e-17
1.85485e-16
1.4016e-15
1.03716e-14
7.75242e-14
5.75138e-13
4.24062e-12
3.10645e-11
2.25981e-10
1.63147e-09
1.16792e-08
8.28011e-08
5.80322e-07
4.00997e-06
2.72027e-05
0.000179919
0.00114642
0.0068878
0.0386552
1.23091e-92
1.19488e-91
1.08062e-90
9.7179e-90
8.72182e-89
7.81787e-88
6.99946e-87
6.25964e-86
5.5918e-85
4.98977e-84
4.44779e-83
3.96051e-82
3.52298e-81
3.13066e-80
2.7792e-79
2.46479e-78
2.18384e-77
1.93308e-76
1.70953e-75
1.51058e-74
1.32423e-73
1.16909e-72
1.03058e-71
9.07687e-71
7.98915e-70
6.99531e-69
6.11987e-68
5.37818e-67
4.6992e-66
4.10932e-65
3.58918e-64
3.14451e-63
2.74341e-62
2.40003e-61
2.09235e-60
1.82806e-59
1.59245e-58
1.38704e-57
1.20762e-56
1.05103e-55
9.15119e-55
7.96192e-54
6.9213e-53
6.01275e-52
5.20641e-51
4.49467e-50
3.86845e-49
3.31963e-48
2.84429e-47
2.42585e-46
2.06293e-45
1.75307e-44
1.48146e-43
1.24835e-42
1.04859e-41
8.81003e-41
7.34994e-40
6.11368e-39
5.06837e-38
4.19108e-37
3.46763e-36
2.85898e-35
2.33642e-34
1.91501e-33
1.55384e-32
1.26533e-31
1.02631e-30
8.23591e-30
6.58751e-29
5.28976e-28
4.22809e-27
3.33793e-26
2.62625e-25
2.05741e-24
1.60462e-23
1.24535e-22
9.62041e-22
7.39647e-21
5.65664e-20
4.30365e-19
3.29741e-18
2.47916e-17
1.88036e-16
1.41707e-15
1.04722e-14
7.81882e-14
5.7943e-13
4.26784e-12
3.12334e-11
2.27004e-10
1.6375e-09
1.17135e-08
8.29883e-08
5.81297e-07
4.0147e-06
2.72237e-05
0.00018
0.00114667
0.00688826
0.0386553
1.26912e-92
1.23267e-91
1.11549e-90
1.00382e-89
9.01578e-89
8.08752e-88
7.24674e-87
6.48634e-86
5.79958e-85
5.18016e-84
4.62219e-83
4.12023e-82
3.6692e-81
3.2642e-80
2.90141e-79
2.57659e-78
2.2861e-77
2.0266e-76
1.78032e-75
1.56414e-74
1.37324e-73
1.21346e-72
1.07073e-71
9.39075e-71
8.22774e-70
7.20583e-69
6.30739e-68
5.51863e-67
4.82565e-66
4.21795e-65
3.69961e-64
3.22989e-63
2.82854e-62
2.46741e-61
2.15212e-60
1.8763e-59
1.63513e-58
1.42441e-57
1.24033e-56
1.07965e-55
9.40207e-55
8.18167e-54
7.11517e-53
6.18154e-52
5.35467e-51
4.62273e-50
3.97892e-49
3.41443e-48
2.92114e-47
2.49145e-46
2.11841e-45
1.79564e-44
1.5172e-43
1.27859e-42
1.07698e-41
9.0116e-41
7.54725e-40
6.27363e-39
5.19944e-38
4.31501e-37
3.56834e-36
2.92551e-35
2.3911e-34
1.94707e-33
1.57938e-32
1.27618e-31
1.02713e-30
8.23248e-30
6.62359e-29
5.30621e-28
4.19843e-27
3.30977e-26
2.59751e-25
2.02948e-24
1.59438e-23
1.2331e-22
9.50202e-22
7.36739e-21
5.61564e-20
4.31573e-19
3.29709e-18
2.50698e-17
1.89697e-16
1.42828e-15
1.05451e-14
7.86678e-14
5.82525e-13
4.28743e-12
3.13548e-11
2.27738e-10
1.64181e-09
1.1738e-08
8.31223e-08
5.81992e-07
4.01808e-06
2.72387e-05
0.000180058
0.00114685
0.00688859
0.0386553
1.27224e-92
1.23519e-91
1.11725e-90
1.00491e-89
9.02079e-89
8.08714e-88
7.24214e-87
6.47819e-86
5.78848e-85
5.16663e-84
4.60671e-83
4.1032e-82
3.65099e-81
3.24538e-80
2.88198e-79
2.55679e-78
2.26614e-77
2.00664e-76
1.77523e-75
1.56929e-74
1.38617e-73
1.21632e-72
1.07307e-71
9.40543e-71
8.2341e-70
7.24683e-69
6.33604e-68
5.56696e-67
4.86333e-66
4.25182e-65
3.72725e-64
3.26404e-63
2.85664e-62
2.49099e-61
2.17773e-60
1.89762e-59
1.65328e-58
1.43984e-57
1.25337e-56
1.09188e-55
9.49647e-55
8.25686e-54
7.17783e-53
6.23273e-52
5.39409e-51
4.65382e-50
4.00271e-49
3.432e-48
2.93353e-47
2.50418e-46
2.12686e-45
1.80536e-44
1.5236e-43
1.28587e-42
1.07825e-41
9.01422e-41
7.5399e-40
6.28487e-39
5.22317e-38
4.3273e-37
3.57389e-36
2.9262e-35
2.40245e-34
1.96485e-33
1.60158e-32
1.29238e-31
1.04703e-30
8.38481e-30
6.69195e-29
5.36242e-28
4.27755e-27
3.39924e-26
2.66592e-25
2.08366e-24
1.63741e-23
1.26677e-22
9.8703e-22
7.56467e-21
5.77506e-20
4.43948e-19
3.3505e-18
2.55116e-17
1.90482e-16
1.43553e-15
1.05924e-14
7.8979e-14
5.8453e-13
4.30012e-12
3.14334e-11
2.28213e-10
1.6446e-09
1.17539e-08
8.32088e-08
5.8244e-07
4.02026e-06
2.72483e-05
0.000180095
0.00114696
0.00688881
0.0386553
1.28049e-92
1.24337e-91
1.12479e-90
1.01186e-89
9.08477e-89
8.14643e-88
7.29672e-87
6.52843e-86
5.83472e-85
5.20919e-84
4.64587e-83
4.13923e-82
3.68415e-81
3.2758e-80
2.90995e-79
2.58251e-78
2.28979e-77
2.02838e-76
1.79522e-75
1.58745e-74
1.40272e-73
1.23858e-72
1.0855e-71
9.57546e-71
8.38575e-70
7.38663e-69
6.49781e-68
5.68391e-67
4.97156e-66
4.34678e-65
3.79884e-64
3.31819e-63
2.89699e-62
2.5281e-61
2.2053e-60
1.92285e-59
1.67591e-58
1.46263e-57
1.2736e-56
1.10876e-55
9.64872e-55
8.39798e-54
7.30407e-53
6.34615e-52
5.49727e-51
4.74868e-50
4.0906e-49
3.50958e-48
3.00206e-47
2.56004e-46
2.17627e-45
1.84872e-44
1.56138e-43
1.31486e-42
1.10366e-41
9.26758e-41
7.75658e-40
6.44488e-39
5.36324e-38
4.42573e-37
3.64063e-36
2.98381e-35
2.45079e-34
2.00529e-33
1.62458e-32
1.31192e-31
1.05539e-30
8.51977e-30
6.79422e-29
5.39968e-28
4.30931e-27
3.42312e-26
2.68343e-25
2.11688e-24
1.6451e-23
1.28718e-22
9.91149e-22
7.60137e-21
5.86998e-20
4.45259e-19
3.36319e-18
2.52659e-17
1.913e-16
1.43914e-15
1.06157e-14
7.91321e-14
5.85516e-13
4.30635e-12
3.14719e-11
2.28446e-10
1.64597e-09
1.17616e-08
8.32512e-08
5.8266e-07
4.02132e-06
2.7253e-05
0.000180113
0.00114702
0.00688891
0.0386553
1.28725e-92
1.25022e-91
1.13132e-90
1.018e-89
9.1424e-89
8.20038e-88
7.34713e-87
6.57544e-86
5.87848e-85
5.24985e-84
4.6836e-83
4.17419e-82
3.71649e-81
3.30575e-80
2.93759e-79
2.60798e-78
2.31324e-77
2.04995e-76
1.81503e-75
1.59303e-74
1.39847e-73
1.23569e-72
1.08283e-71
9.48973e-71
8.31171e-70
7.31767e-69
6.43418e-68
5.65344e-67
4.94161e-66
4.31962e-65
3.78897e-64
3.30999e-63
2.88934e-62
2.52112e-61
2.19893e-60
1.91703e-59
1.67397e-58
1.45838e-57
1.26985e-56
1.10528e-55
9.61645e-55
8.36801e-54
7.27442e-53
6.31884e-52
5.47015e-51
4.72388e-50
4.06779e-49
3.493e-48
2.9865e-47
2.54584e-46
2.16343e-45
1.83713e-44
1.55097e-43
1.30554e-42
1.09535e-41
9.19286e-41
7.68971e-40
6.3855e-39
5.31044e-38
4.40088e-37
3.63572e-36
2.9941e-35
2.44355e-34
1.99999e-33
1.61981e-32
1.30765e-31
1.0516e-30
8.48613e-30
6.81836e-29
5.45912e-28
4.31727e-27
3.40181e-26
2.66809e-25
2.08339e-24
1.61918e-23
1.25235e-22
9.74447e-22
7.45714e-21
5.7524e-20
4.41181e-19
3.36803e-18
2.52664e-17
1.913e-16
1.43914e-15
1.06157e-14
7.9132e-14
5.85516e-13
4.30635e-12
3.14719e-11
2.28446e-10
1.64597e-09
1.17616e-08
8.32512e-08
5.8266e-07
4.02132e-06
2.7253e-05
0.000180113
0.00114702
0.00688891
0.0386553
1.27682e-92
1.24015e-91
1.12224e-90
1.00985e-89
9.06916e-89
8.13452e-88
7.28782e-87
6.52195e-86
5.83017e-85
5.20614e-84
4.644e-83
4.13824e-82
3.68381e-81
3.27599e-80
2.91044e-79
2.58318e-78
2.29054e-77
2.02915e-76
1.79594e-75
1.57564e-74
1.38276e-73
1.22149e-72
1.07744e-71
9.44808e-71
8.27676e-70
7.24808e-69
6.34302e-68
5.54748e-67
4.84861e-66
4.25398e-65
3.72826e-64
3.26523e-63
2.85792e-62
2.49228e-61
2.179e-60
1.90336e-59
1.65814e-58
1.4442e-57
1.25733e-56
1.09545e-55
9.52996e-55
8.28687e-54
7.20484e-53
6.25733e-52
5.41611e-51
4.67651e-50
4.02267e-49
3.44973e-48
2.94916e-47
2.51332e-46
2.13519e-45
1.81258e-44
1.52977e-43
1.29113e-42
1.08629e-41
9.08035e-41
7.59691e-40
6.3344e-39
5.24187e-38
4.34504e-37
3.58842e-36
2.95385e-35
2.42365e-34
1.98229e-33
1.61589e-32
1.304e-31
1.05651e-30
8.46115e-30
6.75331e-29
5.41186e-28
4.31714e-27
3.43083e-26
2.69079e-25
2.1028e-24
1.65255e-23
1.27875e-22
9.85961e-22
7.56445e-21
5.77533e-20
4.43993e-19
3.35101e-18
2.5511e-17
1.9048e-16
1.43552e-15
1.05924e-14
7.89786e-14
5.84528e-13
4.30011e-12
3.14333e-11
2.28213e-10
1.6446e-09
1.17539e-08
8.32088e-08
5.8244e-07
4.02026e-06
2.72483e-05
0.000180095
0.00114696
0.00688881
0.0386553
1.25602e-92
1.22051e-91
1.10502e-90
9.94865e-90
8.93936e-89
8.02246e-88
7.19145e-87
6.43943e-86
5.75985e-85
5.14633e-84
4.59359e-83
4.0959e-82
3.64865e-81
3.24708e-80
2.88684e-79
2.56418e-78
2.27559e-77
2.01768e-76
1.78743e-75
1.56977e-74
1.37889e-73
1.21067e-72
1.06221e-71
9.31438e-71
8.16265e-70
7.18965e-69
6.32515e-68
5.5608e-67
4.86367e-66
4.25399e-65
3.71871e-64
3.24905e-63
2.84668e-62
2.48419e-61
2.16768e-60
1.8906e-59
1.64828e-58
1.43645e-57
1.25134e-56
1.08967e-55
9.48508e-55
8.25309e-54
7.17832e-53
6.23873e-52
5.40457e-51
4.66747e-50
4.01869e-49
3.44956e-48
2.95647e-47
2.52207e-46
2.14515e-45
1.82323e-44
1.54085e-43
1.29843e-42
1.0906e-41
9.13003e-41
7.61859e-40
6.36212e-39
5.29451e-38
4.39305e-37
3.63386e-36
2.98002e-35
2.43625e-34
1.98437e-33
1.61021e-32
1.30142e-31
1.04784e-30
8.40255e-30
6.71117e-29
5.33843e-28
4.26427e-27
3.39028e-26
2.685e-25
2.09776e-24
1.63325e-23
1.26552e-22
9.75971e-22
7.49052e-21
5.72066e-20
4.34683e-19
3.32644e-18
2.50385e-17
1.89689e-16
1.42825e-15
1.0545e-14
7.86674e-14
5.82523e-13
4.28743e-12
3.13548e-11
2.27738e-10
1.64181e-09
1.1738e-08
8.31225e-08
5.81992e-07
4.01808e-06
2.72387e-05
0.000180058
0.00114685
0.00688859
0.0386553
1.20265e-92
1.1685e-91
1.05775e-90
9.52108e-90
8.5531e-89
7.67368e-88
6.87663e-87
6.15534e-86
5.50356e-85
4.91541e-84
4.38538e-83
3.90837e-82
3.47962e-81
3.09475e-80
2.7497e-79
2.44072e-78
2.16437e-77
1.91749e-76
1.69718e-75
1.50081e-74
1.3164e-73
1.16287e-72
1.0191e-71
8.98853e-71
7.91712e-70
6.92967e-69
6.09701e-68
5.3318e-67
4.68371e-66
4.10964e-65
3.60371e-64
3.14694e-63
2.75678e-62
2.40543e-61
2.0996e-60
1.83094e-59
1.59614e-58
1.39088e-57
1.21153e-56
1.05508e-55
9.18286e-55
7.9937e-54
6.95173e-53
6.04152e-52
5.23333e-51
4.51961e-50
3.89497e-49
3.34335e-48
2.86145e-47
2.44571e-46
2.08442e-45
1.76746e-44
1.49431e-43
1.26314e-42
1.0645e-41
8.91397e-41
7.47136e-40
6.24193e-39
5.17605e-38
4.27949e-37
3.54347e-36
2.90791e-35
2.379e-34
1.93916e-33
1.58488e-32
1.28178e-31
1.03337e-30
8.29927e-30
6.63812e-29
5.29499e-28
4.20613e-27
3.3219e-26
2.63591e-25
2.06166e-24
1.6066e-23
1.24623e-22
9.62158e-22
7.39118e-21
5.66115e-20
4.30486e-19
3.25731e-18
2.48266e-17
1.88037e-16
1.41706e-15
1.04722e-14
7.81879e-14
5.79427e-13
4.2678e-12
3.12332e-11
2.27003e-10
1.63749e-09
1.17134e-08
8.29882e-08
5.81296e-07
4.0147e-06
2.72237e-05
0.00018
0.00114667
0.00688826
0.0386553
1.14197e-92
1.10988e-91
1.00502e-90
9.04949e-90
8.13214e-89
7.29841e-88
6.54249e-87
5.85821e-86
5.23965e-85
4.68129e-84
4.17797e-83
3.72485e-82
3.31747e-81
2.95168e-80
2.62363e-79
2.3298e-78
2.06693e-77
1.83203e-76
1.62236e-75
1.43542e-74
1.26887e-73
1.11309e-72
9.76589e-72
8.61714e-71
7.59285e-70
6.64875e-69
5.82245e-68
5.09618e-67
4.47854e-66
3.91483e-65
3.42178e-64
2.9894e-63
2.61878e-62
2.2851e-61
1.99374e-60
1.73864e-59
1.51605e-58
1.321e-57
1.15062e-56
1.00175e-55
8.71815e-55
7.58434e-54
6.59706e-53
5.7331e-52
4.96631e-51
4.29187e-50
3.6957e-49
3.173e-48
2.72e-47
2.32108e-46
1.97502e-45
1.67543e-44
1.41696e-43
1.19468e-42
1.00725e-41
8.43665e-41
7.04623e-40
5.88913e-39
4.88427e-38
4.05737e-37
3.34255e-36
2.75946e-35
2.27002e-34
1.85065e-33
1.504e-32
1.21757e-31
9.82021e-31
7.94672e-30
6.40431e-29
5.10237e-28
4.05173e-27
3.23179e-26
2.54296e-25
2.01254e-24
1.56943e-23
1.21955e-22
9.5326e-22
7.33019e-21
5.61455e-20
4.27869e-19
3.24387e-18
2.47708e-17
1.85476e-16
1.40156e-15
1.03713e-14
7.75231e-14
5.75136e-13
4.2406e-12
3.10644e-11
2.25981e-10
1.63148e-09
1.16792e-08
8.2801e-08
5.80322e-07
4.00997e-06
2.72027e-05
0.000179919
0.00114642
0.0068878
0.0386552
1.0672e-92
1.03733e-91
9.39439e-91
8.45972e-90
7.60263e-89
6.82342e-88
6.11674e-87
5.47687e-86
4.89835e-85
4.37604e-84
3.90514e-83
3.48117e-82
3.09997e-81
2.75767e-80
2.4507e-79
2.17574e-78
1.92977e-77
1.70999e-76
1.51384e-75
1.33898e-74
1.1832e-73
1.03746e-72
9.09886e-72
8.025e-71
7.035e-70
6.19335e-69
5.41913e-68
4.74162e-67
4.14716e-66
3.64e-65
3.17966e-64
2.78684e-63
2.44021e-62
2.12911e-61
1.86223e-60
1.6273e-59
1.41824e-58
1.23582e-57
1.07794e-56
9.39497e-56
8.17668e-55
7.11428e-54
6.18919e-53
5.3801e-52
4.66209e-51
4.0305e-50
3.4752e-49
2.98858e-48
2.55981e-47
2.18626e-46
1.86185e-45
1.58088e-44
1.33832e-43
1.12959e-42
9.50525e-42
7.97304e-41
6.66742e-40
5.57975e-39
4.6545e-38
3.85399e-37
3.19711e-36
2.62969e-35
2.15645e-34
1.77223e-33
1.44223e-32
1.17015e-31
9.45821e-31
7.61652e-30
6.10774e-29
4.87749e-28
3.87912e-27
3.07177e-26
2.4216e-25
1.91834e-24
1.49754e-23
1.16463e-22
9.10945e-22
7.08583e-21
5.43752e-20
4.14765e-19
3.18633e-18
2.43346e-17
1.82496e-16
1.38133e-15
1.02391e-14
7.66492e-14
5.69472e-13
4.20467e-12
3.08409e-11
2.24624e-10
1.62347e-09
1.16336e-08
8.25512e-08
5.79027e-07
4.00367e-06
2.71748e-05
0.00017981
0.00114609
0.00688718
0.0386552
9.84995e-93
9.57664e-92
8.67482e-91
7.81351e-90
7.0233e-89
6.30458e-88
5.65249e-87
5.06184e-86
4.52764e-85
4.04521e-84
3.61014e-83
3.21835e-82
2.86602e-81
2.54959e-80
2.26578e-79
2.01155e-78
1.7841e-77
1.58085e-76
1.39946e-75
1.23774e-74
1.09388e-73
9.59488e-73
8.41766e-72
7.38167e-71
6.50583e-70
5.69683e-69
4.98833e-68
4.3659e-67
3.81954e-66
3.34011e-65
2.93012e-64
2.5592e-63
2.24172e-62
1.95622e-61
1.71107e-60
1.49531e-59
1.30594e-58
1.1399e-57
9.93036e-57
8.64887e-56
7.53593e-55
6.55806e-54
5.70697e-53
4.96303e-52
4.30294e-51
3.7201e-50
3.20729e-49
2.75738e-48
2.36377e-47
2.02076e-46
1.7258e-45
1.46676e-44
1.24321e-43
1.05065e-42
8.85306e-42
7.43788e-41
6.2291e-40
5.20143e-39
4.34705e-38
3.60549e-37
2.98188e-36
2.45743e-35
2.01846e-34
1.66164e-33
1.35458e-32
1.10106e-31
8.9169e-31
7.24367e-30
5.86071e-29
4.6903e-28
3.77137e-27
2.99445e-26
2.36942e-25
1.86655e-24
1.47746e-23
1.15246e-22
8.95684e-22
6.9256e-21
5.32742e-20
4.07699e-19
3.10328e-18
2.37812e-17
1.7876e-16
1.35579e-15
1.00717e-14
7.55398e-14
5.62269e-13
4.15875e-12
3.05547e-11
2.22884e-10
1.61318e-09
1.15748e-08
8.22289e-08
5.77346e-07
3.99548e-06
2.71384e-05
0.000179669
0.00114565
0.00688637
0.0386551
8.93848e-93
8.69357e-92
7.87753e-91
7.09796e-90
6.38232e-89
5.73107e-88
5.13967e-87
4.60396e-86
4.11925e-85
3.68135e-84
3.28631e-83
2.93046e-82
2.61036e-81
2.3227e-80
2.06474e-79
1.83361e-78
1.62673e-77
1.44185e-76
1.27679e-75
1.12139e-74
9.85016e-74
8.64715e-73
7.5874e-72
6.65364e-71
5.83106e-70
5.10716e-69
4.47075e-68
3.91213e-67
3.42174e-66
2.99138e-65
2.62329e-64
2.29813e-63
2.01204e-62
1.76044e-61
1.53573e-60
1.33946e-59
1.16778e-58
1.01765e-57
8.86431e-57
7.71838e-56
6.71801e-55
5.84492e-54
5.08472e-53
4.42039e-52
3.83198e-51
3.31287e-50
2.85811e-49
2.45986e-48
2.10921e-47
1.80651e-46
1.54048e-45
1.31283e-44
1.11584e-43
9.43593e-43
7.95847e-42
6.71389e-41
5.62899e-40
4.70639e-39
3.92301e-38
3.27325e-37
2.72239e-36
2.24712e-35
1.84966e-34
1.52558e-33
1.24671e-32
1.01579e-31
8.30018e-31
6.71014e-30
5.40803e-29
4.341e-28
3.47031e-27
2.76289e-26
2.20926e-25
1.75835e-24
1.38096e-23
1.08047e-22
8.49773e-22
6.57921e-21
5.08299e-20
3.94279e-19
3.00575e-18
2.30968e-17
1.74148e-16
1.32415e-15
9.86361e-15
7.41526e-14
5.53231e-13
4.10091e-12
3.01929e-11
2.20676e-10
1.6001e-09
1.14998e-08
8.18168e-08
5.75195e-07
3.98498e-06
2.70916e-05
0.000179487
0.00114509
0.00688531
0.0386549
7.86904e-93
7.65218e-92
6.93278e-91
6.24502e-90
5.61348e-89
5.03864e-88
4.51662e-87
4.04348e-86
3.61559e-85
3.22891e-84
2.8803e-83
2.56624e-82
2.28395e-81
2.03043e-80
1.80315e-79
1.59963e-78
1.41761e-77
1.25501e-76
1.11001e-75
9.73991e-75
8.55781e-74
7.50579e-73
6.61927e-72
5.83009e-71
5.13163e-70
4.49166e-69
3.93165e-68
3.43993e-67
3.00815e-66
2.63926e-65
2.30541e-64
2.01352e-63
1.75776e-62
1.53776e-61
1.34096e-60
1.16917e-59
1.02078e-58
8.90515e-58
7.75444e-57
6.7507e-56
5.87939e-55
5.11703e-54
4.45091e-53
3.86912e-52
3.35469e-51
2.9024e-50
2.50345e-49
2.15568e-48
1.85164e-47
1.58454e-46
1.35252e-45
1.15143e-44
9.77569e-44
8.28006e-43
6.99092e-42
5.88635e-41
4.95775e-40
4.16368e-39
3.48785e-38
2.91413e-37
2.42801e-36
2.00802e-35
1.65608e-34
1.36114e-33
1.11494e-32
9.10099e-32
7.44819e-31
6.0337e-30
4.87263e-29
3.92007e-28
3.14147e-27
2.50709e-26
2.00857e-25
1.60167e-24
1.27203e-23
1.0063e-22
7.92799e-22
6.21805e-21
4.85645e-20
3.77636e-19
2.88918e-18
2.20099e-17
1.68714e-16
1.28512e-15
9.60511e-15
7.24313e-14
5.4196e-13
4.0287e-12
2.97395e-11
2.179e-10
1.58358e-09
1.14048e-08
8.12932e-08
5.72453e-07
3.97156e-06
2.70317e-05
0.000179254
0.00114436
0.00688395
0.0386547
6.85882e-93
6.67266e-92
6.04838e-91
5.45071e-90
4.90144e-89
4.40114e-88
3.94666e-87
3.53443e-86
3.1614e-85
2.82419e-84
2.52003e-83
2.24597e-82
1.99953e-81
1.7782e-80
1.57969e-79
1.40192e-78
1.24292e-77
1.10088e-76
9.67121e-76
8.49587e-75
7.45933e-74
6.5862e-73
5.77448e-72
5.06272e-71
4.43619e-70
3.88453e-69
3.39986e-68
2.98671e-67
2.61101e-66
2.28251e-65
1.99436e-64
1.74187e-63
1.52074e-62
1.32715e-61
1.1577e-60
1.01145e-59
8.81474e-59
7.69169e-58
6.69839e-57
5.83201e-56
5.07963e-55
4.42134e-54
3.8462e-53
3.34386e-52
2.9004e-51
2.51055e-50
2.16675e-49
1.86554e-48
1.60222e-47
1.37256e-46
1.17287e-45
9.99713e-45
8.51718e-44
7.22155e-43
6.10833e-42
5.16733e-41
4.35988e-40
3.65749e-39
3.06049e-38
2.56311e-37
2.1402e-36
1.7822e-35
1.4802e-34
1.22622e-33
1.01286e-32
8.29646e-32
6.77694e-31
5.51561e-30
4.4728e-29
3.63847e-28
2.92746e-27
2.3652e-26
1.88804e-25
1.51413e-24
1.1985e-23
9.53521e-23
7.54728e-22
5.89106e-21
4.5795e-20
3.54056e-19
2.75271e-18
2.12745e-17
1.61679e-16
1.23795e-15
9.29137e-15
7.03205e-14
5.28068e-13
3.93898e-12
2.91731e-11
2.14414e-10
1.56275e-09
1.12846e-08
8.06274e-08
5.68955e-07
3.95439e-06
2.69549e-05
0.000178954
0.00114343
0.00688219
0.0386544
5.82529e-93
5.66756e-92
5.13759e-91
4.62977e-90
4.16278e-89
3.73718e-88
3.35039e-87
2.99957e-86
2.68194e-85
2.39488e-84
2.13585e-83
1.90257e-82
1.69279e-81
1.5044e-80
1.33553e-79
1.18436e-78
1.04923e-77
9.286e-77
8.21051e-76
7.20712e-75
6.32698e-74
5.55103e-73
4.86717e-72
4.26512e-71
3.75387e-70
3.30006e-69
2.88717e-68
2.52596e-67
2.20882e-66
1.9306e-65
1.68674e-64
1.47309e-63
1.28595e-62
1.12211e-61
9.80825e-61
8.56698e-60
7.46627e-59
6.5149e-58
5.68076e-57
4.94623e-56
4.30867e-55
3.74914e-54
3.26151e-53
2.83623e-52
2.46129e-51
2.13175e-50
1.84132e-49
1.58815e-48
1.36686e-47
1.17397e-46
1.00472e-45
8.5796e-45
7.32324e-44
6.22288e-43
5.28864e-42
4.47237e-41
3.77335e-40
3.17522e-39
2.67377e-38
2.23767e-37
1.87527e-36
1.56066e-35
1.29547e-34
1.07709e-33
8.92655e-33
7.33968e-32
6.05124e-31
4.97206e-30
4.04872e-29
3.2874e-28
2.67686e-27
2.1714e-26
1.74223e-25
1.3934e-24
1.10951e-23
8.87178e-23
6.99634e-22
5.49578e-21
4.33814e-20
3.37158e-19
2.60914e-18
2.0074e-17
1.53506e-16
1.18095e-15
8.909e-15
6.7733e-14
5.10917e-13
3.82754e-12
2.84651e-11
2.10028e-10
1.53638e-09
1.11315e-08
7.97756e-08
5.6446e-07
3.93223e-06
2.68554e-05
0.000178564
0.00114221
0.00687987
0.038654
4.82678e-93
4.69646e-92
4.25757e-91
3.83661e-90
3.44918e-89
3.09581e-88
2.77457e-87
2.48306e-86
2.21913e-85
1.98055e-84
1.76531e-83
1.57149e-82
1.39727e-81
1.24091e-80
1.10082e-79
9.755e-79
8.63538e-78
7.63665e-77
6.70244e-76
5.88869e-75
5.19538e-74
4.55314e-73
4.01116e-72
3.51232e-71
3.08935e-70
2.7027e-69
2.36418e-68
2.06715e-67
1.81282e-66
1.58335e-65
1.38282e-64
1.2104e-63
1.05863e-62
9.2341e-62
8.05353e-61
7.03314e-60
6.12838e-59
5.33904e-58
4.65465e-57
4.05537e-56
3.52911e-55
3.07034e-54
2.67032e-53
2.32163e-52
2.0151e-51
1.74492e-50
1.50858e-49
1.30169e-48
1.1199e-47
9.61472e-47
8.23634e-46
7.04012e-45
6.00415e-44
5.10887e-43
4.33722e-42
3.67331e-41
3.11179e-40
2.62981e-39
2.21088e-38
1.85434e-37
1.55676e-36
1.30334e-35
1.08428e-34
9.03695e-34
7.47519e-33
6.1967e-32
5.12076e-31
4.21957e-30
3.44735e-29
2.82524e-28
2.29285e-27
1.86691e-26
1.50358e-25
1.21585e-24
9.71631e-24
7.79961e-23
6.17946e-22
4.88496e-21
3.87183e-20
3.05216e-19
2.3953e-18
1.87074e-17
1.4379e-16
1.11254e-15
8.44581e-15
6.4573e-14
4.89789e-13
3.6891e-12
2.75781e-11
2.04491e-10
1.50284e-09
1.09354e-08
7.86771e-08
5.58626e-07
3.90331e-06
2.67248e-05
0.000178051
0.00114061
0.0068768
0.0386534
3.90452e-93
3.80021e-92
3.44613e-91
3.10598e-90
2.79247e-89
2.50636e-88
2.24604e-87
2.00965e-86
1.79553e-85
1.60198e-84
1.42737e-83
1.27016e-82
1.12891e-81
1.00217e-80
8.88659e-80
7.87166e-79
6.96553e-78
6.15771e-77
5.40508e-76
4.74492e-75
4.16314e-74
3.65039e-73
3.2144e-72
2.82709e-71
2.47465e-70
2.16583e-69
1.89468e-68
1.6568e-67
1.44821e-66
1.26529e-65
1.10504e-64
9.6469e-64
8.41818e-63
7.34298e-62
6.40289e-61
5.58122e-60
4.86316e-59
4.23601e-58
3.68846e-57
3.21308e-56
2.79564e-55
2.43185e-54
2.11472e-53
1.83846e-52
1.59569e-51
1.3822e-50
1.19505e-49
1.03181e-48
8.88481e-48
7.64404e-47
6.56435e-46
5.62704e-45
4.81487e-44
4.10516e-43
3.50028e-42
2.9721e-41
2.52469e-40
2.13992e-39
1.81016e-38
1.52369e-37
1.28403e-36
1.07577e-35
8.99317e-35
7.52832e-34
6.25908e-33
5.21468e-32
4.31207e-31
3.55951e-30
2.92665e-29
2.40142e-28
1.9731e-27
1.60616e-26
1.3035e-25
1.0552e-24
8.49729e-24
6.82526e-23
5.45098e-22
4.37008e-21
3.48639e-20
2.74484e-19
2.17184e-18
1.70841e-17
1.32322e-16
1.03093e-15
7.88684e-15
6.07154e-14
4.63717e-13
3.51639e-12
2.64602e-11
1.97442e-10
1.4597e-09
1.06808e-08
7.72389e-08
5.50927e-07
3.86487e-06
2.65502e-05
0.000177361
0.00113844
0.00687263
0.0386524
3.03501e-93
2.95379e-92
2.67838e-91
2.41337e-90
2.16889e-89
1.94548e-88
1.74215e-87
1.55753e-86
1.3903e-85
1.23918e-84
1.10294e-83
9.80319e-83
8.70226e-82
7.71566e-81
6.83334e-80
6.04538e-79
5.3428e-78
4.71728e-77
4.13767e-76
3.62918e-75
3.18151e-74
2.80055e-73
2.45176e-72
2.14613e-71
1.88458e-70
1.65328e-69
1.44564e-68
1.26323e-67
1.10342e-66
9.65941e-66
8.44955e-65
7.37164e-64
6.43046e-63
5.60754e-62
4.8883e-61
4.25984e-60
3.71547e-59
3.23883e-58
2.82212e-57
2.45623e-56
2.13727e-55
1.85918e-54
1.61679e-53
1.40559e-52
1.22037e-51
1.05767e-50
9.15069e-50
7.90792e-49
6.81781e-48
5.86813e-47
5.04712e-46
4.33363e-45
3.71498e-44
3.1745e-43
2.70808e-42
2.30576e-41
1.96353e-40
1.6657e-39
1.40985e-38
1.19139e-37
1.00421e-36
8.44594e-36
7.08764e-35
5.95462e-34
4.97211e-33
4.14587e-32
3.45952e-31
2.86695e-30
2.37025e-29
1.95409e-28
1.60612e-27
1.31702e-26
1.08147e-25
8.85017e-25
7.17502e-24
5.79909e-23
4.7014e-22
3.79508e-21
3.02778e-20
2.40574e-19
1.91863e-18
1.52165e-17
1.18954e-16
9.34576e-16
7.21682e-15
5.60315e-14
4.31623e-13
3.30087e-12
2.50455e-11
1.88397e-10
1.40365e-09
1.03459e-08
7.53226e-08
5.40557e-07
3.81259e-06
2.63108e-05
0.000176406
0.00113541
0.00686678
0.038651
2.26157e-93
2.20058e-92
1.99489e-91
1.79649e-90
1.61322e-89
1.44564e-88
1.29302e-87
1.15447e-86
1.02903e-85
9.15774e-85
8.13778e-84
7.22139e-83
6.39987e-82
5.6649e-81
5.00858e-80
4.42354e-79
3.90289e-78
3.44024e-77
3.02974e-76
2.65407e-75
2.3248e-74
2.04368e-73
1.78769e-72
1.56921e-71
1.37614e-70
1.20611e-69
1.05397e-68
9.22858e-68
8.05544e-67
7.03052e-66
6.14606e-65
5.3607e-64
4.67346e-63
4.07313e-62
3.55362e-61
3.09863e-60
2.69791e-59
2.34851e-58
2.0437e-57
1.77897e-56
1.54705e-55
1.3455e-54
1.16948e-53
1.01619e-52
8.82013e-52
7.6434e-51
6.61359e-50
5.71383e-49
4.92886e-48
4.24847e-47
3.65338e-46
3.13692e-45
2.68915e-44
2.30155e-43
1.96953e-42
1.6827e-41
1.43548e-40
1.22268e-39
1.03766e-38
8.79218e-38
7.43598e-37
6.29323e-36
5.30118e-35
4.47089e-34
3.75075e-33
3.14072e-32
2.62405e-31
2.19519e-30
1.82599e-29
1.52084e-28
1.26344e-27
1.04709e-26
8.65608e-26
7.09881e-25
5.80506e-24
4.73136e-23
3.86627e-22
3.14668e-21
2.55179e-20
2.04712e-19
1.63593e-18
1.30064e-17
1.03712e-16
8.22325e-16
6.42277e-15
5.03878e-14
3.92292e-13
3.03209e-12
2.325e-11
1.76714e-10
1.32995e-09
9.89766e-09
7.27178e-08
5.2623e-07
3.73926e-06
2.59704e-05
0.000175036
0.00113103
0.00685822
0.0386487
1.61905e-93
1.57498e-92
1.42732e-91
1.28454e-90
1.15239e-89
1.03143e-88
9.21229e-88
8.21213e-87
7.30749e-86
6.49181e-85
5.75877e-84
5.1011e-83
4.51273e-82
3.9877e-81
3.51987e-80
3.10377e-79
2.73413e-78
2.40638e-77
2.10726e-76
1.85226e-75
1.62056e-74
1.42256e-73
1.24358e-72
1.09023e-71
9.52349e-71
8.33873e-70
7.29561e-69
6.36627e-68
5.56549e-67
4.85337e-66
4.23898e-65
3.69431e-64
3.2191e-63
2.80418e-62
2.44198e-61
2.128e-60
1.85182e-59
1.61138e-58
1.40157e-57
1.21937e-56
1.05997e-55
9.21192e-55
8.00489e-54
6.95289e-53
6.03417e-52
5.2295e-51
4.52638e-50
3.91435e-49
3.37931e-48
2.91379e-47
2.50909e-46
2.15779e-45
1.85324e-44
1.58955e-43
1.36317e-42
1.16743e-41
9.97062e-41
8.50419e-40
7.2549e-39
6.16859e-38
5.24822e-37
4.44876e-36
3.76543e-35
3.18176e-34
2.69063e-33
2.26494e-32
1.90911e-31
1.60105e-30
1.34465e-29
1.12298e-28
9.39414e-28
7.83918e-27
6.52705e-26
5.42176e-25
4.47231e-24
3.68002e-23
3.01884e-22
2.46792e-21
2.01e-20
1.64048e-19
1.33336e-18
1.07966e-17
8.64373e-17
6.9413e-16
5.49598e-15
4.36626e-14
3.44389e-13
2.6974e-12
2.09634e-11
1.61487e-10
1.23156e-09
9.28532e-09
6.90727e-08
5.05738e-07
3.63222e-06
2.54638e-05
0.00017296
0.0011243
0.00684491
0.0386449
1.10433e-93
1.07372e-92
9.72489e-92
8.74256e-91
7.83114e-90
6.99602e-89
6.23542e-88
5.54597e-87
4.9232e-86
4.36309e-85
3.86117e-84
3.41221e-83
3.01178e-82
2.6554e-81
2.33882e-80
2.05822e-79
1.80967e-78
1.58989e-77
1.39115e-76
1.21714e-75
1.06434e-74
9.30356e-74
8.12849e-73
7.09911e-72
6.1974e-71
5.40836e-70
4.71788e-69
4.11398e-68
3.59182e-67
3.12961e-66
2.73003e-65
2.38017e-64
2.07219e-63
1.80551e-62
1.57107e-61
1.36682e-60
1.18956e-59
1.03426e-58
8.99055e-58
7.81617e-57
6.79044e-56
5.89797e-55
5.12142e-54
4.44592e-53
3.85672e-52
3.34199e-51
2.89295e-50
2.50165e-49
2.16101e-48
1.8657e-47
1.60916e-46
1.38567e-45
1.1929e-44
1.02589e-43
8.8141e-43
7.56507e-42
6.47917e-41
5.54453e-40
4.74438e-39
4.04909e-38
3.45193e-37
2.93897e-36
2.49903e-35
2.1221e-34
1.80315e-33
1.52658e-32
1.29371e-31
1.09194e-30
9.20364e-30
7.76452e-29
6.52005e-28
5.46563e-27
4.57478e-26
3.83145e-25
3.20148e-24
2.65946e-23
2.20444e-22
1.8302e-21
1.51507e-20
1.25083e-19
1.02421e-18
8.35858e-18
6.79238e-17
5.52961e-16
4.44874e-15
3.58733e-14
2.87423e-13
2.28824e-12
1.80823e-11
1.417e-10
1.09963e-09
8.43588e-09
6.38438e-08
4.75291e-07
3.46748e-06
2.46585e-05
0.000169559
0.00111301
0.00682207
0.0386381
7.05262e-94
6.84631e-93
6.19046e-92
5.55006e-91
4.95477e-90
4.40983e-89
3.91496e-88
3.46822e-87
3.06693e-86
2.70782e-85
2.38724e-84
2.10213e-83
1.84911e-82
1.62513e-81
1.42705e-80
1.25202e-79
1.09769e-78
9.61752e-78
8.40174e-77
7.33855e-76
6.40743e-75
5.5924e-74
4.88766e-73
4.26254e-72
3.71674e-71
3.23982e-70
2.82322e-69
2.45944e-68
2.14224e-67
1.86502e-66
1.62325e-65
1.41238e-64
1.22852e-63
1.06901e-62
9.29271e-62
8.08055e-61
7.02388e-60
6.10093e-59
5.29982e-58
4.60101e-57
3.99416e-56
3.46563e-55
3.00627e-54
2.60713e-53
2.25968e-52
1.957e-51
1.69359e-50
1.46454e-49
1.26552e-48
1.09274e-47
9.42824e-47
8.12855e-46
7.00276e-45
6.02479e-44
5.18242e-43
4.45092e-42
3.82237e-41
3.27977e-40
2.81189e-39
2.40867e-38
2.06155e-37
1.76097e-36
1.5047e-35
1.28279e-34
1.09409e-33
9.3071e-33
7.92188e-32
6.73444e-31
5.71901e-30
4.85138e-29
4.11031e-28
3.47249e-27
2.93518e-26
2.47726e-25
2.08763e-24
1.75646e-23
1.47547e-22
1.23733e-21
1.03556e-20
8.6186e-20
7.15579e-19
5.94773e-18
4.90801e-17
4.05566e-16
3.32185e-15
2.72408e-14
2.2223e-13
1.80302e-12
1.45379e-11
1.16356e-10
9.23114e-10
7.2469e-09
5.61541e-08
4.28161e-07
3.19859e-06
2.32686e-05
0.000163361
0.00109131
0.00677632
0.0386237
4.1409e-94
4.00405e-93
3.60618e-92
3.21469e-91
2.85201e-90
2.52251e-89
2.22572e-88
1.96038e-87
1.72424e-86
1.51494e-85
1.32961e-84
1.16596e-83
1.02179e-82
8.94728e-82
7.82987e-81
6.84841e-80
5.98693e-79
5.23174e-78
4.56382e-77
3.98045e-76
3.47058e-75
3.02511e-74
2.63606e-73
2.29818e-72
2.00128e-71
1.74364e-70
1.5186e-69
1.32143e-68
1.15026e-67
1.00041e-66
8.69901e-66
7.56542e-65
6.57487e-64
5.71477e-63
4.96397e-62
4.31085e-61
3.74263e-60
3.24841e-59
2.8192e-58
2.44557e-57
2.12092e-56
1.83886e-55
1.59388e-54
1.38114e-53
1.1963e-52
1.03559e-51
8.96047e-51
7.74893e-50
6.6968e-49
5.78453e-48
4.99459e-47
4.30922e-46
3.71587e-45
3.2024e-44
2.75836e-43
2.37451e-42
2.04293e-41
1.75737e-40
1.51012e-39
1.29758e-38
1.11367e-37
9.5526e-37
8.18887e-36
7.01596e-35
6.0108e-34
5.14218e-33
4.40005e-32
3.75897e-31
3.20908e-30
2.73742e-29
2.33311e-28
1.98676e-27
1.69234e-26
1.43832e-25
1.22128e-24
1.03729e-23
8.78863e-23
7.43548e-22
6.28175e-21
5.29862e-20
4.46218e-19
3.75104e-18
3.14636e-17
2.63948e-16
2.20248e-15
1.8379e-14
1.5281e-13
1.26553e-12
1.04317e-11
8.55051e-11
6.96052e-10
5.61747e-09
4.48559e-08
3.53262e-07
2.73185e-06
2.06096e-05
0.000150161
0.00103953
0.0066536
0.0385792
2.15123e-94
2.05072e-93
1.82369e-92
1.6036e-91
1.40594e-90
1.23121e-89
1.07749e-88
9.42457e-88
8.23963e-87
7.20025e-86
6.29002e-85
5.49295e-84
4.79501e-83
4.18466e-82
3.65091e-81
3.18434e-80
2.77661e-79
2.42027e-78
2.10903e-77
1.83757e-76
1.60068e-75
1.394e-74
1.21373e-73
1.05654e-72
9.19461e-72
7.99946e-71
6.95824e-70
6.05095e-69
5.2607e-68
4.57244e-67
3.97325e-66
3.4517e-65
2.99779e-64
2.6029e-63
2.25939e-62
1.96068e-61
1.70099e-60
1.47528e-59
1.27915e-58
1.10876e-57
9.60774e-57
8.32284e-56
7.2075e-55
6.2396e-54
5.39984e-53
4.67145e-52
4.0399e-51
3.49251e-50
3.01822e-49
2.60744e-48
2.25176e-47
1.94394e-46
1.67762e-45
1.44729e-44
1.24813e-43
1.07603e-42
9.27351e-42
7.98943e-41
6.88071e-40
5.92386e-39
5.09826e-38
4.38625e-37
3.77225e-36
3.24327e-35
2.7875e-34
2.3949e-33
2.05678e-32
1.76572e-31
1.51542e-30
1.30003e-29
1.11493e-28
9.55822e-28
8.19103e-27
7.01615e-26
6.00721e-25
5.14099e-24
4.39717e-23
3.75888e-22
3.21089e-21
2.74129e-20
2.33854e-19
1.9932e-18
1.69711e-17
1.44328e-16
1.22529e-15
1.03868e-14
8.78552e-14
7.41172e-13
6.23295e-12
5.22137e-11
4.35309e-10
3.6076e-09
2.96736e-08
2.41726e-07
1.94434e-06
1.53738e-05
0.000118639
0.000881983
0.00614792
0.0383048
)
;

boundaryField
{
    fuel
    {
        type            fixedValue;
        value           uniform 0;
    }
    air
    {
        type            fixedValue;
        value           uniform 0.23;
    }
    outlet
    {
        type            zeroGradient;
    }
    frontAndBack
    {
        type            empty;
    }
}


// ************************************************************************* //
