/*--------------------------------*- C++ -*----------------------------------*\
| =========                 |                                                 |
| \\      /  F ield         | OpenFOAM: The Open Source CFD Toolbox           |
|  \\    /   O peration     | Version:  2406                                  |
|   \\  /    A nd           | Website:  www.openfoam.com                      |
|    \\/     M anipulation  |                                                 |
\*---------------------------------------------------------------------------*/
FoamFile
{
    version     2.0;
    format      ascii;
    arch        "LSB;label=32;scalar=64";
    class       volScalarField;
    location    "2.64e-05";
    object      Qdot;
}
// * * * * * * * * * * * * * * * * * * * * * * * * * * * * * * * * * * * * * //

dimensions      [1 -1 -3 0 0 0 0];

internalField   nonuniform List<scalar> 
4000
(
0.000149316
-6.26518e-186
1.36533e-103
1.82271e-08
0.000149316
-6.92205e-182
1.77999e-11
0.000149316
0.000149316
0.000149316
2.17284e-15
0.000149316
0.000149316
0.000149316
0.000149316
-7.29233e-172
-7.33002e-171
2.59022e-22
-7.40573e-169
0.000149316
1.57412e-85
-7.52009e-166
0.000149316
0.000149316
1.54389e-29
0.000149316
0.000149316
-7.75133e-160
0.000149316
0.000149316
0.000149316
2.16346e-74
2.30058e-37
0.000149316
2.21538e-71
0.000149316
1.40416e-41
0.000149316
1.81484e-67
0.000149316
0.000149316
-8.29907e-146
1.33911e-47
0.000149316
0.000149316
-8.45612e-142
1.63466e-51
-8.5345e-140
1.27708e-53
0.000149316
0.000149316
0.000149316
1.55893e-57
0.000149316
0.000149316
2.61546e-50
-8.8845e-131
0.000149316
0.000149316
0.000149316
0.000149316
1.45187e-66
1.81484e-67
0.000149316
0.000149316
2.24666e-40
0.000149316
0.000149316
-9.33818e-119
1.08173e-74
2.94474e-35
2.3558e-34
1.88464e-33
0.000149316
2.41233e-31
0.000149316
3.08779e-29
0.000149316
1.97618e-27
3.1619e-26
-9.76746e-107
2.02361e-24
-9.83595e-105
1.53723e-88
2.07218e-21
-9.93682e-102
-9.96993e-101
0.000149316
-1.00354e-98
0.000149316
0.000149316
3.47654e-14
2.78123e-13
-6.79589e-94
0.000149316
2.84798e-10
-6.85235e-91
3.64542e-08
2.91633e-07
0.000149316
0.000149316
2.33307e-06
0.000149316
0.000149335
0.000149319
0.000149316
0.000149316
0.000149316
1.43166e-97
0.000149316
0.000149316
-7.44432e-176
0.000149316
1.8765e-92
0.000149316
-7.61219e-172
-7.65426e-171
1.53723e-88
1.61889e-23
1.96765e-86
-7.82284e-167
1.58095e-26
2.01488e-83
2.47023e-28
-7.99183e-163
-8.03412e-162
0.000149316
0.000149316
-8.16106e-159
-8.20338e-158
2.70432e-75
-8.28802e-156
2.30058e-37
1.43786e-38
-8.4149e-153
0.000149316
0.000149316
1.7552e-42
0.000149316
0.000149316
2.32299e-65
0.000149316
0.000149316
0.000149316
2.09237e-49
1.30773e-50
1.63466e-51
1.94867e-58
3.11787e-57
0.000149316
1.99544e-55
1.60882e-54
-9.1684e-135
-9.20955e-134
1.21792e-59
0.000149316
2.09237e-49
0.000149316
0.000149316
-9.45408e-128
0.000149316
0.000149316
-9.57457e-125
-9.61443e-124
0.000149316
-9.69368e-122
0.000149316
0.000149316
0.000149316
0.000149316
-9.88877e-117
2.3558e-34
0.000149316
0.000149316
-1.00414e-112
1.03162e-80
1.28952e-81
1.6119e-82
1.97618e-27
3.1619e-26
0.000149316
0.000149316
-1.03359e-104
-1.03717e-103
0.000149316
-1.04423e-101
1.5012e-91
9.3825e-93
3.39506e-17
0.000149316
2.17284e-15
0.000149316
0.000149316
0.000149316
0.000149316
-7.18555e-92
0.000149319
0.000149316
-6.62065e-89
-1.22319e-88
0.000149316
0.000149316
-6.80521e-185
0.000149335
0.000149316
1.3981e-100
1.77999e-11
-7.10628e-180
2.78123e-13
1.73827e-14
0.000149316
-7.29821e-176
0.000149316
1.8765e-92
2.65239e-19
-7.4891e-172
2.07218e-21
-7.58408e-170
-7.63144e-169
0.000149316
0.000149316
0.000149316
1.97618e-27
1.6119e-82
0.000149316
1.92987e-30
0.000149316
-8.0532e-160
0.000149316
0.000149316
1.47237e-35
2.16346e-74
0.000149316
0.000149316
1.79733e-39
0.000149316
2.83569e-69
2.26855e-68
-8.55514e-149
1.37125e-44
0.000149316
-8.68897e-146
0.000149316
2.37875e-62
2.09237e-49
3.04479e-60
2.43584e-59
1.94867e-58
0.000149316
0.000149316
3.99087e-55
-9.12433e-136
2.55416e-53
2.04333e-52
1.63466e-51
-9.29352e-132
0.000149316
1.18937e-62
1.48672e-63
1.85839e-64
-9.50075e-127
-9.54161e-126
1.81484e-67
0.000149316
0.000149316
0.000149316
0.000149316
1.38461e-72
2.30058e-37
0.000149316
0.000149316
0.000149316
1.88464e-33
0.000149316
0.000149316
0.000149316
-1.01292e-110
0.000149316
1.00744e-83
3.1619e-26
2.52952e-25
0.000149316
-1.03498e-104
2.59022e-22
2.07218e-21
0.000149316
0.000149316
0.000149316
0.000149316
0.000149316
0.000149316
0.000149316
2.78123e-13
0.000149316
0.000149316
0.000149317
0.000149316
3.64542e-08
-6.63034e-89
-1.22363e-88
1.86645e-05
0.000149316
-6.47906e-185
-6.58516e-184
0.000149316
0.000149316
0.000149316
0.000149316
-6.8689e-179
1.73827e-14
0.000149316
0.000149316
-7.08965e-175
2.12191e-18
0.000149316
0.000149316
0.000149316
1.53723e-88
0.000149316
0.000149316
2.52952e-25
0.000149316
0.000149316
0.000149316
1.54389e-29
0.000149316
0.000149316
0.000149316
1.88464e-33
1.6902e-76
0.000149316
0.000149316
0.000149316
0.000149316
1.79733e-39
2.24666e-40
1.40416e-41
0.000149316
0.000149316
2.90374e-66
0.000149316
0.000149316
-8.66086e-145
1.67389e-48
0.000149316
1.30773e-50
0.000149316
-8.90002e-140
0.000149316
0.000149316
1.99544e-55
0.000149316
0.000149316
-9.17641e-134
0.000149316
0.000149316
2.09237e-49
1.18937e-62
-9.39773e-129
2.14258e-46
0.000149316
0.000149316
-9.56893e-125
0.000149316
0.000149316
0.000149316
0.000149316
-9.77575e-120
-9.81617e-119
0.000149316
1.35216e-75
0.000149316
0.000149316
0.000149316
1.65059e-79
1.03162e-80
0.000149316
0.000149316
1.97618e-27
-1.02411e-107
1.57412e-85
0.000149316
-1.0351e-104
2.59022e-22
2.07218e-21
0.000149316
0.000149316
0.000149316
-1.05632e-98
-1.05976e-97
0.000149316
0.000149316
-7.13433e-95
0.000149316
3.55998e-11
0.000149317
0.000149316
3.64542e-08
0.000149608
2.33307e-06
0.000149316
0.000149316
0.000149608
0.000149316
0.000149316
-6.44964e-182
0.000149316
1.78957e-98
0.000149316
0.000149316
2.17284e-15
-6.80215e-176
0.000149316
0.000149316
-6.97837e-173
1.65774e-20
0.000149316
0.000149316
0.000149316
2.02361e-24
0.000149316
0.000149316
-7.44548e-165
0.000149316
-7.56111e-163
-7.61868e-162
0.000149316
1.50771e-32
0.000149316
0.000149316
0.000149316
2.16346e-74
2.30058e-37
-8.07194e-154
0.000149316
1.7723e-70
0.000149316
0.000149316
0.000149316
0.000149316
0.000149316
0.000149316
1.33911e-47
0.000149316
2.09237e-49
1.30773e-50
0.000149316
-8.82097e-140
0.000149316
1.62129e-54
0.000149316
0.000149316
1.55893e-57
-9.11978e-134
-9.16813e-133
-9.21605e-132
0.000149316
-9.31062e-130
-9.35726e-129
0.000149316
0.000149316
0.000149316
0.000149316
0.000149316
-9.62798e-123
0.000149316
1.79733e-39
2.87573e-38
0.000149316
0.000149316
0.000149316
1.6902e-76
0.000149316
3.01542e-32
1.65059e-79
1.92987e-30
3.08779e-29
-1.01623e-109
-1.02006e-108
1.2593e-84
0.000149316
9.83826e-87
0.000149316
-1.03867e-103
2.07218e-21
3.31549e-20
1.5012e-91
0.000149316
0.000149316
0.000149316
0.000149316
0.000149316
2.78123e-13
0.000149316
3.55998e-11
0.000149316
0.000149316
3.64542e-08
0.000149608
-1.22392e-88
0.000149316
2.33307e-06
0.000149316
1.82271e-08
1.74763e-101
2.84798e-10
0.000149316
-6.55637e-180
1.43166e-97
0.000149316
-6.73307e-177
-6.79199e-176
2.34562e-93
2.12191e-18
0.000149316
1.65774e-20
2.07218e-21
-7.14501e-170
1.61889e-23
0.000149316
2.52952e-25
0.000149316
0.000149316
2.47023e-28
-7.5532e-163
1.92987e-30
0.000149316
1.50771e-32
-7.78316e-159
-7.84016e-158
1.47237e-35
1.84047e-36
0.000149316
0.000149316
-8.12158e-153
-8.17707e-152
1.40416e-41
0.000149316
2.19401e-43
0.000149316
0.000149316
1.85839e-64
0.000149316
-8.60975e-144
0.000149316
1.30773e-50
0.000149316
0.000149316
1.27708e-53
0.000149316
0.000149316
1.60882e-54
-9.06855e-135
-9.11749e-134
1.21792e-59
1.5224e-60
0.000149316
0.000149316
-9.35577e-129
2.14258e-46
1.1615e-65
2.74251e-44
-9.53855e-125
0.000149316
0.000149316
0.000149316
1.79733e-39
0.000149316
-9.79962e-119
-9.84162e-118
0.000149316
-9.92438e-116
1.05638e-77
1.32047e-78
1.65059e-79
1.92987e-30
0.000149316
0.000149316
0.000149316
3.1619e-26
2.52952e-25
0.000149316
0.000149316
0.000149316
0.000149316
1.20096e-90
0.000149316
0.000149316
3.39506e-17
2.71605e-16
0.000149316
0.000149316
-7.13755e-95
2.22499e-12
0.000149316
-7.20064e-92
0.000149319
0.000149316
0.000149316
0.000151649
1.86645e-05
0.000149316
-6.20804e-185
1.82271e-08
0.000149316
1.3981e-100
-6.49765e-181
1.78957e-98
-6.61538e-179
0.000149316
0.000149316
0.000149316
0.000149316
0.000149316
1.5012e-91
0.000149316
0.000149316
2.59022e-22
0.000149316
-7.26229e-168
-7.32074e-167
0.000149316
2.01488e-83
-7.49536e-164
1.54389e-29
0.000149316
2.41233e-31
2.64094e-78
0.000149316
2.3558e-34
-7.89703e-157
0.000149316
0.000149316
0.000149316
-8.12169e-153
2.24666e-40
-8.2324e-151
0.000149316
0.000149316
0.000149316
-8.45013e-147
0.000149316
1.33911e-47
-8.60991e-144
1.903e-61
0.000149316
1.63466e-51
0.000149316
1.27724e-53
0.000149316
3.99087e-55
0.000149316
0.000149316
2.04333e-52
0.000149316
0.000149316
-9.26206e-131
1.67389e-48
2.67823e-47
0.000149316
1.71407e-45
2.74251e-44
2.19401e-43
0.000149316
1.41784e-69
0.000149316
1.79733e-39
-9.75769e-120
0.000149316
1.08173e-74
1.35216e-75
-9.92497e-116
0.000149316
0.000149316
0.000149316
1.92987e-30
1.28952e-81
0.000149316
-1.0202e-108
-1.02401e-107
-1.02778e-106
-1.03151e-105
3.23778e-23
0.000149316
0.000149316
3.31549e-20
-1.04965e-100
0.000149316
-1.05668e-98
2.71605e-16
0.000149316
0.000149316
2.78123e-13
-7.15796e-94
0.000149316
0.000149317
0.000149319
-7.20082e-90
-6.63528e-89
-1.22411e-88
2.13333e-105
0.000151649
0.000149608
2.18453e-102
1.74763e-101
1.3981e-100
0.000149316
0.000149316
1.43166e-97
0.000149316
0.000149316
0.000149316
1.69753e-17
2.12191e-18
0.000149316
0.000149316
2.07218e-21
0.000149316
0.000149316
0.000149316
0.000149316
0.000149316
0.000149316
0.000149316
-7.5536e-163
0.000149316
1.65059e-79
2.64094e-78
1.88464e-33
2.3558e-34
0.000149316
0.000149316
1.73077e-73
1.43786e-38
1.79733e-39
2.24666e-40
0.000149316
0.000149316
2.19401e-43
0.000149316
0.000149316
0.000149316
0.000149316
0.000149316
0.000149316
-8.71491e-142
1.63466e-51
-8.81811e-140
-8.86912e-139
0.000149316
0.000149316
-9.01974e-136
0.000149316
-9.11809e-134
0.000149316
0.000149316
1.903e-61
0.000149316
-9.35648e-129
-9.40286e-128
0.000149316
0.000149316
0.000149316
0.000149316
2.80833e-41
0.000149316
0.000149316
2.87573e-38
-9.80065e-119
-9.8427e-118
0.000149316
-9.92554e-116
0.000149316
-1.00067e-113
2.41233e-31
1.92987e-30
0.000149316
0.000149316
1.97618e-27
0.000149316
-1.02786e-106
0.000149316
3.23778e-23
-1.03895e-103
2.07218e-21
0.000149316
2.65239e-19
-1.05328e-99
0.000149316
-1.06025e-97
0.000149316
-6.08976e-96
-7.12573e-95
0.000149316
0.000149316
-7.20243e-92
-7.21966e-91
3.64542e-08
-6.63605e-89
0.000151649
1.86645e-05
-5.73703e-186
0.000149316
1.82271e-08
0.000149316
0.000149316
0.000149316
0.000149316
-6.61617e-179
0.000149316
0.000149316
-6.79288e-176
1.69753e-17
0.000149316
0.000149316
0.000149316
2.07218e-21
1.53723e-88
0.000149316
0.000149316
1.57412e-85
0.000149316
0.000149316
-7.49598e-164
0.000149316
-7.61165e-162
0.000149316
0.000149316
2.11275e-77
0.000149316
0.000149316
0.000149316
0.000149316
1.43786e-38
2.21538e-71
2.24666e-40
0.000149316
-8.28785e-150
0.000149316
1.37125e-44
2.32299e-65
0.000149316
0.000149316
1.67389e-48
-8.66301e-143
0.000149316
2.43584e-59
0.000149316
0.000149316
0.000149316
-8.97024e-137
0.000149316
0.000149316
0.000149316
0.000149316
2.61546e-50
0.000149316
0.000149316
0.000149316
2.14258e-46
0.000149316
0.000149316
0.000149316
0.000149316
2.80833e-41
0.000149316
-9.71573e-121
-9.75865e-120
1.73077e-73
-9.8432e-118
0.000149316
1.6902e-76
0.000149316
-1.00073e-113
0.000149316
1.03162e-80
0.000149316
1.6119e-82
0.000149316
0.000149316
0.000149316
0.000149316
3.23778e-23
2.59022e-22
9.60768e-90
1.20096e-90
1.5012e-91
2.12191e-18
0.000149316
0.000149316
0.000149316
-7.2361e-96
2.78123e-13
-7.1595e-94
0.000149316
-7.20316e-92
0.000149316
-7.20241e-90
0.000149608
0.000151649
0.000167981
-5.73734e-186
0.000149316
1.82271e-08
-6.38054e-183
-6.43992e-182
1.77999e-11
0.000149316
0.000149316
-6.67539e-178
0.000149316
-6.7932e-176
0.000149316
0.000149316
1.5012e-91
2.40192e-90
0.000149316
0.000149316
-7.20472e-169
0.000149316
1.57412e-85
0.000149316
0.000149316
0.000149316
1.54389e-29
-7.61193e-162
-7.6695e-161
0.000149316
1.88464e-33
0.000149316
1.47237e-35
2.16346e-74
-8.01068e-155
0.000149316
1.79733e-39
0.000149316
2.83569e-69
0.000149316
0.000149316
1.37125e-44
-8.45093e-147
2.14258e-46
1.33911e-47
1.67389e-48
0.000149316
0.000149316
2.43584e-59
0.000149316
1.27724e-53
-8.9203e-138
0.000149316
0.000149316
2.55416e-53
0.000149316
1.21792e-59
2.61546e-50
0.000149316
0.000149316
1.48672e-63
0.000149316
-9.44952e-127
0.000149316
0.000149316
0.000149316
1.41784e-69
2.24666e-40
0.000149316
2.87573e-38
0.000149316
1.84047e-36
0.000149316
0.000149316
-9.9674e-115
3.01542e-32
0.000149316
0.000149316
-1.01267e-110
1.6119e-82
0.000149316
3.1619e-26
0.000149316
2.02361e-24
0.000149316
2.59022e-22
2.07218e-21
-1.04634e-101
2.65239e-19
2.12191e-18
0.000149316
1.46495e-94
0.000149316
0.000149316
2.78123e-13
0.000149316
-7.18236e-93
0.000149316
0.000149319
-7.20306e-90
2.91633e-07
2.33307e-06
-2.98776e-187
0.000149316
0.000149316
0.000149335
0.000149316
1.3981e-100
0.000149316
0.000149316
0.000149316
0.000149316
2.17284e-15
0.000149316
0.000149316
1.8765e-92
0.000149316
0.000149316
0.000149316
1.53723e-88
-7.20499e-169
1.96765e-86
1.57412e-85
0.000149316
0.000149316
0.000149316
1.54389e-29
0.000149316
0.000149316
1.50771e-32
2.11275e-77
0.000149316
-7.89809e-157
0.000149316
0.000149316
2.76922e-72
-8.12272e-153
1.7723e-70
1.40416e-41
-8.28833e-150
2.19401e-43
-8.39721e-148
1.71407e-45
1.85839e-64
1.33911e-47
-8.61096e-144
2.09237e-49
1.30773e-50
-8.76749e-141
0.000149316
0.000149316
0.000149316
1.99544e-55
0.000149316
0.000149316
2.04333e-52
1.63466e-51
-9.21565e-132
0.000149316
1.18937e-62
2.67823e-47
0.000149316
-9.44984e-127
2.74251e-44
0.000149316
0.000149316
0.000149316
-9.67317e-122
1.79733e-39
2.87573e-38
0.000149316
0.000149316
0.000149316
0.000149316
0.000149316
0.000149316
2.41233e-31
0.000149316
3.08779e-29
-1.01661e-109
-1.02046e-108
-1.02428e-107
2.52952e-25
9.83826e-87
0.000149316
0.000149316
0.000149316
-1.04641e-101
2.65239e-19
2.12191e-18
-1.05703e-98
0.000149316
2.17284e-15
-7.23777e-96
-7.12848e-95
0.000149316
3.55998e-11
-7.20435e-92
-7.2216e-91
0.000149316
0.000149316
0.000153982
2.13333e-105
-5.73785e-186
-6.20972e-185
1.82271e-08
0.000149316
0.000149317
0.000149316
1.78957e-98
0.000149316
2.29065e-96
0.000149316
0.000149316
1.69753e-17
-6.91152e-174
-6.97036e-173
1.65774e-20
0.000149316
0.000149316
-7.20523e-169
-7.26375e-168
0.000149316
1.58095e-26
0.000149316
0.000149316
0.000149316
0.000149316
2.41233e-31
-7.72736e-160
0.000149316
2.3558e-34
-7.8983e-157
-7.95484e-156
0.000149316
0.000149316
0.000149316
-8.17842e-152
1.40416e-41
0.000149316
0.000149316
0.000149316
-8.45137e-147
-8.50498e-146
1.33911e-47
0.000149316
0.000149316
-8.7159e-142
2.43584e-59
1.94867e-58
1.55893e-57
0.000149316
0.000149316
-9.02082e-136
0.000149316
1.94867e-58
1.21792e-59
-9.21591e-132
0.000149316
0.000149316
2.67823e-47
2.14258e-46
-9.45013e-127
1.45187e-66
-9.54078e-125
0.000149316
0.000149316
-9.6735e-122
0.000149316
0.000149316
1.73077e-73
0.000149316
2.94474e-35
0.000149316
1.05638e-77
-1.00087e-113
0.000149316
1.92987e-30
0.000149316
1.6119e-82
0.000149316
0.000149316
0.000149316
0.000149316
0.000149316
0.000149316
0.000149316
1.20096e-90
0.000149316
0.000149316
3.39506e-17
0.000149316
0.000149316
3.47654e-14
2.78123e-13
0.000149316
-7.18339e-93
0.000149316
-7.22209e-91
3.64542e-08
0.000149608
2.33307e-06
2.13333e-105
0.000151649
-6.20994e-185
2.18453e-102
1.74763e-101
0.000149317
0.000149316
2.22499e-12
0.000149316
2.29065e-96
1.83252e-95
1.46602e-94
1.69753e-17
2.12191e-18
0.000149316
0.000149316
0.000149316
0.000149316
0.000149316
1.96765e-86
-7.32239e-167
1.58095e-26
0.000149316
-7.49694e-164
0.000149316
1.92987e-30
2.41233e-31
1.50771e-32
-7.78475e-159
0.000149316
0.000149316
0.000149316
0.000149316
-8.06735e-154
-8.12312e-153
-8.17861e-152
-8.23382e-151
0.000149316
0.000149316
-8.3976e-148
1.71407e-45
2.14258e-46
0.000149316
0.000149316
1.903e-61
0.000149316
1.63466e-51
-8.81933e-140
0.000149316
-8.92099e-138
0.000149316
-9.02104e-136
1.55893e-57
2.04333e-52
0.000149316
0.000149316
0.000149316
1.67389e-48
1.48672e-63
-9.40441e-128
1.71407e-45
0.000149316
0.000149316
1.13427e-68
0.000149316
0.000149316
1.79733e-39
2.87573e-38
0.000149316
0.000149316
0.000149316
0.000149316
0.000149316
0.000149316
0.000149316
1.03162e-80
-1.01281e-110
0.000149316
1.00744e-83
3.1619e-26
1.57412e-85
2.02361e-24
0.000149316
0.000149316
0.000149316
0.000149316
2.65239e-19
0.000149316
3.39506e-17
2.71605e-16
0.000149316
0.000149316
-7.12977e-95
2.22499e-12
0.000149316
0.000149317
2.27839e-09
0.000149316
-6.63862e-89
0.000149316
1.86645e-05
0.000151649
0.000149316
-6.31724e-184
0.000149319
0.000149317
-6.49976e-181
0.000149316
1.43166e-97
0.000149316
0.000149316
0.000149316
0.000149316
-6.91192e-174
0.000149316
1.65774e-20
0.000149316
1.53723e-88
2.45957e-87
-7.26414e-168
2.52952e-25
0.000149316
0.000149316
0.000149316
0.000149316
0.000149316
1.65059e-79
1.50771e-32
0.000149316
2.3558e-34
0.000149316
0.000149316
0.000149316
0.000149316
2.21538e-71
0.000149316
0.000149316
0.000149316
0.000149316
0.000149316
2.32299e-65
2.14258e-46
0.000149316
0.000149316
-8.66409e-143
1.30773e-50
0.000149316
0.000149316
1.55893e-57
-8.92117e-138
0.000149316
0.000149316
0.000149316
2.04333e-52
-9.1682e-133
0.000149316
2.09237e-49
0.000149316
1.48672e-63
0.000149316
1.71407e-45
0.000149316
2.19401e-43
0.000149316
0.000149316
2.24666e-40
1.79733e-39
2.87573e-38
0.000149316
0.000149316
1.35216e-75
0.000149316
0.000149316
1.32047e-78
0.000149316
1.03162e-80
-1.01285e-110
0.000149316
1.97618e-27
0.000149316
0.000149316
0.000149316
0.000149316
0.000149316
9.60768e-90
-1.04657e-101
0.000149316
2.12191e-18
1.1728e-93
0.000149316
0.000149316
3.47654e-14
-7.13028e-95
0.000149316
0.000149316
2.84798e-10
0.000149319
0.000149353
-6.63894e-89
0.000151649
0.000167981
0.000151649
0.000149316
2.18453e-102
2.27839e-09
-6.44105e-182
0.000149316
0.000149316
1.43166e-97
0.000149316
-6.73541e-177
0.000149316
0.000149316
0.000149316
2.65239e-19
-7.02973e-172
2.07218e-21
0.000149316
1.61889e-23
0.000149316
-7.32272e-167
1.58095e-26
0.000149316
1.6119e-82
1.54389e-29
0.000149316
0.000149316
0.000149316
0.000149316
2.3558e-34
-7.89881e-157
1.84047e-36
1.73077e-73
-8.06766e-154
-8.12343e-153
0.000149316
0.000149316
0.000149316
-8.34363e-149
0.000149316
0.000149316
0.000149316
0.000149316
0.000149316
0.000149316
0.000149316
0.000149316
2.04333e-52
0.000149316
0.000149316
1.99544e-55
0.000149316
0.000149316
0.000149316
-9.16837e-133
-9.21652e-132
0.000149316
-9.31154e-130
2.67823e-47
0.000149316
0.000149316
0.000149316
-9.54151e-125
0.000149316
2.80833e-41
0.000149316
-9.71769e-121
0.000149316
0.000149316
0.000149316
-9.88705e-117
0.000149316
0.000149316
0.000149316
1.65059e-79
1.03162e-80
-1.01288e-110
2.47023e-28
-1.02063e-108
0.000149316
2.52952e-25
0.000149316
3.23778e-23
0.000149316
2.07218e-21
1.20096e-90
-1.05019e-100
0.000149316
3.39506e-17
0.000149316
0.000149316
-6.09465e-96
2.78123e-13
-7.16225e-94
0.000149316
-7.20589e-92
-7.22316e-91
-7.20518e-90
-6.63921e-89
0.000151649
0.000167981
0.000149316
0.000149316
2.18453e-102
1.74763e-101
0.000149316
1.77999e-11
-6.55889e-180
2.78123e-13
0.000149316
-6.73554e-177
2.71605e-16
0.000149316
0.000149316
0.000149316
0.000149316
0.000149316
0.000149316
2.45957e-87
0.000149316
0.000149316
0.000149316
0.000149316
0.000149316
0.000149316
1.92987e-30
0.000149316
0.000149316
0.000149316
0.000149316
0.000149316
0.000149316
-8.01175e-155
0.000149316
1.79733e-39
0.000149316
2.83569e-69
0.000149316
0.000149316
1.37125e-44
0.000149316
0.000149316
0.000149316
0.000149316
2.09237e-49
0.000149316
0.000149316
0.000149316
0.000149316
-8.92146e-138
1.99544e-55
0.000149316
0.000149316
-9.11994e-134
0.000149316
1.5224e-60
2.09237e-49
0.000149316
2.67823e-47
0.000149316
0.000149316
-9.49655e-126
2.19401e-43
0.000149316
1.41784e-69
0.000149316
0.000149316
-9.76086e-120
1.73077e-73
1.08173e-74
0.000149316
2.3558e-34
0.000149316
-1.001e-113
0.000149316
0.000149316
3.08779e-29
0.000149316
0.000149316
0.000149316
2.52952e-25
-1.032e-105
-1.03571e-104
-1.03939e-103
2.07218e-21
0.000149316
0.000149316
-1.05376e-99
-1.05727e-98
-1.06076e-97
8.09839e-96
3.47654e-14
0.000149316
0.000149316
-7.18468e-93
0.000149316
0.000149319
0.000149353
-6.63943e-89
0.000149316
-2.98826e-187
0.000149316
2.91633e-07
0.000149316
2.27839e-09
-6.44129e-182
0.000149316
0.000149316
2.78123e-13
-6.67675e-178
0.000149316
1.46602e-94
1.69753e-17
2.12191e-18
1.5012e-91
0.000149316
1.92154e-89
1.53723e-88
-7.20601e-169
2.02361e-24
0.000149316
0.000149316
2.01488e-83
2.47023e-28
0.000149316
1.92987e-30
-7.67071e-161
-7.72809e-160
2.11275e-77
0.000149316
0.000149316
0.000149316
0.000149316
0.000149316
0.000149316
0.000149316
0.000149316
0.000149316
-8.34385e-149
1.37125e-44
1.71407e-45
-8.50571e-146
-8.55898e-145
0.000149316
-8.66446e-143
1.30773e-50
-8.76846e-141
0.000149316
1.55893e-57
0.000149316
-8.97181e-137
1.24715e-56
-9.07106e-135
0.000149316
0.000149316
-9.21679e-132
0.000149316
1.67389e-48
2.67823e-47
2.14258e-46
1.1615e-65
1.45187e-66
0.000149316
0.000149316
0.000149316
0.000149316
0.000149316
2.87573e-38
0.000149316
0.000149316
-9.88744e-117
0.000149316
0.000149316
1.32047e-78
2.41233e-31
1.03162e-80
-1.01293e-110
-1.01682e-109
0.000149316
3.1619e-26
2.52952e-25
2.02361e-24
-1.03573e-104
0.000149316
9.60768e-90
-1.04666e-101
0.000149316
0.000149316
0.000149316
0.000149316
-1.06423e-96
-6.09526e-96
0.000149316
-7.16262e-94
0.000149316
0.000149316
2.27839e-09
3.64542e-08
0.000149608
0.000151649
0.000167981
2.33307e-06
0.000149316
-6.3177e-184
0.000149316
2.84798e-10
0.000149316
1.78957e-98
-6.61794e-179
0.000149316
2.17284e-15
0.000149316
0.000149316
0.000149316
0.000149316
0.000149316
2.07218e-21
0.000149316
0.000149316
0.000149316
0.000149316
0.000149316
1.97618e-27
0.000149316
-7.55547e-163
2.06323e-80
0.000149316
0.000149316
-7.78535e-159
1.6902e-76
-7.8991e-157
0.000149316
0.000149316
-8.06795e-154
0.000149316
1.7723e-70
-8.23441e-151
0.000149316
0.000149316
2.90374e-66
-8.45216e-147
-8.50578e-146
0.000149316
-8.61198e-144
0.000149316
1.30773e-50
1.63466e-51
0.000149316
0.000149316
1.62129e-54
0.000149316
0.000149316
2.55431e-53
2.04333e-52
1.21792e-59
2.61546e-50
-9.26461e-131
1.18937e-62
2.67823e-47
-9.40522e-128
1.71407e-45
-9.49679e-126
2.19401e-43
0.000149316
-9.6309e-123
0.000149316
0.000149316
0.000149316
1.73077e-73
1.08173e-74
2.94474e-35
0.000149316
1.88464e-33
0.000149316
0.000149316
1.92987e-30
0.000149316
0.000149316
1.97618e-27
-1.02451e-107
-1.02829e-106
0.000149316
0.000149316
0.000149316
9.60768e-90
0.000149316
0.000149316
0.000149316
0.000149316
0.000149316
0.000149316
0.000149316
-7.13154e-95
0.000149316
-7.18501e-93
0.000149317
2.27839e-09
0.000149316
2.91633e-07
0.000151649
1.86645e-05
-5.7387e-186
0.000149316
1.82271e-08
0.000149319
2.84798e-10
1.77999e-11
2.22499e-12
-6.61799e-179
1.73827e-14
1.83252e-95
0.000149316
0.000149316
0.000149316
0.000149316
0.000149316
0.000149316
1.53723e-88
0.000149316
1.96765e-86
1.57412e-85
-7.38138e-166
0.000149316
1.6119e-82
0.000149316
0.000149316
0.000149316
0.000149316
-7.7854e-159
2.3558e-34
0.000149316
-7.95567e-156
0.000149316
0.000149316
1.79733e-39
0.000149316
1.40416e-41
1.7552e-42
1.81484e-67
0.000149316
0.000149316
1.85839e-64
0.000149316
0.000149316
-8.66459e-143
1.30773e-50
-8.76859e-141
1.94867e-58
1.27708e-53
0.000149316
0.000149316
-9.02178e-136
2.55416e-53
0.000149316
0.000149316
0.000149316
2.09237e-49
0.000149316
0.000149316
0.000149316
1.1615e-65
0.000149316
-9.542e-125
0.000149316
0.000149316
0.000149316
1.79733e-39
1.38461e-72
0.000149316
0.000149316
0.000149316
0.000149316
-9.96987e-115
-1.00104e-113
-1.00505e-112
0.000149316
0.000149316
2.47023e-28
0.000149316
0.000149316
0.000149316
0.000149316
0.000149316
1.53723e-88
2.07218e-21
3.31549e-20
1.5012e-91
-1.05382e-99
3.39506e-17
-1.06082e-97
0.000149316
0.000149316
0.000149316
-7.16305e-94
0.000149316
0.000149316
2.27839e-09
0.000149316
-6.63981e-89
0.000151649
0.000149316
-5.73872e-186
0.000149608
1.82271e-08
0.000149316
0.000149316
2.23696e-99
0.000149316
1.43166e-97
0.000149316
2.17284e-15
2.71605e-16
-6.8536e-175
2.12191e-18
0.000149316
0.000149316
1.92154e-89
1.53723e-88
0.000149316
-7.26468e-168
2.52952e-25
0.000149316
-7.43959e-165
1.6119e-82
1.54389e-29
0.000149316
0.000149316
1.50771e-32
0.000149316
0.000149316
2.70432e-75
1.84047e-36
0.000149316
0.000149316
0.000149316
-8.17928e-152
0.000149316
-8.28939e-150
0.000149316
0.000149316
-8.45223e-147
1.85839e-64
0.000149316
-8.61205e-144
-8.66461e-143
-8.7168e-142
0.000149316
0.000149316
1.27708e-53
0.000149316
3.99087e-55
1.60882e-54
0.000149316
0.000149316
1.21792e-59
2.61546e-50
0.000149316
0.000149316
0.000149316
1.85839e-64
0.000149316
0.000149316
0.000149316
1.7552e-42
2.80833e-41
2.24666e-40
1.10769e-71
0.000149316
0.000149316
1.08173e-74
0.000149316
0.000149316
0.000149316
-1.00104e-113
2.41233e-31
1.92987e-30
0.000149316
2.47023e-28
1.00744e-83
0.000149316
0.000149316
0.000149316
0.000149316
0.000149316
0.000149316
0.000149316
0.000149316
0.000149316
0.000149316
0.000149316
2.17284e-15
0.000149316
0.000149316
2.22499e-12
0.000149316
0.000149316
0.000149319
-7.2059e-90
0.000149316
0.000151649
0.000167981
0.000151649
2.91633e-07
-6.31778e-184
0.000149319
1.3981e-100
2.23696e-99
0.000149316
0.000149316
0.000149316
0.000149316
2.71605e-16
0.000149316
-6.91247e-174
0.000149316
1.65774e-20
1.92154e-89
1.53723e-88
1.61889e-23
0.000149316
0.000149316
0.000149316
0.000149316
0.000149316
0.000149316
-7.61328e-162
0.000149316
0.000149316
0.000149316
2.3558e-34
1.47237e-35
1.84047e-36
1.73077e-73
0.000149316
2.21538e-71
0.000149316
0.000149316
-8.28939e-150
1.81484e-67
1.37125e-44
1.71407e-45
0.000149316
1.33911e-47
0.000149316
0.000149316
1.30773e-50
-8.76862e-141
2.04333e-52
-8.87109e-139
1.62129e-54
0.000149316
1.59635e-54
2.55416e-53
1.94867e-58
-9.16881e-133
2.61546e-50
2.09237e-49
0.000149316
0.000149316
-9.40532e-128
0.000149316
0.000149316
0.000149316
0.000149316
0.000149316
-9.67486e-122
1.79733e-39
1.38461e-72
-9.80383e-119
0.000149316
-9.8877e-117
0.000149316
0.000149316
0.000149316
-1.00505e-112
1.92987e-30
3.08779e-29
1.6119e-82
0.000149316
0.000149316
1.57412e-85
2.02361e-24
3.23778e-23
0.000149316
0.000149316
0.000149316
2.65239e-19
0.000149316
0.000149316
0.000149316
0.000149316
-7.24099e-96
0.000149316
0.000149316
-7.18514e-93
-7.2066e-92
2.27839e-09
-7.2059e-90
0.000149608
2.33307e-06
1.86645e-05
0.000151649
2.91633e-07
0.000149316
0.000149316
0.000149316
-6.50028e-181
0.000149316
0.000149316
0.000149316
2.17284e-15
2.71605e-16
0.000149316
-6.91245e-174
1.5012e-91
0.000149316
-7.08884e-171
0.000149316
0.000149316
2.02361e-24
0.000149316
1.58095e-26
0.000149316
0.000149316
-7.55552e-163
-7.61326e-162
0.000149316
2.64094e-78
0.000149316
0.000149316
0.000149316
2.16346e-74
0.000149316
0.000149316
0.000149316
0.000149316
0.000149316
0.000149316
0.000149316
1.37125e-44
1.71407e-45
2.14258e-46
0.000149316
1.67389e-48
2.09237e-49
1.30773e-50
0.000149316
0.000149316
1.27708e-53
-8.9217e-138
0.000149316
0.000149316
2.55416e-53
0.000149316
1.63466e-51
2.61546e-50
2.09237e-49
1.18937e-62
2.67823e-47
1.85839e-64
1.1615e-65
0.000149316
-9.542e-125
-9.58671e-124
-9.63098e-123
0.000149316
0.000149316
0.000149316
0.000149316
0.000149316
2.94474e-35
0.000149316
1.05638e-77
-1.00104e-113
0.000149316
0.000149316
0.000149316
0.000149316
0.000149316
0.000149316
0.000149316
0.000149316
0.000149316
2.59022e-22
0.000149316
0.000149316
0.000149316
2.12191e-18
0.000149316
-1.06082e-97
0.000149316
-7.24093e-96
0.000149316
2.22499e-12
-7.1851e-93
-7.20656e-92
0.000149316
-7.20585e-90
0.000149316
2.33307e-06
0.000167981
0.000151649
-6.21059e-185
-6.3177e-184
0.000149316
-6.44136e-182
-6.50023e-181
0.000149316
0.000149316
0.000149316
-6.73573e-177
0.000149316
1.69753e-17
-6.91239e-174
0.000149316
0.000149316
-7.08879e-171
-7.14747e-170
0.000149316
1.96765e-86
-7.32302e-167
0.000149316
0.000149316
0.000149316
0.000149316
-7.61321e-162
1.65059e-79
1.50771e-32
-7.78535e-159
-7.84233e-158
1.47237e-35
0.000149316
2.30058e-37
1.43786e-38
1.79733e-39
-8.17921e-152
-8.23441e-151
0.000149316
0.000149316
1.37125e-44
0.000149316
1.85839e-64
0.000149316
1.67389e-48
1.903e-61
0.000149316
0.000149316
2.04333e-52
-8.87101e-139
2.4943e-56
3.99087e-55
0.000149316
0.000149316
0.000149316
0.000149316
0.000149316
-9.26461e-131
0.000149316
-9.35878e-129
2.14258e-46
0.000149316
2.74251e-44
0.000149316
0.000149316
0.000149316
0.000149316
0.000149316
2.87573e-38
2.30058e-37
1.08173e-74
2.94474e-35
2.3558e-34
0.000149316
1.32047e-78
0.000149316
1.92987e-30
0.000149316
2.47023e-28
0.000149316
-1.02451e-107
-1.02829e-106
0.000149316
3.23778e-23
-1.03943e-103
0.000149316
0.000149316
0.000149316
-1.05381e-99
1.1728e-93
0.000149316
2.17284e-15
-6.09547e-96
-7.13154e-95
-7.16282e-94
0.000149316
0.000149317
2.27839e-09
-7.20576e-90
0.000149316
-1.22453e-88
-2.98826e-187
0.000149316
-6.21052e-185
0.000149316
-6.3819e-183
0.000149316
-6.50015e-181
0.000149316
0.000149316
1.73827e-14
0.000149316
0.000149316
1.69753e-17
0.000149316
0.000149316
1.65774e-20
-7.08871e-171
-7.1474e-170
1.61889e-23
0.000149316
0.000149316
0.000149316
0.000149316
0.000149316
0.000149316
-7.61314e-162
2.41233e-31
0.000149316
1.88464e-33
2.3558e-34
0.000149316
0.000149316
0.000149316
-8.06788e-154
2.21538e-71
1.7723e-70
0.000149316
-8.28925e-150
-8.34385e-149
1.37125e-44
1.71407e-45
2.14258e-46
-8.55898e-145
0.000149316
-8.66446e-143
3.04479e-60
2.43584e-59
0.000149316
0.000149316
0.000149316
0.000149316
0.000149316
-9.07106e-135
0.000149316
1.63466e-51
1.5224e-60
0.000149316
0.000149316
1.48672e-63
0.000149316
0.000149316
-9.49669e-126
0.000149316
1.13427e-68
0.000149316
2.24666e-40
1.79733e-39
0.000149316
-9.80358e-119
-9.84572e-118
0.000149316
0.000149316
0.000149316
0.000149316
0.000149316
1.92987e-30
-1.01293e-110
1.6119e-82
0.000149316
1.2593e-84
-1.02828e-106
0.000149316
1.22978e-87
-1.03941e-103
-1.04306e-102
0.000149316
1.5012e-91
0.000149316
3.39506e-17
0.000149316
0.000149316
0.000149316
0.000149316
0.000149316
3.55998e-11
0.000149317
0.000149319
0.000149316
0.000149316
-1.22452e-88
-2.98821e-187
-5.73849e-186
1.36533e-103
0.000149316
0.000149319
0.000149317
-6.50005e-181
0.000149316
0.000149316
2.29065e-96
0.000149316
2.71605e-16
-6.85334e-175
1.8765e-92
0.000149316
0.000149316
0.000149316
0.000149316
1.61889e-23
-7.26442e-168
0.000149316
0.000149316
1.97618e-27
1.6119e-82
-7.5553e-163
0.000149316
2.41233e-31
0.000149316
0.000149316
-7.84217e-158
1.47237e-35
0.000149316
0.000149316
1.43786e-38
0.000149316
0.000149316
0.000149316
2.26855e-68
0.000149316
0.000149316
1.71407e-45
1.85839e-64
0.000149316
2.37875e-62
1.903e-61
-8.71655e-142
-8.76836e-141
0.000149316
1.55893e-57
1.62129e-54
1.99544e-55
0.000149316
2.55416e-53
1.94867e-58
0.000149316
0.000149316
2.09237e-49
0.000149316
0.000149316
2.14258e-46
0.000149316
0.000149316
0.000149316
1.13427e-68
0.000149316
-9.67448e-122
0.000149316
0.000149316
0.000149316
1.84047e-36
-9.88727e-117
-9.92857e-116
1.88464e-33
0.000149316
-1.005e-112
1.92987e-30
0.000149316
0.000149316
1.97618e-27
0.000149316
0.000149316
2.02361e-24
1.22978e-87
2.59022e-22
0.000149316
0.000149316
0.000149316
2.12191e-18
0.000149316
0.000149316
0.000149316
-7.24032e-96
-7.14538e-95
-7.16243e-94
3.55998e-11
2.84798e-10
-7.2234e-91
-7.20543e-90
0.000149608
-1.22451e-88
1.86645e-05
0.000151649
2.91633e-07
-6.3174e-184
2.27839e-09
2.84798e-10
0.000149316
0.000149316
0.000149316
0.000149316
-6.73541e-177
0.000149316
0.000149316
-6.91208e-174
0.000149316
-7.02973e-172
0.000149316
1.53723e-88
-7.20577e-169
0.000149316
1.57412e-85
1.58095e-26
2.01488e-83
0.000149316
-7.55517e-163
0.000149316
1.65059e-79
0.000149316
0.000149316
0.000149316
1.47237e-35
1.84047e-36
0.000149316
0.000149316
-8.12343e-153
-8.17892e-152
0.000149316
0.000149316
0.000149316
2.90374e-66
0.000149316
0.000149316
0.000149316
2.37875e-62
0.000149316
-8.71642e-142
-8.76823e-141
1.94867e-58
0.000149316
0.000149316
0.000149316
0.000149316
0.000149316
1.94867e-58
0.000149316
2.61546e-50
0.000149316
1.18937e-62
0.000149316
2.14258e-46
0.000149316
1.45187e-66
2.19401e-43
1.7552e-42
2.80833e-41
2.24666e-40
0.000149316
2.87573e-38
1.73077e-73
1.08173e-74
-9.88705e-117
1.6902e-76
1.88464e-33
0.000149316
0.000149316
0.000149316
-1.01288e-110
0.000149316
0.000149316
-1.02445e-107
2.52952e-25
0.000149316
1.22978e-87
0.000149316
0.000149316
-1.04661e-101
2.65239e-19
2.12191e-18
1.1728e-93
2.71605e-16
0.000149316
3.47654e-14
-7.14503e-95
0.000149316
-7.18444e-93
0.000149317
2.27839e-09
0.000149353
0.000149316
0.000149316
-2.98808e-187
1.70667e-104
0.000149316
0.000149335
0.000149319
0.000149316
1.77999e-11
2.22499e-12
0.000149316
1.73827e-14
0.000149316
1.46602e-94
2.34562e-93
2.12191e-18
0.000149316
1.65774e-20
0.000149316
1.53723e-88
1.61889e-23
0.000149316
0.000149316
0.000149316
1.97618e-27
-7.49712e-164
1.54389e-29
1.92987e-30
2.41233e-31
0.000149316
2.11275e-77
2.3558e-34
1.47237e-35
-7.95519e-156
2.30058e-37
-8.06752e-154
1.79733e-39
2.24666e-40
0.000149316
1.7552e-42
0.000149316
0.000149316
-8.45172e-147
0.000149316
0.000149316
0.000149316
2.09237e-49
0.000149316
0.000149316
0.000149316
0.000149316
0.000149316
-8.9714e-137
0.000149316
0.000149316
2.04333e-52
-9.1682e-133
2.61546e-50
1.903e-61
0.000149316
0.000149316
0.000149316
0.000149316
0.000149316
0.000149316
1.13427e-68
1.41784e-69
0.000149316
1.79733e-39
2.87573e-38
1.73077e-73
0.000149316
1.35216e-75
-9.92808e-116
0.000149316
0.000149316
0.000149316
0.000149316
0.000149316
0.000149316
0.000149316
3.1619e-26
2.52952e-25
0.000149316
-1.03565e-104
2.59022e-22
0.000149316
3.31549e-20
2.65239e-19
0.000149316
0.000149316
2.71605e-16
2.17284e-15
-7.23955e-96
0.000149316
2.22499e-12
0.000149316
0.000149316
2.27839e-09
0.000149353
0.000149608
0.000149316
0.000167981
-5.73805e-186
1.36533e-103
0.000149335
0.000149319
0.000149316
0.000149316
2.22499e-12
2.78123e-13
1.73827e-14
0.000149316
1.46602e-94
0.000149316
0.000149316
2.65239e-19
1.65774e-20
0.000149316
1.53723e-88
0.000149316
-7.26396e-168
1.57412e-85
0.000149316
-7.43889e-165
1.6119e-82
1.54389e-29
0.000149316
0.000149316
0.000149316
0.000149316
0.000149316
0.000149316
0.000149316
-8.01132e-155
0.000149316
0.000149316
0.000149316
1.40416e-41
-8.28872e-150
0.000149316
1.37125e-44
0.000149316
0.000149316
2.97343e-63
1.67389e-48
0.000149316
0.000149316
-8.76791e-141
0.000149316
0.000149316
0.000149316
1.99544e-55
0.000149316
2.55416e-53
-9.11943e-134
0.000149316
0.000149316
0.000149316
0.000149316
1.48672e-63
0.000149316
1.71407e-45
0.000149316
0.000149316
0.000149316
0.000149316
0.000149316
0.000149316
2.87573e-38
0.000149316
0.000149316
0.000149316
1.6902e-76
1.88464e-33
-1.00091e-113
0.000149316
1.92987e-30
0.000149316
2.47023e-28
1.00744e-83
0.000149316
0.000149316
2.02361e-24
0.000149316
2.59022e-22
2.07218e-21
3.31549e-20
0.000149316
2.12191e-18
0.000149316
0.000149316
0.000149316
3.47654e-14
0.000149316
0.000149316
0.000149316
2.84798e-10
-7.22251e-91
-7.20453e-90
0.000149608
0.000151649
0.000167981
0.000149316
1.36533e-103
1.82271e-08
0.000149319
0.000149317
1.77999e-11
2.22499e-12
0.000149316
0.000149316
0.000149316
2.71605e-16
0.000149316
0.000149316
0.000149316
1.65774e-20
1.92154e-89
0.000149316
1.61889e-23
2.02361e-24
1.57412e-85
1.58095e-26
1.97618e-27
0.000149316
0.000149316
0.000149316
0.000149316
0.000149316
-7.78455e-159
2.3558e-34
0.000149316
0.000149316
0.000149316
1.43786e-38
2.21538e-71
0.000149316
0.000149316
0.000149316
0.000149316
0.000149316
-8.45137e-147
0.000149316
1.33911e-47
0.000149316
-8.66372e-143
0.000149316
1.63466e-51
0.000149316
1.55893e-57
1.59635e-54
0.000149316
1.60882e-54
0.000149316
-9.11921e-134
-9.16777e-133
0.000149316
-9.26362e-131
0.000149316
0.000149316
2.14258e-46
0.000149316
0.000149316
0.000149316
1.7552e-42
0.000149316
0.000149316
1.79733e-39
0.000149316
0.000149316
0.000149316
0.000149316
2.3558e-34
-9.96827e-115
0.000149316
1.65059e-79
1.92987e-30
0.000149316
1.6119e-82
0.000149316
1.2593e-84
-1.02811e-106
0.000149316
0.000149316
0.000149316
2.07218e-21
0.000149316
0.000149316
0.000149316
-1.0571e-98
2.71605e-16
0.000149316
0.000149316
2.78123e-13
0.000149316
0.000149316
0.000149317
0.000149316
3.64542e-08
0.000149316
2.33307e-06
0.000149316
0.000149316
2.91633e-07
1.82271e-08
0.000149319
-6.44022e-182
0.000149316
1.78957e-98
2.78123e-13
0.000149316
2.17284e-15
-6.79349e-176
0.000149316
0.000149316
0.000149316
1.65774e-20
-7.08768e-171
1.53723e-88
0.000149316
-7.26352e-168
0.000149316
1.58095e-26
-7.43846e-165
0.000149316
1.54389e-29
0.000149316
0.000149316
-7.72714e-160
-7.78434e-159
2.3558e-34
0.000149316
1.84047e-36
0.000149316
-8.06695e-154
0.000149316
2.24666e-40
-8.23342e-151
0.000149316
-8.34293e-149
0.000149316
-8.45116e-147
2.14258e-46
0.000149316
1.67389e-48
0.000149316
1.30773e-50
-8.76749e-141
0.000149316
1.27724e-53
1.59635e-54
1.99544e-55
0.000149316
2.55431e-53
0.000149316
1.63466e-51
0.000149316
0.000149316
1.67389e-48
-9.35747e-129
0.000149316
0.000149316
-9.49538e-126
0.000149316
1.13427e-68
2.80833e-41
0.000149316
1.79733e-39
2.87573e-38
0.000149316
1.84047e-36
2.94474e-35
2.3558e-34
0.000149316
3.01542e-32
0.000149316
0.000149316
0.000149316
2.47023e-28
1.00744e-83
0.000149316
0.000149316
0.000149316
0.000149316
0.000149316
2.07218e-21
0.000149316
0.000149316
-1.05352e-99
0.000149316
0.000149316
0.000149316
-6.09245e-96
-7.14279e-95
0.000149316
0.000149316
2.84798e-10
0.000149316
3.64542e-08
2.91633e-07
-1.22435e-88
0.000149316
1.70667e-104
0.000149316
1.82271e-08
0.000149319
0.000149317
-6.49879e-181
1.78957e-98
-6.6165e-179
2.29065e-96
2.17284e-15
0.000149316
1.69753e-17
0.000149316
0.000149316
-7.02865e-172
2.07218e-21
-7.1461e-170
1.61889e-23
-7.26325e-168
2.52952e-25
0.000149316
1.97618e-27
1.6119e-82
0.000149316
0.000149316
-7.6695e-161
0.000149316
0.000149316
-7.84109e-158
0.000149316
-7.95439e-156
1.73077e-73
0.000149316
2.21538e-71
-8.17799e-152
-8.23319e-151
1.7552e-42
2.19401e-43
1.37125e-44
1.71407e-45
2.14258e-46
0.000149316
0.000149316
0.000149316
0.000149316
1.63466e-51
0.000149316
0.000149316
0.000149316
0.000149316
1.24715e-56
0.000149316
-9.11869e-134
0.000149316
-9.21537e-132
0.000149316
1.18937e-62
0.000149316
2.14258e-46
3.42813e-45
0.000149316
2.19401e-43
0.000149316
1.41784e-69
0.000149316
0.000149316
2.87573e-38
-9.80158e-119
0.000149316
1.35216e-75
2.3558e-34
0.000149316
0.000149316
0.000149316
1.92987e-30
0.000149316
0.000149316
1.00744e-83
-1.02422e-107
0.000149316
-1.03173e-105
1.22978e-87
-1.03911e-103
-1.04274e-102
3.31549e-20
2.65239e-19
9.3825e-93
3.39506e-17
0.000149316
0.000149316
-7.23699e-96
2.78123e-13
0.000149316
0.000149316
-7.20379e-92
2.27839e-09
0.000149353
0.000149608
2.33307e-06
0.000149316
0.000149316
0.000149316
0.000149316
-6.3802e-183
0.000149316
1.77999e-11
1.78957e-98
0.000149316
-6.67506e-178
-6.73397e-177
2.71605e-16
-6.85178e-175
0.000149316
0.000149316
1.65774e-20
-7.0871e-171
0.000149316
0.000149316
-7.26296e-168
2.52952e-25
1.58095e-26
1.97618e-27
-7.49598e-164
1.54389e-29
0.000149316
0.000149316
0.000149316
0.000149316
1.6902e-76
0.000149316
1.84047e-36
-8.01043e-155
1.43786e-38
0.000149316
2.24666e-40
0.000149316
0.000149316
1.81484e-67
0.000149316
0.000149316
-8.50429e-146
-8.55756e-145
0.000149316
0.000149316
-8.71519e-142
1.63466e-51
0.000149316
1.55893e-57
1.59635e-54
0.000149316
0.000149316
2.55431e-53
0.000149316
0.000149316
2.61546e-50
2.09237e-49
0.000149316
2.67823e-47
0.000149316
0.000149316
0.000149316
0.000149316
1.13427e-68
1.41784e-69
0.000149316
0.000149316
2.87573e-38
0.000149316
0.000149316
2.94474e-35
1.6902e-76
1.05638e-77
1.32047e-78
2.41233e-31
1.92987e-30
0.000149316
1.6119e-82
-1.02035e-108
0.000149316
2.52952e-25
9.83826e-87
3.23778e-23
0.000149316
9.60768e-90
-1.04627e-101
0.000149316
-1.05337e-99
1.1728e-93
-1.06035e-97
2.17284e-15
-6.09077e-96
0.000149316
-7.15959e-94
0.000149316
0.000149316
2.27839e-09
-7.20241e-90
-6.63672e-89
-1.22425e-88
1.86645e-05
-5.73668e-186
0.000149316
0.000149316
-6.37982e-183
-6.4392e-182
0.000149316
0.000149316
2.78123e-13
0.000149316
0.000149316
1.46602e-94
0.000149316
2.12191e-18
1.5012e-91
1.65774e-20
-7.08676e-171
2.59022e-22
2.45957e-87
-7.26263e-168
0.000149316
2.51859e-84
0.000149316
0.000149316
-7.5536e-163
0.000149316
1.65059e-79
1.50771e-32
0.000149316
-7.84055e-158
1.47237e-35
-7.95386e-156
0.000149316
-8.0662e-154
1.79733e-39
2.24666e-40
1.40416e-41
1.7552e-42
0.000149316
2.90374e-66
1.71407e-45
0.000149316
0.000149316
0.000149316
0.000149316
0.000149316
0.000149316
0.000149316
0.000149316
1.59635e-54
0.000149316
1.24715e-56
-9.06912e-135
2.04333e-52
0.000149316
0.000149316
2.09237e-49
0.000149316
-9.35648e-129
2.14258e-46
0.000149316
2.74251e-44
2.19401e-43
0.000149316
1.41784e-69
0.000149316
0.000149316
0.000149316
0.000149316
1.84047e-36
1.35216e-75
2.3558e-34
0.000149316
0.000149316
2.41233e-31
0.000149316
0.000149316
0.000149316
1.97618e-27
-1.02409e-107
1.57412e-85
2.02361e-24
0.000149316
-1.03895e-103
0.000149316
-1.04618e-101
0.000149316
0.000149316
-1.05678e-98
0.000149316
2.17284e-15
-7.23508e-96
-7.12573e-95
-7.1588e-94
3.55998e-11
0.000149317
0.000149319
-7.20167e-90
-6.63605e-89
0.000151649
0.000149316
-5.73628e-186
0.000149316
0.000149335
2.27839e-09
0.000149316
1.77999e-11
-6.55649e-180
0.000149316
0.000149316
0.000149316
1.46602e-94
0.000149316
2.12191e-18
0.000149316
1.65774e-20
2.07218e-21
1.53723e-88
0.000149316
0.000149316
-7.32073e-167
0.000149316
2.01488e-83
0.000149316
0.000149316
0.000149316
-7.66863e-161
1.50771e-32
2.11275e-77
0.000149316
0.000149316
-7.95357e-156
2.30058e-37
0.000149316
0.000149316
-8.17718e-152
-8.23239e-151
1.7552e-42
0.000149316
-8.39618e-148
2.32299e-65
0.000149316
1.33911e-47
1.67389e-48
0.000149316
1.30773e-50
1.63466e-51
-8.81781e-140
1.55893e-57
-8.91943e-138
0.000149316
0.000149316
2.55416e-53
0.000149316
3.26932e-51
-9.21439e-132
2.09237e-49
0.000149316
-9.35611e-129
0.000149316
0.000149316
0.000149316
-9.53895e-125
0.000149316
0.000149316
-9.6715e-122
0.000149316
2.87573e-38
0.000149316
0.000149316
1.35216e-75
0.000149316
0.000149316
-1.00061e-113
-1.00461e-112
0.000149316
0.000149316
0.000149316
0.000149316
3.1619e-26
0.000149316
-1.03151e-105
-1.0352e-104
0.000149316
0.000149316
0.000149316
0.000149316
0.000149316
0.000149316
0.000149316
8.09901e-96
-7.23395e-96
0.000149316
0.000149316
0.000149316
2.84798e-10
-7.21883e-91
-7.20083e-90
0.000149608
-1.22411e-88
0.000149316
0.000151649
0.000149608
-6.31463e-184
1.74763e-101
0.000149317
-6.49716e-181
0.000149316
1.43166e-97
0.000149316
2.17284e-15
0.000149316
0.000149316
1.8765e-92
0.000149316
1.65774e-20
-7.08599e-171
0.000149316
-7.20335e-169
2.02361e-24
0.000149316
1.58095e-26
0.000149316
0.000149316
0.000149316
-7.61071e-162
0.000149316
0.000149316
0.000149316
0.000149316
1.47237e-35
1.84047e-36
0.000149316
-8.06563e-154
-8.12141e-153
2.24666e-40
-8.23212e-151
0.000149316
1.81484e-67
-8.39592e-148
-8.44987e-147
1.85839e-64
1.33911e-47
0.000149316
-8.6622e-143
0.000149316
0.000149316
-8.81757e-140
1.27724e-53
0.000149316
3.99087e-55
1.24715e-56
1.55893e-57
0.000149316
-9.16604e-133
0.000149316
-9.26181e-131
1.18937e-62
1.48672e-63
1.85839e-64
0.000149316
0.000149316
-9.53868e-125
0.000149316
2.80833e-41
-9.6712e-122
1.79733e-39
0.000149316
2.30058e-37
-9.84183e-118
0.000149316
0.000149316
1.88464e-33
1.32047e-78
0.000149316
0.000149316
0.000149316
1.6119e-82
0.000149316
0.000149316
-1.02772e-106
2.02361e-24
3.23778e-23
0.000149316
2.07218e-21
-1.04602e-101
-1.04958e-100
0.000149316
-1.0566e-98
0.000149316
0.000149316
0.000149316
-7.12372e-95
0.000149316
-7.17961e-93
0.000149317
0.000149316
3.64542e-08
-6.63474e-89
2.33307e-06
0.000167981
-5.73532e-186
0.000149316
1.82271e-08
0.000149316
0.000149316
1.77999e-11
0.000149316
-6.61439e-179
1.73827e-14
-6.73224e-177
-6.79119e-176
0.000149316
0.000149316
2.65239e-19
0.000149316
0.000149316
0.000149316
0.000149316
-7.26157e-168
-7.32005e-167
0.000149316
0.000149316
0.000149316
1.54389e-29
1.92987e-30
0.000149316
1.50771e-32
0.000149316
1.6902e-76
1.47237e-35
1.84047e-36
0.000149316
0.000149316
-8.12168e-153
0.000149316
-8.23253e-151
1.7552e-42
0.000149316
1.37125e-44
0.000149316
0.000149316
0.000149316
2.37875e-62
2.09237e-49
0.000149316
1.63466e-51
0.000149316
0.000149316
2.4943e-56
0.000149316
1.59635e-54
2.55431e-53
2.04333e-52
1.63466e-51
0.000149316
-9.26457e-131
3.34779e-48
0.000149316
0.000149316
0.000149316
2.74251e-44
-9.54249e-125
0.000149316
2.80833e-41
0.000149316
1.79733e-39
0.000149316
0.000149316
1.08173e-74
2.94474e-35
2.3558e-34
1.05638e-77
-1.00118e-113
1.65059e-79
1.03162e-80
0.000149316
0.000149316
1.00744e-83
1.2593e-84
0.000149316
0.000149316
0.000149316
2.59022e-22
0.000149316
0.000149316
-1.0505e-100
0.000149316
-1.05757e-98
0.000149316
2.17284e-15
-7.24357e-96
0.000149316
0.000149316
0.000149316
-7.20866e-92
2.27839e-09
-7.2082e-90
0.000149608
0.000151649
0.000149316
0.000151649
-6.20646e-185
1.82271e-08
2.27839e-09
1.3981e-100
0.000149316
0.000149316
0.000149316
1.73827e-14
-6.73184e-177
1.46602e-94
0.000149316
0.000149316
0.000149316
1.65774e-20
0.000149316
0.000149316
0.000149316
2.02361e-24
0.000149316
0.000149316
0.000149316
-7.49663e-164
0.000149316
0.000149316
0.000149316
0.000149316
0.000149316
1.6902e-76
-7.90251e-157
-7.95989e-156
2.30058e-37
0.000149316
0.000149316
0.000149316
2.83569e-69
1.7552e-42
-8.3561e-149
2.90374e-66
0.000149316
2.14258e-46
1.33911e-47
0.000149316
0.000149316
1.30773e-50
1.63466e-51
1.94867e-58
0.000149316
0.000149316
-9.00676e-137
0.000149316
-9.111e-135
0.000149316
1.21792e-59
-9.26488e-132
0.000149316
-9.36577e-130
2.67823e-47
0.000149316
-9.5145e-127
-9.56337e-126
0.000149316
0.000149316
1.41784e-69
2.24666e-40
1.79733e-39
0.000149316
2.30058e-37
-9.94169e-118
-9.9874e-117
0.000149316
-1.00778e-114
0.000149316
1.65059e-79
1.92987e-30
0.000149316
2.47023e-28
1.97618e-27
3.1619e-26
1.57412e-85
9.83826e-87
-1.05101e-104
0.000149316
2.07218e-21
3.31549e-20
2.65239e-19
2.12191e-18
0.000149316
2.71605e-16
-1.08346e-96
-7.43795e-96
-7.27663e-95
2.22499e-12
0.000149316
-7.35196e-92
0.000149319
-7.3576e-90
2.91633e-07
0.000149316
1.86645e-05
0.000151649
0.000149608
-6.31312e-184
0.000149319
-6.4368e-182
2.23696e-99
0.000149316
0.000149316
-6.67247e-178
0.000149316
0.000149316
1.69753e-17
-6.90846e-174
1.5012e-91
2.40192e-90
0.000149316
2.59022e-22
-7.20323e-169
0.000149316
0.000149316
1.58095e-26
0.000149316
2.47023e-28
0.000149316
0.000149316
0.000149316
-7.73035e-160
2.11275e-77
2.3558e-34
0.000149316
-7.96213e-156
2.30058e-37
0.000149316
0.000149316
2.24666e-40
1.40416e-41
-8.30574e-150
0.000149316
0.000149316
0.000149316
1.85839e-64
2.97343e-63
2.37875e-62
1.903e-61
0.000149316
0.000149316
0.000149316
0.000149316
1.59635e-54
3.99087e-55
0.000149316
1.55893e-57
0.000149316
0.000149316
2.61546e-50
2.09237e-49
0.000149316
2.67823e-47
0.000149316
1.71407e-45
0.000149316
0.000149316
0.000149316
0.000149316
1.7723e-70
0.000149316
-9.92229e-120
0.000149316
0.000149316
0.000149316
-1.0124e-115
-1.01739e-114
3.01542e-32
1.65059e-79
1.92987e-30
0.000149316
2.47023e-28
0.000149316
1.2593e-84
0.000149316
2.02361e-24
0.000149316
0.000149316
-1.0761e-102
0.000149316
1.5012e-91
0.000149316
-1.09524e-98
-1.10001e-97
0.000149316
0.000149316
0.000149316
-7.45961e-94
-7.49113e-93
-7.52196e-92
0.000149319
-7.53849e-90
0.000149608
0.000149316
2.13333e-105
0.000151649
-6.19975e-185
0.000149316
2.27839e-09
-6.43016e-182
1.77999e-11
1.78957e-98
1.43166e-97
2.29065e-96
2.17284e-15
0.000149316
0.000149316
0.000149316
2.65239e-19
0.000149316
0.000149316
-7.13661e-170
0.000149316
-7.25418e-168
1.57412e-85
0.000149316
1.97618e-27
-7.48867e-164
1.54389e-29
1.92987e-30
0.000149316
0.000149316
-7.78007e-159
-7.83806e-158
-7.89595e-157
2.16346e-74
0.000149316
0.000149316
1.79733e-39
0.000149316
1.40416e-41
0.000149316
-8.35475e-149
2.90374e-66
0.000149316
-8.52459e-146
0.000149316
0.000149316
0.000149316
-8.74902e-142
1.63466e-51
2.04333e-52
-8.91579e-139
0.000149316
1.99544e-55
-9.08123e-136
2.55416e-53
-9.19079e-134
0.000149316
0.000149316
2.09237e-49
1.18937e-62
2.67823e-47
2.14258e-46
1.71407e-45
0.000149316
0.000149316
-9.73068e-124
1.41784e-69
0.000149316
1.79733e-39
-9.94355e-120
2.30058e-37
0.000149316
0.000149316
1.6902e-76
0.000149316
0.000149316
-1.03134e-112
1.92987e-30
0.000149316
2.47023e-28
1.97618e-27
1.2593e-84
1.57412e-85
2.02361e-24
-1.07348e-104
0.000149316
9.60768e-90
3.31549e-20
0.000149316
0.000149316
0.000149316
0.000149316
2.17284e-15
-7.77606e-96
0.000149316
0.000149316
0.000149316
-7.61703e-92
0.000149319
-7.64232e-90
0.000149608
0.000149316
1.86645e-05
-5.45662e-186
0.000149608
0.000149335
2.27839e-09
0.000149316
0.000149316
-6.23755e-180
1.43166e-97
1.73827e-14
-6.40542e-177
0.000149316
1.69753e-17
2.12191e-18
0.000149316
1.65774e-20
0.000149316
0.000149316
2.45957e-87
0.000149316
0.000149316
-7.02044e-166
0.000149316
-7.13174e-164
-7.18728e-163
2.06323e-80
0.000149316
0.000149316
0.000149316
2.3558e-34
1.47237e-35
0.000149316
0.000149316
1.43786e-38
0.000149316
1.7723e-70
0.000149316
0.000149316
-7.95508e-149
0.000149316
1.71407e-45
0.000149316
1.33911e-47
2.37875e-62
-8.27719e-143
-8.33044e-142
-8.38355e-141
0.000149316
1.27708e-53
-8.54215e-138
1.99544e-55
-8.64728e-136
1.55893e-57
0.000149316
0.000149316
0.000149316
0.000149316
-8.96001e-130
0.000149316
0.000149316
0.000149316
1.45187e-66
0.000149316
0.000149316
-9.32087e-123
2.24666e-40
0.000149316
1.38461e-72
-9.52591e-119
1.84047e-36
0.000149316
0.000149316
0.000149316
3.01542e-32
0.000149316
0.000149316
1.28952e-81
0.000149316
1.97618e-27
-1.00905e-107
0.000149316
0.000149316
0.000149316
2.59022e-22
0.000149316
1.20096e-90
-1.04548e-100
0.000149316
3.39506e-17
0.000149316
0.000149316
0.000149316
0.000149316
2.22499e-12
-7.25392e-93
-7.28949e-92
2.27839e-09
0.000149316
-6.7754e-89
2.33307e-06
)
;

boundaryField
{
    fuel
    {
        type            calculated;
        value           uniform 0;
    }
    air
    {
        type            calculated;
        value           uniform 0;
    }
    outlet
    {
        type            calculated;
        value           uniform 0;
    }
    frontAndBack
    {
        type            empty;
    }
}


// ************************************************************************* //
