/*--------------------------------*- C++ -*----------------------------------*\
| =========                 |                                                 |
| \\      /  F ield         | OpenFOAM: The Open Source CFD Toolbox           |
|  \\    /   O peration     | Version:  2406                                  |
|   \\  /    A nd           | Website:  www.openfoam.com                      |
|    \\/     M anipulation  |                                                 |
\*---------------------------------------------------------------------------*/
FoamFile
{
    version     2.0;
    format      ascii;
    arch        "LSB;label=32;scalar=64";
    class       volScalarField;
    location    "2.64e-05";
    object      T;
}
// * * * * * * * * * * * * * * * * * * * * * * * * * * * * * * * * * * * * * //

dimensions      [0 0 0 1 0 0 0];

internalField   nonuniform List<scalar> 
4000
(
1594.93
1917.94
1974.31
1979.99
1978.46
1976.39
1974.58
1973.02
1971.67
1970.48
1969.43
1968.49
1967.64
1966.87
1966.17
1965.53
1964.94
1964.39
1963.89
1963.43
1963
1962.6
1962.24
1961.9
1961.59
1961.3
1961.03
1960.78
1960.56
1960.35
1960.16
1959.99
1959.83
1959.69
1959.56
1959.45
1959.35
1959.27
1959.2
1959.14
1959.09
1959.06
1959.04
1959.04
1959.04
1959.06
1959.09
1959.14
1959.19
1959.26
1959.34
1959.44
1959.54
1959.66
1959.8
1959.94
1960.11
1960.28
1960.48
1960.68
1960.91
1961.15
1961.41
1961.68
1961.98
1962.29
1962.63
1962.99
1963.37
1963.78
1964.21
1964.67
1965.16
1965.68
1966.23
1966.82
1967.45
1968.12
1968.84
1969.61
1970.43
1971.31
1972.25
1973.27
1974.37
1975.56
1976.86
1978.28
1979.83
1981.55
1983.47
1985.62
1988.06
1990.87
1994.18
1998.11
2002.35
2002.68
1969.21
1738.34
1580.28
1915.89
1984.69
1996.65
1998.52
1998.76
1998.75
1998.71
1998.67
1998.64
1998.61
1998.58
1998.55
1998.52
1998.5
1998.48
1998.47
1998.45
1998.44
1998.43
1998.41
1998.4
1998.39
1998.38
1998.37
1998.36
1998.35
1998.35
1998.34
1998.33
1998.33
1998.32
1998.32
1998.31
1998.31
1998.31
1998.3
1998.3
1998.3
1998.3
1998.3
1998.29
1998.29
1998.29
1998.29
1998.29
1998.3
1998.3
1998.3
1998.3
1998.3
1998.31
1998.31
1998.31
1998.32
1998.32
1998.33
1998.33
1998.34
1998.34
1998.35
1998.36
1998.37
1998.37
1998.38
1998.39
1998.4
1998.41
1998.43
1998.44
1998.45
1998.46
1998.48
1998.5
1998.51
1998.53
1998.55
1998.57
1998.59
1998.61
1998.64
1998.66
1998.69
1998.72
1998.75
1998.79
1998.83
1998.87
1998.92
1998.97
1999.02
1999.08
1999.15
1999.23
1999.28
1999.1
1997.48
1987.66
1935.4
1685.35
1580.09
1915.59
1985.13
1997.52
1999.57
1999.89
1999.94
1999.95
1999.95
1999.95
1999.95
1999.95
1999.95
1999.94
1999.94
1999.94
1999.94
1999.94
1999.94
1999.94
1999.94
1999.94
1999.94
1999.94
1999.94
1999.94
1999.94
1999.94
1999.94
1999.94
1999.94
1999.94
1999.94
1999.94
1999.94
1999.94
1999.94
1999.94
1999.94
1999.94
1999.94
1999.94
1999.94
1999.94
1999.94
1999.94
1999.94
1999.94
1999.94
1999.94
1999.94
1999.94
1999.94
1999.94
1999.94
1999.94
1999.94
1999.94
1999.94
1999.94
1999.94
1999.94
1999.94
1999.94
1999.94
1999.94
1999.94
1999.94
1999.94
1999.94
1999.94
1999.94
1999.94
1999.94
1999.94
1999.94
1999.95
1999.95
1999.95
1999.95
1999.95
1999.95
1999.95
1999.95
1999.95
1999.95
1999.95
1999.95
1999.96
1999.96
1999.96
1999.96
1999.96
1999.96
1999.9
1999.58
1997.68
1987.25
1934.08
1684.25
1580.02
1915.33
1985.01
1997.51
1999.6
1999.94
1999.99
2000
2000
2000
2000
2000
2000
2000
2000
2000
2000
2000
2000
2000
2000
2000
2000
2000
2000
2000
2000
2000
2000
2000
2000
2000
2000
2000
2000
2000
2000
2000
2000
2000
2000
2000
2000
2000
2000
2000
2000
2000
2000
2000
2000
2000
2000
2000
2000
2000
2000
2000
2000
2000
2000
2000
2000
2000
2000
2000
2000
2000
2000
2000
2000
2000
2000
2000
2000
2000
2000
2000
2000
2000
2000
2000
2000
2000
2000
2000
2000
2000
2000
2000
2000
2000
2000
1999.99
1999.93
1999.59
1997.63
1987.07
1933.74
1684.12
1579.98
1915.19
1984.94
1997.49
1999.6
1999.94
1999.99
2000
2000
2000
2000
2000
2000
2000
2000
2000
2000
2000
2000
2000
2000
2000
2000
2000
2000
2000
2000
2000
2000
2000
2000
2000
2000
2000
2000
2000
2000
2000
2000
2000
2000
2000
2000
2000
2000
2000
2000
2000
2000
2000
2000
2000
2000
2000
2000
2000
2000
2000
2000
2000
2000
2000
2000
2000
2000
2000
2000
2000
2000
2000
2000
2000
2000
2000
2000
2000
2000
2000
2000
2000
2000
2000
2000
2000
2000
2000
2000
2000
2000
2000
2000
2000
2000
1999.99
1999.93
1999.58
1997.6
1986.97
1933.56
1684.06
1579.96
1915.11
1984.89
1997.48
1999.59
1999.94
1999.99
2000
2000
2000
2000
2000
2000
2000
2000
2000
2000
2000
2000
2000
2000
2000
2000
2000
2000
2000
2000
2000
2000
2000
2000
2000
2000
2000
2000
2000
2000
2000
2000
2000
2000
2000
2000
2000
2000
2000
2000
2000
2000
2000
2000
2000
2000
2000
2000
2000
2000
2000
2000
2000
2000
2000
2000
2000
2000
2000
2000
2000
2000
2000
2000
2000
2000
2000
2000
2000
2000
2000
2000
2000
2000
2000
2000
2000
2000
2000
2000
2000
2000
2000
2000
2000
2000
1999.99
1999.93
1999.57
1997.58
1986.91
1933.46
1684.03
1579.95
1915.05
1984.87
1997.47
1999.59
1999.94
1999.99
2000
2000
2000
2000
2000
2000
2000
2000
2000
2000
2000
2000
2000
2000
2000
2000
2000
2000
2000
2000
2000
2000
2000
2000
2000
2000
2000
2000
2000
2000
2000
2000
2000
2000
2000
2000
2000
2000
2000
2000
2000
2000
2000
2000
2000
2000
2000
2000
2000
2000
2000
2000
2000
2000
2000
2000
2000
2000
2000
2000
2000
2000
2000
2000
2000
2000
2000
2000
2000
2000
2000
2000
2000
2000
2000
2000
2000
2000
2000
2000
2000
2000
2000
2000
2000
2000
1999.99
1999.93
1999.57
1997.56
1986.87
1933.39
1684.01
1579.94
1915.02
1984.85
1997.46
1999.59
1999.94
1999.99
2000
2000
2000
2000
2000
2000
2000
2000
2000
2000
2000
2000
2000
2000
2000
2000
2000
2000
2000
2000
2000
2000
2000
2000
2000
2000
2000
2000
2000
2000
2000
2000
2000
2000
2000
2000
2000
2000
2000
2000
2000
2000
2000
2000
2000
2000
2000
2000
2000
2000
2000
2000
2000
2000
2000
2000
2000
2000
2000
2000
2000
2000
2000
2000
2000
2000
2000
2000
2000
2000
2000
2000
2000
2000
2000
2000
2000
2000
2000
2000
2000
2000
2000
2000
2000
2000
1999.99
1999.92
1999.56
1997.55
1986.85
1933.35
1684
1579.93
1914.99
1984.83
1997.46
1999.59
1999.93
1999.99
2000
2000
2000
2000
2000
2000
2000
2000
2000
2000
2000
2000
2000
2000
2000
2000
2000
2000
2000
2000
2000
2000
2000
2000
2000
2000
2000
2000
2000
2000
2000
2000
2000
2000
2000
2000
2000
2000
2000
2000
2000
2000
2000
2000
2000
2000
2000
2000
2000
2000
2000
2000
2000
2000
2000
2000
2000
2000
2000
2000
2000
2000
2000
2000
2000
2000
2000
2000
2000
2000
2000
2000
2000
2000
2000
2000
2000
2000
2000
2000
2000
2000
2000
2000
2000
2000
1999.99
1999.92
1999.56
1997.54
1986.83
1933.32
1683.99
1579.93
1914.98
1984.82
1997.45
1999.59
1999.93
1999.99
2000
2000
2000
2000
2000
2000
2000
2000
2000
2000
2000
2000
2000
2000
2000
2000
2000
2000
2000
2000
2000
2000
2000
2000
2000
2000
2000
2000
2000
2000
2000
2000
2000
2000
2000
2000
2000
2000
2000
2000
2000
2000
2000
2000
2000
2000
2000
2000
2000
2000
2000
2000
2000
2000
2000
2000
2000
2000
2000
2000
2000
2000
2000
2000
2000
2000
2000
2000
2000
2000
2000
2000
2000
2000
2000
2000
2000
2000
2000
2000
2000
2000
2000
2000
2000
2000
1999.99
1999.92
1999.56
1997.54
1986.81
1933.3
1683.99
1579.93
1914.96
1984.81
1997.45
1999.59
1999.93
1999.99
2000
2000
2000
2000
2000
2000
2000
2000
2000
2000
2000
2000
2000
2000
2000
2000
2000
2000
2000
2000
2000
2000
2000
2000
2000
2000
2000
2000
2000
2000
2000
2000
2000
2000
2000
2000
2000
2000
2000
2000
2000
2000
2000
2000
2000
2000
2000
2000
2000
2000
2000
2000
2000
2000
2000
2000
2000
2000
2000
2000
2000
2000
2000
2000
2000
2000
2000
2000
2000
2000
2000
2000
2000
2000
2000
2000
2000
2000
2000
2000
2000
2000
2000
2000
2000
2000
1999.99
1999.92
1999.56
1997.54
1986.8
1933.28
1683.98
1579.93
1914.95
1984.81
1997.45
1999.59
1999.93
1999.99
2000
2000
2000
2000
2000
2000
2000
2000
2000
2000
2000
2000
2000
2000
2000
2000
2000
2000
2000
2000
2000
2000
2000
2000
2000
2000
2000
2000
2000
2000
2000
2000
2000
2000
2000
2000
2000
2000
2000
2000
2000
2000
2000
2000
2000
2000
2000
2000
2000
2000
2000
2000
2000
2000
2000
2000
2000
2000
2000
2000
2000
2000
2000
2000
2000
2000
2000
2000
2000
2000
2000
2000
2000
2000
2000
2000
2000
2000
2000
2000
2000
2000
2000
2000
2000
2000
1999.99
1999.92
1999.56
1997.53
1986.79
1933.26
1683.98
1579.93
1914.94
1984.8
1997.45
1999.58
1999.93
1999.99
2000
2000
2000
2000
2000
2000
2000
2000
2000
2000
2000
2000
2000
2000
2000
2000
2000
2000
2000
2000
2000
2000
2000
2000
2000
2000
2000
2000
2000
2000
2000
2000
2000
2000
2000
2000
2000
2000
2000
2000
2000
2000
2000
2000
2000
2000
2000
2000
2000
2000
2000
2000
2000
2000
2000
2000
2000
2000
2000
2000
2000
2000
2000
2000
2000
2000
2000
2000
2000
2000
2000
2000
2000
2000
2000
2000
2000
2000
2000
2000
2000
2000
2000
2000
2000
2000
1999.99
1999.92
1999.56
1997.53
1986.79
1933.25
1683.98
1579.93
1914.94
1984.8
1997.44
1999.58
1999.93
1999.99
2000
2000
2000
2000
2000
2000
2000
2000
2000
2000
2000
2000
2000
2000
2000
2000
2000
2000
2000
2000
2000
2000
2000
2000
2000
2000
2000
2000
2000
2000
2000
2000
2000
2000
2000
2000
2000
2000
2000
2000
2000
2000
2000
2000
2000
2000
2000
2000
2000
2000
2000
2000
2000
2000
2000
2000
2000
2000
2000
2000
2000
2000
2000
2000
2000
2000
2000
2000
2000
2000
2000
2000
2000
2000
2000
2000
2000
2000
2000
2000
2000
2000
2000
2000
2000
2000
1999.99
1999.92
1999.56
1997.53
1986.78
1933.25
1683.98
1579.93
1914.93
1984.8
1997.44
1999.58
1999.93
1999.99
2000
2000
2000
2000
2000
2000
2000
2000
2000
2000
2000
2000
2000
2000
2000
2000
2000
2000
2000
2000
2000
2000
2000
2000
2000
2000
2000
2000
2000
2000
2000
2000
2000
2000
2000
2000
2000
2000
2000
2000
2000
2000
2000
2000
2000
2000
2000
2000
2000
2000
2000
2000
2000
2000
2000
2000
2000
2000
2000
2000
2000
2000
2000
2000
2000
2000
2000
2000
2000
2000
2000
2000
2000
2000
2000
2000
2000
2000
2000
2000
2000
2000
2000
2000
2000
2000
1999.99
1999.92
1999.56
1997.53
1986.78
1933.24
1683.98
1579.93
1914.93
1984.8
1997.44
1999.58
1999.93
1999.99
2000
2000
2000
2000
2000
2000
2000
2000
2000
2000
2000
2000
2000
2000
2000
2000
2000
2000
2000
2000
2000
2000
2000
2000
2000
2000
2000
2000
2000
2000
2000
2000
2000
2000
2000
2000
2000
2000
2000
2000
2000
2000
2000
2000
2000
2000
2000
2000
2000
2000
2000
2000
2000
2000
2000
2000
2000
2000
2000
2000
2000
2000
2000
2000
2000
2000
2000
2000
2000
2000
2000
2000
2000
2000
2000
2000
2000
2000
2000
2000
2000
2000
2000
2000
2000
2000
1999.99
1999.92
1999.55
1997.53
1986.78
1933.24
1683.98
1579.93
1914.93
1984.8
1997.44
1999.58
1999.93
1999.99
2000
2000
2000
2000
2000
2000
2000
2000
2000
2000
2000
2000
2000
2000
2000
2000
2000
2000
2000
2000
2000
2000
2000
2000
2000
2000
2000
2000
2000
2000
2000
2000
2000
2000
2000
2000
2000
2000
2000
2000
2000
2000
2000
2000
2000
2000
2000
2000
2000
2000
2000
2000
2000
2000
2000
2000
2000
2000
2000
2000
2000
2000
2000
2000
2000
2000
2000
2000
2000
2000
2000
2000
2000
2000
2000
2000
2000
2000
2000
2000
2000
2000
2000
2000
2000
2000
1999.99
1999.92
1999.55
1997.52
1986.77
1933.23
1683.98
1579.93
1914.93
1984.79
1997.44
1999.58
1999.93
1999.99
2000
2000
2000
2000
2000
2000
2000
2000
2000
2000
2000
2000
2000
2000
2000
2000
2000
2000
2000
2000
2000
2000
2000
2000
2000
2000
2000
2000
2000
2000
2000
2000
2000
2000
2000
2000
2000
2000
2000
2000
2000
2000
2000
2000
2000
2000
2000
2000
2000
2000
2000
2000
2000
2000
2000
2000
2000
2000
2000
2000
2000
2000
2000
2000
2000
2000
2000
2000
2000
2000
2000
2000
2000
2000
2000
2000
2000
2000
2000
2000
2000
2000
2000
2000
2000
2000
1999.99
1999.92
1999.55
1997.52
1986.77
1933.23
1683.98
1579.93
1914.93
1984.79
1997.44
1999.58
1999.93
1999.99
2000
2000
2000
2000
2000
2000
2000
2000
2000
2000
2000
2000
2000
2000
2000
2000
2000
2000
2000
2000
2000
2000
2000
2000
2000
2000
2000
2000
2000
2000
2000
2000
2000
2000
2000
2000
2000
2000
2000
2000
2000
2000
2000
2000
2000
2000
2000
2000
2000
2000
2000
2000
2000
2000
2000
2000
2000
2000
2000
2000
2000
2000
2000
2000
2000
2000
2000
2000
2000
2000
2000
2000
2000
2000
2000
2000
2000
2000
2000
2000
2000
2000
2000
2000
2000
2000
1999.99
1999.92
1999.55
1997.52
1986.77
1933.23
1683.98
1579.93
1914.92
1984.79
1997.44
1999.58
1999.93
1999.99
2000
2000
2000
2000
2000
2000
2000
2000
2000
2000
2000
2000
2000
2000
2000
2000
2000
2000
2000
2000
2000
2000
2000
2000
2000
2000
2000
2000
2000
2000
2000
2000
2000
2000
2000
2000
2000
2000
2000
2000
2000
2000
2000
2000
2000
2000
2000
2000
2000
2000
2000
2000
2000
2000
2000
2000
2000
2000
2000
2000
2000
2000
2000
2000
2000
2000
2000
2000
2000
2000
2000
2000
2000
2000
2000
2000
2000
2000
2000
2000
2000
2000
2000
2000
2000
2000
1999.99
1999.92
1999.55
1997.52
1986.77
1933.23
1683.98
1579.93
1914.92
1984.79
1997.44
1999.58
1999.93
1999.99
2000
2000
2000
2000
2000
2000
2000
2000
2000
2000
2000
2000
2000
2000
2000
2000
2000
2000
2000
2000
2000
2000
2000
2000
2000
2000
2000
2000
2000
2000
2000
2000
2000
2000
2000
2000
2000
2000
2000
2000
2000
2000
2000
2000
2000
2000
2000
2000
2000
2000
2000
2000
2000
2000
2000
2000
2000
2000
2000
2000
2000
2000
2000
2000
2000
2000
2000
2000
2000
2000
2000
2000
2000
2000
2000
2000
2000
2000
2000
2000
2000
2000
2000
2000
2000
2000
1999.99
1999.92
1999.55
1997.52
1986.77
1933.23
1683.98
1579.93
1914.93
1984.79
1997.44
1999.58
1999.93
1999.99
2000
2000
2000
2000
2000
2000
2000
2000
2000
2000
2000
2000
2000
2000
2000
2000
2000
2000
2000
2000
2000
2000
2000
2000
2000
2000
2000
2000
2000
2000
2000
2000
2000
2000
2000
2000
2000
2000
2000
2000
2000
2000
2000
2000
2000
2000
2000
2000
2000
2000
2000
2000
2000
2000
2000
2000
2000
2000
2000
2000
2000
2000
2000
2000
2000
2000
2000
2000
2000
2000
2000
2000
2000
2000
2000
2000
2000
2000
2000
2000
2000
2000
2000
2000
2000
2000
1999.99
1999.92
1999.55
1997.52
1986.77
1933.23
1683.98
1579.93
1914.93
1984.79
1997.44
1999.58
1999.93
1999.99
2000
2000
2000
2000
2000
2000
2000
2000
2000
2000
2000
2000
2000
2000
2000
2000
2000
2000
2000
2000
2000
2000
2000
2000
2000
2000
2000
2000
2000
2000
2000
2000
2000
2000
2000
2000
2000
2000
2000
2000
2000
2000
2000
2000
2000
2000
2000
2000
2000
2000
2000
2000
2000
2000
2000
2000
2000
2000
2000
2000
2000
2000
2000
2000
2000
2000
2000
2000
2000
2000
2000
2000
2000
2000
2000
2000
2000
2000
2000
2000
2000
2000
2000
2000
2000
2000
1999.99
1999.92
1999.55
1997.52
1986.77
1933.23
1683.98
1579.93
1914.93
1984.8
1997.44
1999.58
1999.93
1999.99
2000
2000
2000
2000
2000
2000
2000
2000
2000
2000
2000
2000
2000
2000
2000
2000
2000
2000
2000
2000
2000
2000
2000
2000
2000
2000
2000
2000
2000
2000
2000
2000
2000
2000
2000
2000
2000
2000
2000
2000
2000
2000
2000
2000
2000
2000
2000
2000
2000
2000
2000
2000
2000
2000
2000
2000
2000
2000
2000
2000
2000
2000
2000
2000
2000
2000
2000
2000
2000
2000
2000
2000
2000
2000
2000
2000
2000
2000
2000
2000
2000
2000
2000
2000
2000
2000
1999.99
1999.92
1999.55
1997.52
1986.77
1933.23
1683.98
1579.93
1914.93
1984.8
1997.44
1999.58
1999.93
1999.99
2000
2000
2000
2000
2000
2000
2000
2000
2000
2000
2000
2000
2000
2000
2000
2000
2000
2000
2000
2000
2000
2000
2000
2000
2000
2000
2000
2000
2000
2000
2000
2000
2000
2000
2000
2000
2000
2000
2000
2000
2000
2000
2000
2000
2000
2000
2000
2000
2000
2000
2000
2000
2000
2000
2000
2000
2000
2000
2000
2000
2000
2000
2000
2000
2000
2000
2000
2000
2000
2000
2000
2000
2000
2000
2000
2000
2000
2000
2000
2000
2000
2000
2000
2000
2000
2000
1999.99
1999.92
1999.55
1997.53
1986.78
1933.24
1683.98
1579.93
1914.93
1984.8
1997.44
1999.58
1999.93
1999.99
2000
2000
2000
2000
2000
2000
2000
2000
2000
2000
2000
2000
2000
2000
2000
2000
2000
2000
2000
2000
2000
2000
2000
2000
2000
2000
2000
2000
2000
2000
2000
2000
2000
2000
2000
2000
2000
2000
2000
2000
2000
2000
2000
2000
2000
2000
2000
2000
2000
2000
2000
2000
2000
2000
2000
2000
2000
2000
2000
2000
2000
2000
2000
2000
2000
2000
2000
2000
2000
2000
2000
2000
2000
2000
2000
2000
2000
2000
2000
2000
2000
2000
2000
2000
2000
2000
1999.99
1999.92
1999.56
1997.53
1986.78
1933.24
1683.98
1579.93
1914.94
1984.8
1997.44
1999.58
1999.93
1999.99
2000
2000
2000
2000
2000
2000
2000
2000
2000
2000
2000
2000
2000
2000
2000
2000
2000
2000
2000
2000
2000
2000
2000
2000
2000
2000
2000
2000
2000
2000
2000
2000
2000
2000
2000
2000
2000
2000
2000
2000
2000
2000
2000
2000
2000
2000
2000
2000
2000
2000
2000
2000
2000
2000
2000
2000
2000
2000
2000
2000
2000
2000
2000
2000
2000
2000
2000
2000
2000
2000
2000
2000
2000
2000
2000
2000
2000
2000
2000
2000
2000
2000
2000
2000
2000
2000
1999.99
1999.92
1999.56
1997.53
1986.78
1933.25
1683.98
1579.93
1914.94
1984.8
1997.45
1999.58
1999.93
1999.99
2000
2000
2000
2000
2000
2000
2000
2000
2000
2000
2000
2000
2000
2000
2000
2000
2000
2000
2000
2000
2000
2000
2000
2000
2000
2000
2000
2000
2000
2000
2000
2000
2000
2000
2000
2000
2000
2000
2000
2000
2000
2000
2000
2000
2000
2000
2000
2000
2000
2000
2000
2000
2000
2000
2000
2000
2000
2000
2000
2000
2000
2000
2000
2000
2000
2000
2000
2000
2000
2000
2000
2000
2000
2000
2000
2000
2000
2000
2000
2000
2000
2000
2000
2000
2000
2000
1999.99
1999.92
1999.56
1997.53
1986.79
1933.25
1683.98
1579.93
1914.95
1984.81
1997.45
1999.59
1999.93
1999.99
2000
2000
2000
2000
2000
2000
2000
2000
2000
2000
2000
2000
2000
2000
2000
2000
2000
2000
2000
2000
2000
2000
2000
2000
2000
2000
2000
2000
2000
2000
2000
2000
2000
2000
2000
2000
2000
2000
2000
2000
2000
2000
2000
2000
2000
2000
2000
2000
2000
2000
2000
2000
2000
2000
2000
2000
2000
2000
2000
2000
2000
2000
2000
2000
2000
2000
2000
2000
2000
2000
2000
2000
2000
2000
2000
2000
2000
2000
2000
2000
2000
2000
2000
2000
2000
2000
1999.99
1999.92
1999.56
1997.53
1986.79
1933.26
1683.98
1579.93
1914.96
1984.81
1997.45
1999.59
1999.93
1999.99
2000
2000
2000
2000
2000
2000
2000
2000
2000
2000
2000
2000
2000
2000
2000
2000
2000
2000
2000
2000
2000
2000
2000
2000
2000
2000
2000
2000
2000
2000
2000
2000
2000
2000
2000
2000
2000
2000
2000
2000
2000
2000
2000
2000
2000
2000
2000
2000
2000
2000
2000
2000
2000
2000
2000
2000
2000
2000
2000
2000
2000
2000
2000
2000
2000
2000
2000
2000
2000
2000
2000
2000
2000
2000
2000
2000
2000
2000
2000
2000
2000
2000
2000
2000
2000
2000
1999.99
1999.92
1999.56
1997.54
1986.8
1933.28
1683.98
1579.93
1914.98
1984.82
1997.45
1999.59
1999.93
1999.99
2000
2000
2000
2000
2000
2000
2000
2000
2000
2000
2000
2000
2000
2000
2000
2000
2000
2000
2000
2000
2000
2000
2000
2000
2000
2000
2000
2000
2000
2000
2000
2000
2000
2000
2000
2000
2000
2000
2000
2000
2000
2000
2000
2000
2000
2000
2000
2000
2000
2000
2000
2000
2000
2000
2000
2000
2000
2000
2000
2000
2000
2000
2000
2000
2000
2000
2000
2000
2000
2000
2000
2000
2000
2000
2000
2000
2000
2000
2000
2000
2000
2000
2000
2000
2000
2000
1999.99
1999.92
1999.56
1997.54
1986.81
1933.3
1683.99
1579.93
1914.99
1984.83
1997.46
1999.59
1999.93
1999.99
2000
2000
2000
2000
2000
2000
2000
2000
2000
2000
2000
2000
2000
2000
2000
2000
2000
2000
2000
2000
2000
2000
2000
2000
2000
2000
2000
2000
2000
2000
2000
2000
2000
2000
2000
2000
2000
2000
2000
2000
2000
2000
2000
2000
2000
2000
2000
2000
2000
2000
2000
2000
2000
2000
2000
2000
2000
2000
2000
2000
2000
2000
2000
2000
2000
2000
2000
2000
2000
2000
2000
2000
2000
2000
2000
2000
2000
2000
2000
2000
2000
2000
2000
2000
2000
2000
1999.99
1999.92
1999.56
1997.54
1986.83
1933.32
1683.99
1579.94
1915.02
1984.85
1997.46
1999.59
1999.94
1999.99
2000
2000
2000
2000
2000
2000
2000
2000
2000
2000
2000
2000
2000
2000
2000
2000
2000
2000
2000
2000
2000
2000
2000
2000
2000
2000
2000
2000
2000
2000
2000
2000
2000
2000
2000
2000
2000
2000
2000
2000
2000
2000
2000
2000
2000
2000
2000
2000
2000
2000
2000
2000
2000
2000
2000
2000
2000
2000
2000
2000
2000
2000
2000
2000
2000
2000
2000
2000
2000
2000
2000
2000
2000
2000
2000
2000
2000
2000
2000
2000
2000
2000
2000
2000
2000
2000
1999.99
1999.92
1999.56
1997.55
1986.85
1933.35
1684
1579.95
1915.05
1984.87
1997.47
1999.59
1999.94
1999.99
2000
2000
2000
2000
2000
2000
2000
2000
2000
2000
2000
2000
2000
2000
2000
2000
2000
2000
2000
2000
2000
2000
2000
2000
2000
2000
2000
2000
2000
2000
2000
2000
2000
2000
2000
2000
2000
2000
2000
2000
2000
2000
2000
2000
2000
2000
2000
2000
2000
2000
2000
2000
2000
2000
2000
2000
2000
2000
2000
2000
2000
2000
2000
2000
2000
2000
2000
2000
2000
2000
2000
2000
2000
2000
2000
2000
2000
2000
2000
2000
2000
2000
2000
2000
2000
2000
1999.99
1999.93
1999.57
1997.56
1986.87
1933.39
1684.01
1579.96
1915.11
1984.89
1997.48
1999.59
1999.94
1999.99
2000
2000
2000
2000
2000
2000
2000
2000
2000
2000
2000
2000
2000
2000
2000
2000
2000
2000
2000
2000
2000
2000
2000
2000
2000
2000
2000
2000
2000
2000
2000
2000
2000
2000
2000
2000
2000
2000
2000
2000
2000
2000
2000
2000
2000
2000
2000
2000
2000
2000
2000
2000
2000
2000
2000
2000
2000
2000
2000
2000
2000
2000
2000
2000
2000
2000
2000
2000
2000
2000
2000
2000
2000
2000
2000
2000
2000
2000
2000
2000
2000
2000
2000
2000
2000
2000
1999.99
1999.93
1999.57
1997.58
1986.91
1933.46
1684.03
1579.98
1915.19
1984.94
1997.49
1999.6
1999.94
1999.99
2000
2000
2000
2000
2000
2000
2000
2000
2000
2000
2000
2000
2000
2000
2000
2000
2000
2000
2000
2000
2000
2000
2000
2000
2000
2000
2000
2000
2000
2000
2000
2000
2000
2000
2000
2000
2000
2000
2000
2000
2000
2000
2000
2000
2000
2000
2000
2000
2000
2000
2000
2000
2000
2000
2000
2000
2000
2000
2000
2000
2000
2000
2000
2000
2000
2000
2000
2000
2000
2000
2000
2000
2000
2000
2000
2000
2000
2000
2000
2000
2000
2000
2000
2000
2000
2000
1999.99
1999.93
1999.58
1997.6
1986.97
1933.56
1684.06
1580.02
1915.33
1985.01
1997.51
1999.6
1999.94
1999.99
2000
2000
2000
2000
2000
2000
2000
2000
2000
2000
2000
2000
2000
2000
2000
2000
2000
2000
2000
2000
2000
2000
2000
2000
2000
2000
2000
2000
2000
2000
2000
2000
2000
2000
2000
2000
2000
2000
2000
2000
2000
2000
2000
2000
2000
2000
2000
2000
2000
2000
2000
2000
2000
2000
2000
2000
2000
2000
2000
2000
2000
2000
2000
2000
2000
2000
2000
2000
2000
2000
2000
2000
2000
2000
2000
2000
2000
2000
2000
2000
2000
2000
2000
2000
2000
2000
1999.99
1999.93
1999.59
1997.63
1987.07
1933.74
1684.12
1580.1
1915.59
1985.12
1997.52
1999.57
1999.89
1999.94
1999.95
1999.95
1999.95
1999.95
1999.95
1999.95
1999.94
1999.94
1999.94
1999.94
1999.94
1999.94
1999.94
1999.94
1999.94
1999.94
1999.94
1999.94
1999.94
1999.94
1999.94
1999.94
1999.94
1999.94
1999.94
1999.94
1999.94
1999.94
1999.94
1999.94
1999.94
1999.94
1999.94
1999.94
1999.94
1999.94
1999.94
1999.94
1999.94
1999.94
1999.94
1999.94
1999.94
1999.94
1999.94
1999.94
1999.94
1999.94
1999.94
1999.94
1999.94
1999.94
1999.94
1999.94
1999.94
1999.94
1999.94
1999.94
1999.94
1999.94
1999.94
1999.94
1999.94
1999.94
1999.94
1999.94
1999.94
1999.94
1999.94
1999.95
1999.95
1999.95
1999.95
1999.95
1999.95
1999.95
1999.95
1999.95
1999.95
1999.95
1999.96
1999.96
1999.96
1999.96
1999.96
1999.96
1999.96
1999.9
1999.58
1997.68
1987.25
1934.09
1684.25
1580.29
1915.89
1984.68
1996.64
1998.52
1998.76
1998.75
1998.71
1998.67
1998.64
1998.61
1998.57
1998.55
1998.53
1998.51
1998.49
1998.47
1998.46
1998.44
1998.43
1998.41
1998.4
1998.39
1998.38
1998.37
1998.36
1998.35
1998.35
1998.34
1998.33
1998.33
1998.32
1998.32
1998.31
1998.31
1998.31
1998.3
1998.3
1998.3
1998.3
1998.3
1998.29
1998.29
1998.29
1998.29
1998.29
1998.3
1998.3
1998.3
1998.3
1998.3
1998.31
1998.31
1998.31
1998.32
1998.32
1998.33
1998.33
1998.34
1998.34
1998.35
1998.36
1998.37
1998.37
1998.38
1998.39
1998.4
1998.41
1998.43
1998.44
1998.45
1998.46
1998.48
1998.5
1998.51
1998.53
1998.55
1998.57
1998.59
1998.61
1998.64
1998.66
1998.69
1998.72
1998.75
1998.79
1998.83
1998.87
1998.92
1998.97
1999.02
1999.08
1999.15
1999.23
1999.28
1999.1
1997.48
1987.65
1935.4
1685.32
1594.93
1917.94
1974.31
1980
1978.47
1976.39
1974.57
1973.02
1971.67
1970.48
1969.43
1968.49
1967.64
1966.87
1966.16
1965.52
1964.94
1964.39
1963.89
1963.43
1963
1962.6
1962.24
1961.9
1961.59
1961.3
1961.03
1960.78
1960.56
1960.35
1960.16
1959.99
1959.83
1959.69
1959.56
1959.45
1959.35
1959.27
1959.2
1959.14
1959.09
1959.06
1959.04
1959.04
1959.04
1959.06
1959.09
1959.14
1959.19
1959.26
1959.34
1959.44
1959.54
1959.66
1959.8
1959.94
1960.11
1960.28
1960.48
1960.68
1960.91
1961.15
1961.41
1961.68
1961.98
1962.29
1962.63
1962.99
1963.37
1963.78
1964.21
1964.67
1965.16
1965.68
1966.23
1966.82
1967.45
1968.12
1968.84
1969.61
1970.43
1971.31
1972.25
1973.27
1974.37
1975.56
1976.86
1978.28
1979.83
1981.55
1983.47
1985.62
1988.06
1990.87
1994.18
1998.11
2002.36
2002.69
1969.22
1738.37
)
;

boundaryField
{
    fuel
    {
        type            fixedValue;
        value           uniform 293;
    }
    air
    {
        type            fixedValue;
        value           uniform 293;
    }
    outlet
    {
        type            fixedValue;
        value           uniform 293;
    }
    frontAndBack
    {
        type            empty;
    }
}


// ************************************************************************* //
