/*--------------------------------*- C++ -*----------------------------------*\
| =========                 |                                                 |
| \\      /  F ield         | OpenFOAM: The Open Source CFD Toolbox           |
|  \\    /   O peration     | Version:  2406                                  |
|   \\  /    A nd           | Website:  www.openfoam.com                      |
|    \\/     M anipulation  |                                                 |
\*---------------------------------------------------------------------------*/
FoamFile
{
    version     2.0;
    format      ascii;
    arch        "LSB;label=32;scalar=64";
    class       volVectorField;
    location    "2.64e-05";
    object      U;
}
// * * * * * * * * * * * * * * * * * * * * * * * * * * * * * * * * * * * * * //

dimensions      [0 1 -1 0 0 0 0];

internalField   nonuniform List<vector> 
4000
(
(-0.015441 1.25558 0)
(-0.0647372 1.07029 0)
(-0.0661172 0.954615 0)
(-0.0511931 0.858069 0)
(-0.0409703 0.779685 0)
(-0.0344847 0.714896 0)
(-0.0296692 0.66018 0)
(-0.0258285 0.613126 0)
(-0.022715 0.572067 0)
(-0.0201594 0.535815 0)
(-0.0180377 0.503496 0)
(-0.0162528 0.474456 0)
(-0.01473 0.448189 0)
(-0.0134157 0.424302 0)
(-0.0122705 0.402478 0)
(-0.0112624 0.382462 0)
(-0.0103663 0.364045 0)
(-0.00956202 0.347051 0)
(-0.00884055 0.331335 0)
(-0.00818988 0.316772 0)
(-0.00759456 0.303257 0)
(-0.00704818 0.290697 0)
(-0.00654493 0.279012 0)
(-0.00607955 0.268132 0)
(-0.00564743 0.257995 0)
(-0.00524459 0.248547 0)
(-0.00486766 0.239739 0)
(-0.00451369 0.23153 0)
(-0.00418017 0.223881 0)
(-0.00386488 0.216758 0)
(-0.00356585 0.210131 0)
(-0.00328134 0.203973 0)
(-0.00300978 0.198258 0)
(-0.00274981 0.192966 0)
(-0.00250017 0.188076 0)
(-0.00225975 0.18357 0)
(-0.00202752 0.179433 0)
(-0.00180253 0.17565 0)
(-0.00158391 0.172208 0)
(-0.00137085 0.169096 0)
(-0.00116264 0.166303 0)
(-0.000958628 0.163821 0)
(-0.000758305 0.161642 0)
(-0.000561048 0.159756 0)
(-0.000365753 0.158159 0)
(-0.000171334 0.156847 0)
(2.27802e-05 0.155819 0)
(0.000216999 0.155073 0)
(0.000411822 0.154608 0)
(0.00060778 0.154425 0)
(0.000805422 0.154524 0)
(0.00100531 0.154908 0)
(0.00120803 0.155579 0)
(0.00141417 0.15654 0)
(0.00162437 0.157797 0)
(0.00183926 0.159354 0)
(0.00205954 0.161218 0)
(0.00228591 0.163397 0)
(0.00251912 0.165899 0)
(0.00275997 0.168735 0)
(0.00300932 0.171914 0)
(0.00326809 0.17545 0)
(0.00353727 0.179356 0)
(0.00381794 0.183648 0)
(0.00411128 0.188343 0)
(0.00441858 0.193459 0)
(0.00474125 0.199017 0)
(0.00508085 0.205041 0)
(0.0054391 0.211555 0)
(0.00581794 0.218589 0)
(0.00621955 0.226172 0)
(0.00664636 0.23434 0)
(0.00710114 0.24313 0)
(0.00758704 0.252586 0)
(0.00810766 0.262754 0)
(0.00866715 0.273687 0)
(0.00927034 0.285446 0)
(0.0099228 0.298096 0)
(0.0106311 0.311712 0)
(0.0114031 0.326382 0)
(0.012248 0.342202 0)
(0.0131771 0.359284 0)
(0.0142038 0.377758 0)
(0.015345 0.397775 0)
(0.0166212 0.419511 0)
(0.0180586 0.443177 0)
(0.0196903 0.469022 0)
(0.0215592 0.49735 0)
(0.0237209 0.528535 0)
(0.0262487 0.56304 0)
(0.0292381 0.601457 0)
(0.0328178 0.644552 0)
(0.0371162 0.693339 0)
(0.0422318 0.749204 0)
(0.0481655 0.814062 0)
(0.0547636 0.890598 0)
(0.0613187 0.982421 0)
(0.058218 1.09276 0)
(-0.00135645 1.21303 0)
(-0.0423313 1.41378 0)
(-0.136271 1.57367 0)
(-0.415371 1.34257 0)
(-0.43607 1.22863 0)
(-0.374887 1.12923 0)
(-0.309766 1.04021 0)
(-0.258658 0.961162 0)
(-0.220044 0.890969 0)
(-0.190364 0.82839 0)
(-0.166943 0.772319 0)
(-0.14802 0.721821 0)
(-0.132416 0.676119 0)
(-0.119326 0.634571 0)
(-0.108187 0.596647 0)
(-0.0985881 0.561903 0)
(-0.0902231 0.529971 0)
(-0.0828663 0.500538 0)
(-0.0763447 0.473343 0)
(-0.0705224 0.448159 0)
(-0.0652801 0.424794 0)
(-0.060531 0.403082 0)
(-0.0562164 0.38288 0)
(-0.0522781 0.364059 0)
(-0.0486672 0.346508 0)
(-0.0453427 0.330131 0)
(-0.0422697 0.314838 0)
(-0.0394188 0.300555 0)
(-0.036765 0.287211 0)
(-0.0342865 0.274745 0)
(-0.0319646 0.263103 0)
(-0.0297828 0.252234 0)
(-0.0277267 0.242095 0)
(-0.0257832 0.232644 0)
(-0.0239411 0.223847 0)
(-0.0221901 0.21567 0)
(-0.0205211 0.208084 0)
(-0.0189261 0.201062 0)
(-0.0173974 0.194581 0)
(-0.0159284 0.188618 0)
(-0.0145127 0.183154 0)
(-0.0131448 0.178172 0)
(-0.0118196 0.173657 0)
(-0.0105327 0.169594 0)
(-0.00928035 0.165971 0)
(-0.00805736 0.162768 0)
(-0.00685529 0.159965 0)
(-0.00566605 0.157566 0)
(-0.00448516 0.155577 0)
(-0.00330958 0.153996 0)
(-0.00213611 0.152819 0)
(-0.000961378 0.152048 0)
(0.000218132 0.151681 0)
(0.00140606 0.151722 0)
(0.00260618 0.152172 0)
(0.00382242 0.153037 0)
(0.00505885 0.154322 0)
(0.00631966 0.156034 0)
(0.00760925 0.158182 0)
(0.0089322 0.160776 0)
(0.0102933 0.163828 0)
(0.0116977 0.167351 0)
(0.0131509 0.171359 0)
(0.0146586 0.175871 0)
(0.0162274 0.180904 0)
(0.0178639 0.18648 0)
(0.0195756 0.192622 0)
(0.0213706 0.199356 0)
(0.0232577 0.206711 0)
(0.0252467 0.214718 0)
(0.0273484 0.223412 0)
(0.0295749 0.232831 0)
(0.0319394 0.243017 0)
(0.0344573 0.254018 0)
(0.0371455 0.265885 0)
(0.0400234 0.278676 0)
(0.0431133 0.292453 0)
(0.0464404 0.307288 0)
(0.0500342 0.323259 0)
(0.0539287 0.340455 0)
(0.0581639 0.358973 0)
(0.0627869 0.378926 0)
(0.0678538 0.400437 0)
(0.0734319 0.42365 0)
(0.0796024 0.448726 0)
(0.0864655 0.47585 0)
(0.0941454 0.505235 0)
(0.102797 0.537129 0)
(0.112618 0.571817 0)
(0.123868 0.609637 0)
(0.136885 0.650983 0)
(0.152132 0.696324 0)
(0.170247 0.746214 0)
(0.192135 0.801314 0)
(0.219166 0.862397 0)
(0.253411 0.930381 0)
(0.297966 1.00631 0)
(0.356836 1.09133 0)
(0.430346 1.1866 0)
(0.488902 1.29386 0)
(0.436044 1.42823 0)
(0.0993549 1.77287 0)
(-0.16582 1.24266 0)
(-0.522945 1.09173 0)
(-0.591043 1.04001 0)
(-0.549373 0.991177 0)
(-0.485078 0.939484 0)
(-0.425638 0.88716 0)
(-0.375191 0.836109 0)
(-0.332941 0.787386 0)
(-0.297439 0.741454 0)
(-0.26738 0.698456 0)
(-0.241702 0.658353 0)
(-0.219573 0.621018 0)
(-0.200338 0.586282 0)
(-0.183484 0.553966 0)
(-0.168607 0.523884 0)
(-0.155383 0.495865 0)
(-0.143555 0.469746 0)
(-0.132915 0.44538 0)
(-0.123292 0.422631 0)
(-0.114544 0.401375 0)
(-0.106559 0.3815 0)
(-0.0992395 0.362908 0)
(-0.0925042 0.345509 0)
(-0.0862839 0.329223 0)
(-0.0805192 0.313976 0)
(-0.075159 0.299701 0)
(-0.0701594 0.28634 0)
(-0.065482 0.273838 0)
(-0.0610933 0.262145 0)
(-0.0569637 0.251216 0)
(-0.0530668 0.241012 0)
(-0.0493795 0.231496 0)
(-0.0458809 0.222633 0)
(-0.0425525 0.214394 0)
(-0.0393777 0.20675 0)
(-0.0363411 0.199678 0)
(-0.0334287 0.193154 0)
(-0.030628 0.187158 0)
(-0.0279272 0.181673 0)
(-0.0253156 0.17668 0)
(-0.0227834 0.172167 0)
(-0.0203218 0.16812 0)
(-0.0179223 0.164528 0)
(-0.0155749 0.161362 0)
(-0.0132668 0.158596 0)
(-0.0109864 0.156243 0)
(-0.00872512 0.154316 0)
(-0.00647611 0.152813 0)
(-0.00423251 0.151732 0)
(-0.0019875 0.151071 0)
(0.000265859 0.150831 0)
(0.00253464 0.151014 0)
(0.00482611 0.151623 0)
(0.00714774 0.152663 0)
(0.00950723 0.154139 0)
(0.0119125 0.156059 0)
(0.0143719 0.158432 0)
(0.0168939 0.161266 0)
(0.0194876 0.164575 0)
(0.0221627 0.168372 0)
(0.0249294 0.17267 0)
(0.0277986 0.177488 0)
(0.0307822 0.182844 0)
(0.0338929 0.188758 0)
(0.0371445 0.195253 0)
(0.0405518 0.202355 0)
(0.0441314 0.210092 0)
(0.047901 0.218493 0)
(0.0518807 0.227593 0)
(0.0560924 0.237427 0)
(0.0605607 0.248037 0)
(0.065313 0.259466 0)
(0.0703802 0.271762 0)
(0.0757973 0.284979 0)
(0.0816038 0.299175 0)
(0.0878451 0.314413 0)
(0.0945731 0.330765 0)
(0.101848 0.348308 0)
(0.109739 0.367127 0)
(0.118327 0.387316 0)
(0.127709 0.408979 0)
(0.137999 0.432231 0)
(0.149332 0.457198 0)
(0.161872 0.48402 0)
(0.175817 0.512849 0)
(0.191412 0.543854 0)
(0.20896 0.577214 0)
(0.228837 0.613122 0)
(0.25152 0.651777 0)
(0.277616 0.693375 0)
(0.307901 0.73809 0)
(0.343371 0.786039 0)
(0.385295 0.837223 0)
(0.435236 0.891407 0)
(0.494855 0.947942 0)
(0.56464 1.00548 0)
(0.63727 1.06178 0)
(0.670696 1.11529 0)
(0.558797 1.18023 0)
(0.126688 1.41503 0)
(-0.182175 1.00606 0)
(-0.572513 0.887274 0)
(-0.665738 0.857284 0)
(-0.641254 0.83178 0)
(-0.586831 0.802985 0)
(-0.531512 0.771306 0)
(-0.481196 0.738038 0)
(-0.436508 0.70427 0)
(-0.397035 0.67078 0)
(-0.36218 0.638088 0)
(-0.331344 0.606524 0)
(-0.303984 0.576281 0)
(-0.279619 0.547459 0)
(-0.257835 0.520096 0)
(-0.238278 0.494185 0)
(-0.220646 0.469697 0)
(-0.204685 0.446583 0)
(-0.19018 0.424786 0)
(-0.176947 0.404245 0)
(-0.16483 0.384897 0)
(-0.153697 0.36668 0)
(-0.143433 0.349533 0)
(-0.133941 0.333398 0)
(-0.125136 0.318222 0)
(-0.116944 0.303954 0)
(-0.1093 0.290545 0)
(-0.102148 0.27795 0)
(-0.0954383 0.26613 0)
(-0.0891268 0.255044 0)
(-0.0831744 0.244658 0)
(-0.077546 0.23494 0)
(-0.0722104 0.225858 0)
(-0.0671395 0.217386 0)
(-0.0623078 0.209498 0)
(-0.0576922 0.202171 0)
(-0.0532717 0.195383 0)
(-0.0490268 0.189116 0)
(-0.0449397 0.183352 0)
(-0.040994 0.178074 0)
(-0.0371745 0.17327 0)
(-0.0334673 0.168926 0)
(-0.029859 0.165031 0)
(-0.0263378 0.161576 0)
(-0.022889 0.158523 0)
(-0.0194959 0.15584 0)
(-0.0161442 0.15355 0)
(-0.012822 0.151676 0)
(-0.00951889 0.150213 0)
(-0.00622471 0.149159 0)
(-0.00292933 0.148514 0)
(0.000377462 0.148279 0)
(0.00370606 0.148454 0)
(0.00706704 0.149043 0)
(0.0104712 0.150049 0)
(0.0139297 0.151478 0)
(0.0174539 0.153337 0)
(0.0210556 0.155633 0)
(0.0247472 0.158376 0)
(0.0285417 0.161576 0)
(0.0324527 0.165245 0)
(0.0364949 0.169396 0)
(0.0406837 0.174045 0)
(0.0450359 0.179207 0)
(0.0495694 0.184903 0)
(0.0543033 0.191151 0)
(0.0592587 0.197973 0)
(0.0644581 0.205395 0)
(0.0699266 0.213442 0)
(0.0756914 0.222142 0)
(0.0817827 0.231528 0)
(0.0882338 0.241631 0)
(0.095082 0.25249 0)
(0.102369 0.264143 0)
(0.11014 0.276633 0)
(0.118449 0.290005 0)
(0.127354 0.30431 0)
(0.136923 0.319599 0)
(0.147232 0.33593 0)
(0.158368 0.353362 0)
(0.170433 0.371959 0)
(0.183544 0.391789 0)
(0.197835 0.412921 0)
(0.213466 0.435427 0)
(0.230622 0.459378 0)
(0.249519 0.484842 0)
(0.270417 0.511882 0)
(0.293618 0.540548 0)
(0.319482 0.570869 0)
(0.348432 0.602839 0)
(0.380965 0.636398 0)
(0.417655 0.671407 0)
(0.459154 0.707608 0)
(0.506165 0.744567 0)
(0.559369 0.78161 0)
(0.619123 0.817743 0)
(0.684111 0.851621 0)
(0.744755 0.881863 0)
(0.757532 0.909311 0)
(0.616152 0.949418 0)
(0.145043 1.13977 0)
(-0.191249 0.83514 0)
(-0.599625 0.736563 0)
(-0.707452 0.716205 0)
(-0.694544 0.701166 0)
(-0.648764 0.683978 0)
(-0.599304 0.664187 0)
(-0.552457 0.642402 0)
(-0.5093 0.619304 0)
(-0.469867 0.59548 0)
(-0.433955 0.571404 0)
(-0.401293 0.547438 0)
(-0.371592 0.523853 0)
(-0.344564 0.500845 0)
(-0.319936 0.478551 0)
(-0.297455 0.45706 0)
(-0.276892 0.436427 0)
(-0.25804 0.416683 0)
(-0.240717 0.397838 0)
(-0.224758 0.379888 0)
(-0.21002 0.36282 0)
(-0.196376 0.346614 0)
(-0.183713 0.331247 0)
(-0.171931 0.316691 0)
(-0.160944 0.302919 0)
(-0.150673 0.289901 0)
(-0.141048 0.277608 0)
(-0.132007 0.266013 0)
(-0.123496 0.255087 0)
(-0.115465 0.244806 0)
(-0.107869 0.235143 0)
(-0.100668 0.226075 0)
(-0.093825 0.21758 0)
(-0.0873075 0.209637 0)
(-0.0810849 0.202226 0)
(-0.0751297 0.195329 0)
(-0.0694163 0.18893 0)
(-0.0639212 0.183013 0)
(-0.0586226 0.177564 0)
(-0.0535004 0.17257 0)
(-0.0485355 0.16802 0)
(-0.0437105 0.163903 0)
(-0.0390086 0.160211 0)
(-0.0344144 0.156936 0)
(-0.0299097 0.15403 0)
(-0.0254746 0.15146 0)
(-0.0210933 0.149258 0)
(-0.0167511 0.147451 0)
(-0.0124343 0.146038 0)
(-0.00812973 0.145016 0)
(-0.00382425 0.144385 0)
(0.000495348 0.144144 0)
(0.00484242 0.144295 0)
(0.0092305 0.144841 0)
(0.0136734 0.145785 0)
(0.0181853 0.147132 0)
(0.0227805 0.148887 0)
(0.0274742 0.151057 0)
(0.0322819 0.15365 0)
(0.03722 0.156676 0)
(0.0423057 0.160144 0)
(0.0475573 0.164066 0)
(0.0529942 0.168455 0)
(0.0586369 0.173325 0)
(0.0645076 0.178691 0)
(0.07063 0.18457 0)
(0.0770295 0.190981 0)
(0.0837338 0.197942 0)
(0.090773 0.205476 0)
(0.0981798 0.213604 0)
(0.10599 0.222352 0)
(0.114244 0.231744 0)
(0.122983 0.24181 0)
(0.132258 0.252577 0)
(0.14212 0.264076 0)
(0.15263 0.276339 0)
(0.163853 0.2894 0)
(0.175863 0.303291 0)
(0.188744 0.318049 0)
(0.202589 0.333706 0)
(0.217504 0.350297 0)
(0.233608 0.367852 0)
(0.251037 0.3864 0)
(0.269942 0.405963 0)
(0.290498 0.426553 0)
(0.3129 0.448173 0)
(0.33737 0.470805 0)
(0.364156 0.494409 0)
(0.393535 0.518912 0)
(0.425808 0.544196 0)
(0.461303 0.570087 0)
(0.500361 0.596333 0)
(0.543322 0.622591 0)
(0.59049 0.6484 0)
(0.642066 0.673168 0)
(0.69787 0.696169 0)
(0.756062 0.716608 0)
(0.806609 0.733988 0)
(0.806091 0.750089 0)
(0.647915 0.778752 0)
(0.155736 0.939107 0)
(-0.196848 0.704598 0)
(-0.616191 0.620543 0)
(-0.73327 0.605439 0)
(-0.728156 0.595735 0)
(-0.688826 0.584765 0)
(-0.644444 0.57181 0)
(-0.601364 0.557118 0)
(-0.560776 0.541076 0)
(-0.522865 0.524059 0)
(-0.487596 0.506404 0)
(-0.454866 0.488397 0)
(-0.424537 0.47028 0)
(-0.396455 0.452246 0)
(-0.370458 0.434448 0)
(-0.346382 0.417006 0)
(-0.324072 0.40001 0)
(-0.303376 0.383527 0)
(-0.284156 0.367603 0)
(-0.26628 0.352271 0)
(-0.249629 0.337548 0)
(-0.234094 0.323446 0)
(-0.219576 0.309967 0)
(-0.205983 0.297108 0)
(-0.193234 0.284861 0)
(-0.181253 0.273217 0)
(-0.169974 0.262163 0)
(-0.159335 0.251686 0)
(-0.14928 0.241771 0)
(-0.139757 0.232403 0)
(-0.130722 0.223567 0)
(-0.12213 0.215247 0)
(-0.113944 0.20743 0)
(-0.106127 0.200102 0)
(-0.0986471 0.193248 0)
(-0.0914729 0.186855 0)
(-0.0845764 0.180912 0)
(-0.0779313 0.175407 0)
(-0.071513 0.170331 0)
(-0.0652985 0.165672 0)
(-0.0592662 0.161422 0)
(-0.0533956 0.157575 0)
(-0.0476672 0.154121 0)
(-0.0420635 0.151056 0)
(-0.0365625 0.148326 0)
(-0.0311425 0.145891 0)
(-0.0257867 0.143799 0)
(-0.0204781 0.142079 0)
(-0.0152004 0.140729 0)
(-0.00993754 0.139747 0)
(-0.00467397 0.139134 0)
(0.00060611 0.138888 0)
(0.00591859 0.139012 0)
(0.0112796 0.139507 0)
(0.0167053 0.140376 0)
(0.0222126 0.141624 0)
(0.0278185 0.143254 0)
(0.0335406 0.145274 0)
(0.0393973 0.147688 0)
(0.0454078 0.150505 0)
(0.051592 0.153734 0)
(0.0579713 0.157382 0)
(0.0645679 0.161462 0)
(0.0714055 0.165984 0)
(0.0785094 0.17096 0)
(0.0859063 0.176404 0)
(0.0936251 0.182329 0)
(0.101697 0.188751 0)
(0.110155 0.195685 0)
(0.119035 0.203148 0)
(0.128377 0.211158 0)
(0.138224 0.219732 0)
(0.148621 0.22889 0)
(0.159621 0.238649 0)
(0.171278 0.24903 0)
(0.183655 0.260051 0)
(0.196818 0.27173 0)
(0.210841 0.284084 0)
(0.225807 0.297128 0)
(0.241805 0.310874 0)
(0.258935 0.325333 0)
(0.277307 0.340505 0)
(0.297041 0.356389 0)
(0.31827 0.372972 0)
(0.341139 0.390228 0)
(0.365805 0.408117 0)
(0.392439 0.426582 0)
(0.421222 0.445537 0)
(0.452343 0.46487 0)
(0.485998 0.484432 0)
(0.522379 0.504029 0)
(0.561667 0.523419 0)
(0.60402 0.542305 0)
(0.649547 0.560331 0)
(0.698254 0.577087 0)
(0.749798 0.592122 0)
(0.802223 0.605018 0)
(0.84544 0.615701 0)
(0.836186 0.626091 0)
(0.667384 0.648091 0)
(0.16255 0.785999 0)
(-0.200589 0.600435 0)
(-0.627093 0.527698 0)
(-0.750418 0.515905 0)
(-0.750715 0.509241 0)
(-0.716109 0.501874 0)
(-0.675721 0.493039 0)
(-0.635903 0.482817 0)
(-0.597859 0.471426 0)
(-0.561815 0.459097 0)
(-0.527799 0.446055 0)
(-0.495779 0.432505 0)
(-0.465696 0.418628 0)
(-0.43747 0.404585 0)
(-0.411011 0.390512 0)
(-0.386219 0.376522 0)
(-0.362991 0.362708 0)
(-0.341225 0.349147 0)
(-0.32082 0.335899 0)
(-0.301678 0.323012 0)
(-0.283706 0.31052 0)
(-0.266816 0.298452 0)
(-0.250924 0.286826 0)
(-0.235954 0.275654 0)
(-0.221834 0.264944 0)
(-0.208497 0.254699 0)
(-0.19588 0.24492 0)
(-0.183926 0.235604 0)
(-0.172583 0.226748 0)
(-0.161802 0.218344 0)
(-0.151536 0.210387 0)
(-0.141744 0.202869 0)
(-0.132387 0.195782 0)
(-0.123428 0.189119 0)
(-0.114833 0.18287 0)
(-0.106571 0.177028 0)
(-0.0986111 0.171586 0)
(-0.0909266 0.166535 0)
(-0.0834907 0.161869 0)
(-0.0762787 0.15758 0)
(-0.069267 0.153664 0)
(-0.0624333 0.150114 0)
(-0.055756 0.146925 0)
(-0.0492161 0.144094 0)
(-0.0427886 0.141557 0)
(-0.0364506 0.139278 0)
(-0.0301851 0.137313 0)
(-0.0239734 0.135694 0)
(-0.0177967 0.134419 0)
(-0.0116369 0.133486 0)
(-0.00547637 0.132895 0)
(0.000702788 0.132647 0)
(0.00691853 0.132742 0)
(0.013189 0.133182 0)
(0.0195326 0.13397 0)
(0.0259681 0.135108 0)
(0.0325147 0.1366 0)
(0.0391923 0.138452 0)
(0.0460211 0.140667 0)
(0.0530227 0.143253 0)
(0.0602191 0.146215 0)
(0.0676338 0.149561 0)
(0.0752912 0.153299 0)
(0.083217 0.157437 0)
(0.0914386 0.161984 0)
(0.0999849 0.16695 0)
(0.108887 0.172344 0)
(0.118176 0.178178 0)
(0.12789 0.184463 0)
(0.138064 0.191208 0)
(0.148741 0.198426 0)
(0.159962 0.206127 0)
(0.171776 0.214322 0)
(0.184233 0.22302 0)
(0.197388 0.232233 0)
(0.211301 0.241966 0)
(0.226036 0.252226 0)
(0.241663 0.263017 0)
(0.258257 0.274339 0)
(0.275899 0.286189 0)
(0.294677 0.298557 0)
(0.314686 0.31143 0)
(0.336027 0.324785 0)
(0.358808 0.338588 0)
(0.383142 0.352797 0)
(0.40915 0.367352 0)
(0.436953 0.38218 0)
(0.466679 0.397188 0)
(0.498451 0.412259 0)
(0.532388 0.427253 0)
(0.5686 0.442004 0)
(0.60718 0.456316 0)
(0.648195 0.469967 0)
(0.691673 0.482707 0)
(0.737557 0.49427 0)
(0.785467 0.504388 0)
(0.833438 0.512842 0)
(0.871387 0.519734 0)
(0.856166 0.526868 0)
(0.68016 0.544411 0)
(0.167236 0.664401 0)
(-0.203237 0.514692 0)
(-0.634645 0.451236 0)
(-0.762387 0.441747 0)
(-0.766559 0.436971 0)
(-0.735444 0.431836 0)
(-0.698133 0.425615 0)
(-0.660963 0.418311 0)
(-0.625131 0.410048 0)
(-0.590865 0.400972 0)
(-0.558211 0.39123 0)
(-0.527168 0.380963 0)
(-0.497711 0.370304 0)
(-0.4698 0.359372 0)
(-0.443384 0.348278 0)
(-0.418403 0.337117 0)
(-0.394791 0.325971 0)
(-0.372479 0.314913 0)
(-0.351396 0.304003 0)
(-0.331469 0.293291 0)
(-0.31263 0.282818 0)
(-0.294808 0.272619 0)
(-0.277938 0.26272 0)
(-0.261956 0.253142 0)
(-0.2468 0.243902 0)
(-0.232415 0.235011 0)
(-0.218744 0.226478 0)
(-0.205736 0.218308 0)
(-0.193344 0.210505 0)
(-0.181522 0.203069 0)
(-0.170228 0.196001 0)
(-0.15942 0.189299 0)
(-0.149061 0.18296 0)
(-0.139115 0.176982 0)
(-0.12955 0.171361 0)
(-0.120332 0.166092 0)
(-0.111433 0.161173 0)
(-0.102824 0.156598 0)
(-0.0944769 0.152364 0)
(-0.0863672 0.148467 0)
(-0.0784699 0.144902 0)
(-0.0707614 0.141668 0)
(-0.0632191 0.13876 0)
(-0.0558227 0.136176 0)
(-0.0485452 0.133846 0)
(-0.041363 0.131736 0)
(-0.0342597 0.129912 0)
(-0.0272148 0.128406 0)
(-0.0202078 0.127214 0)
(-0.0132191 0.126337 0)
(-0.00622943 0.125774 0)
(0.000780754 0.125526 0)
(0.00783099 0.125592 0)
(0.014941 0.125976 0)
(0.0221309 0.126678 0)
(0.029421 0.1277 0)
(0.036832 0.129047 0)
(0.0443855 0.130721 0)
(0.0521034 0.132725 0)
(0.0600086 0.135066 0)
(0.0681248 0.137746 0)
(0.0764767 0.140773 0)
(0.0850901 0.14415 0)
(0.0939922 0.147884 0)
(0.103211 0.151982 0)
(0.112777 0.156449 0)
(0.122722 0.161292 0)
(0.133079 0.166517 0)
(0.143883 0.172131 0)
(0.155174 0.17814 0)
(0.166989 0.18455 0)
(0.179374 0.191366 0)
(0.192372 0.198592 0)
(0.206034 0.206231 0)
(0.22041 0.214284 0)
(0.235556 0.222752 0)
(0.251532 0.231632 0)
(0.268401 0.240917 0)
(0.286228 0.250599 0)
(0.305084 0.260664 0)
(0.325046 0.271093 0)
(0.34619 0.281862 0)
(0.368599 0.292939 0)
(0.392358 0.304282 0)
(0.417555 0.315843 0)
(0.444277 0.327559 0)
(0.472612 0.339358 0)
(0.502647 0.351153 0)
(0.534462 0.362843 0)
(0.568131 0.37431 0)
(0.603717 0.385425 0)
(0.641268 0.39604 0)
(0.680814 0.405997 0)
(0.722353 0.415127 0)
(0.765812 0.42326 0)
(0.810814 0.430231 0)
(0.855406 0.435928 0)
(0.889517 0.440516 0)
(0.870083 0.445618 0)
(0.688951 0.459908 0)
(0.170647 0.564962 0)
(-0.205195 0.442459 0)
(-0.640071 0.386888 0)
(-0.77105 0.379119 0)
(-0.778069 0.375592 0)
(-0.749571 0.371917 0)
(-0.71463 0.367431 0)
(-0.679568 0.3621 0)
(-0.645568 0.355998 0)
(-0.612854 0.349219 0)
(-0.581473 0.341859 0)
(-0.551432 0.334016 0)
(-0.522722 0.325785 0)
(-0.495322 0.317253 0)
(-0.469202 0.308506 0)
(-0.444324 0.299617 0)
(-0.420646 0.290658 0)
(-0.39812 0.281687 0)
(-0.376695 0.272761 0)
(-0.35632 0.263925 0)
(-0.336942 0.25522 0)
(-0.318506 0.246681 0)
(-0.300961 0.238337 0)
(-0.284255 0.230213 0)
(-0.268338 0.222329 0)
(-0.253161 0.2147 0)
(-0.238677 0.20734 0)
(-0.224841 0.20026 0)
(-0.21161 0.193468 0)
(-0.198944 0.186968 0)
(-0.186802 0.180766 0)
(-0.175148 0.174865 0)
(-0.163946 0.169265 0)
(-0.153162 0.163968 0)
(-0.142763 0.158973 0)
(-0.13272 0.15428 0)
(-0.123002 0.149887 0)
(-0.113581 0.145794 0)
(-0.10443 0.141999 0)
(-0.0955237 0.1385 0)
(-0.0868362 0.135295 0)
(-0.0783437 0.132384 0)
(-0.0700228 0.129764 0)
(-0.0618532 0.127434 0)
(-0.0538056 0.125317 0)
(-0.0458567 0.123384 0)
(-0.0379914 0.121711 0)
(-0.0301874 0.120325 0)
(-0.0224232 0.119225 0)
(-0.014678 0.118409 0)
(-0.00693128 0.117878 0)
(0.000837598 0.117632 0)
(0.00864937 0.117673 0)
(0.016525 0.118 0)
(0.0244856 0.118615 0)
(0.0325527 0.119521 0)
(0.0407484 0.120719 0)
(0.049095 0.122211 0)
(0.0576156 0.124001 0)
(0.0663341 0.126092 0)
(0.0752752 0.128485 0)
(0.0844643 0.131186 0)
(0.0939279 0.134198 0)
(0.103694 0.137523 0)
(0.113791 0.141167 0)
(0.124249 0.145132 0)
(0.1351 0.149422 0)
(0.146377 0.154041 0)
(0.158116 0.15899 0)
(0.170352 0.164273 0)
(0.183126 0.16989 0)
(0.196477 0.175843 0)
(0.210449 0.18213 0)
(0.225088 0.18875 0)
(0.240441 0.1957 0)
(0.256558 0.202972 0)
(0.273493 0.210559 0)
(0.291302 0.218449 0)
(0.310041 0.226628 0)
(0.329772 0.235076 0)
(0.350557 0.243771 0)
(0.37246 0.252684 0)
(0.395548 0.261779 0)
(0.419886 0.271017 0)
(0.445542 0.280348 0)
(0.472581 0.289716 0)
(0.501066 0.299057 0)
(0.531059 0.308296 0)
(0.562614 0.31735 0)
(0.595778 0.326129 0)
(0.630591 0.334534 0)
(0.667081 0.342457 0)
(0.705262 0.349787 0)
(0.745125 0.356411 0)
(0.786599 0.362217 0)
(0.829318 0.367101 0)
(0.871342 0.371008 0)
(0.902609 0.37412 0)
(0.880124 0.377867 0)
(0.695208 0.389644 0)
(0.173239 0.481853 0)
(-0.206691 0.380482 0)
(-0.644074 0.331791 0)
(-0.777491 0.32537 0)
(-0.786643 0.322714 0)
(-0.760138 0.320034 0)
(-0.727033 0.316742 0)
(-0.69364 0.31279 0)
(-0.661131 0.308221 0)
(-0.629721 0.303096 0)
(-0.599455 0.297482 0)
(-0.570339 0.291446 0)
(-0.542371 0.285055 0)
(-0.515536 0.278374 0)
(-0.489817 0.271467 0)
(-0.465188 0.264391 0)
(-0.441619 0.257201 0)
(-0.419077 0.249948 0)
(-0.397524 0.242677 0)
(-0.376923 0.235429 0)
(-0.357232 0.228241 0)
(-0.33841 0.221146 0)
(-0.320414 0.21417 0)
(-0.303204 0.207339 0)
(-0.286738 0.200673 0)
(-0.270974 0.194191 0)
(-0.255873 0.187909 0)
(-0.241395 0.181837 0)
(-0.227504 0.175988 0)
(-0.214161 0.170369 0)
(-0.201333 0.164988 0)
(-0.188983 0.15985 0)
(-0.177081 0.15496 0)
(-0.165593 0.15032 0)
(-0.154489 0.145934 0)
(-0.14374 0.141802 0)
(-0.133318 0.137927 0)
(-0.123194 0.134308 0)
(-0.113342 0.130946 0)
(-0.103737 0.127842 0)
(-0.0943527 0.124995 0)
(-0.0851661 0.122405 0)
(-0.0761531 0.120072 0)
(-0.0672938 0.117996 0)
(-0.058557 0.116093 0)
(-0.0499206 0.114343 0)
(-0.0413706 0.112826 0)
(-0.0328835 0.111566 0)
(-0.0244369 0.11056 0)
(-0.0160095 0.10981 0)
(-0.0075799 0.109315 0)
(0.000873318 0.109076 0)
(0.0093717 0.109093 0)
(0.017937 0.109367 0)
(0.0265911 0.109898 0)
(0.0353564 0.110689 0)
(0.0442555 0.11174 0)
(0.0533116 0.113053 0)
(0.0625484 0.11463 0)
(0.0719901 0.116472 0)
(0.0816619 0.118583 0)
(0.0915896 0.120962 0)
(0.1018 0.123613 0)
(0.112321 0.126537 0)
(0.12318 0.129736 0)
(0.134409 0.133212 0)
(0.146038 0.136964 0)
(0.158099 0.140995 0)
(0.170626 0.145304 0)
(0.183655 0.149891 0)
(0.197223 0.154753 0)
(0.211367 0.159889 0)
(0.226128 0.165294 0)
(0.241549 0.170964 0)
(0.257672 0.176891 0)
(0.274542 0.183065 0)
(0.292207 0.189476 0)
(0.310716 0.196109 0)
(0.330117 0.202947 0)
(0.350463 0.20997 0)
(0.371806 0.217153 0)
(0.394199 0.224467 0)
(0.417695 0.231879 0)
(0.442347 0.239352 0)
(0.468207 0.246841 0)
(0.495325 0.254299 0)
(0.52375 0.26167 0)
(0.553525 0.268896 0)
(0.584691 0.27591 0)
(0.617281 0.282644 0)
(0.651323 0.289023 0)
(0.686837 0.29497 0)
(0.723833 0.300408 0)
(0.762302 0.305257 0)
(0.80218 0.309443 0)
(0.843113 0.3129 0)
(0.883172 0.315602 0)
(0.912301 0.317728 0)
(0.887559 0.320525 0)
(0.699775 0.330287 0)
(0.175271 0.411182 0)
(-0.207865 0.32648 0)
(-0.647084 0.28392 0)
(-0.782377 0.278597 0)
(-0.793151 0.276571 0)
(-0.768183 0.274595 0)
(-0.736509 0.272152 0)
(-0.704438 0.269189 0)
(-0.673133 0.265733 0)
(-0.642801 0.261826 0)
(-0.61348 0.257512 0)
(-0.585177 0.252839 0)
(-0.557887 0.247856 0)
(-0.531602 0.242611 0)
(-0.506308 0.237149 0)
(-0.481985 0.231516 0)
(-0.458612 0.225755 0)
(-0.436163 0.219905 0)
(-0.41461 0.214005 0)
(-0.393923 0.208088 0)
(-0.37407 0.202186 0)
(-0.355018 0.196327 0)
(-0.336732 0.190537 0)
(-0.319179 0.184838 0)
(-0.302324 0.179251 0)
(-0.286132 0.173793 0)
(-0.270568 0.16848 0)
(-0.2556 0.163324 0)
(-0.241193 0.158338 0)
(-0.227316 0.153531 0)
(-0.213936 0.148913 0)
(-0.201022 0.144489 0)
(-0.188544 0.140265 0)
(-0.176472 0.136248 0)
(-0.164777 0.13244 0)
(-0.153433 0.128845 0)
(-0.14241 0.125465 0)
(-0.131684 0.122304 0)
(-0.121228 0.119361 0)
(-0.111017 0.11664 0)
(-0.101027 0.114141 0)
(-0.0912329 0.111865 0)
(-0.0816121 0.109812 0)
(-0.0721448 0.107984 0)
(-0.0627986 0.106294 0)
(-0.0535528 0.104726 0)
(-0.0443952 0.103368 0)
(-0.0353007 0.102235 0)
(-0.0262469 0.101328 0)
(-0.0172118 0.100647 0)
(-0.00817369 0.100191 0)
(0.000889379 0.0999619 0)
(0.00999941 0.099959 0)
(0.0191786 0.100183 0)
(0.0284494 0.100635 0)
(0.0378345 0.101315 0)
(0.0473569 0.102225 0)
(0.0570401 0.103365 0)
(0.066908 0.104736 0)
(0.0769852 0.10634 0)
(0.0872968 0.108176 0)
(0.0978686 0.110246 0)
(0.108727 0.11255 0)
(0.1199 0.115088 0)
(0.131415 0.117862 0)
(0.143301 0.12087 0)
(0.15559 0.124113 0)
(0.168311 0.127588 0)
(0.181497 0.131294 0)
(0.195183 0.135229 0)
(0.209402 0.139389 0)
(0.22419 0.143769 0)
(0.239584 0.148364 0)
(0.255623 0.153165 0)
(0.272346 0.158166 0)
(0.289794 0.163354 0)
(0.308008 0.168717 0)
(0.32703 0.174239 0)
(0.346905 0.179905 0)
(0.367676 0.185692 0)
(0.389388 0.191579 0)
(0.412084 0.197538 0)
(0.435809 0.20354 0)
(0.460605 0.209551 0)
(0.486516 0.215534 0)
(0.513581 0.22145 0)
(0.541839 0.227254 0)
(0.571323 0.232898 0)
(0.602067 0.238332 0)
(0.634096 0.243504 0)
(0.667435 0.248358 0)
(0.702098 0.25284 0)
(0.738097 0.256892 0)
(0.775428 0.260461 0)
(0.814032 0.263495 0)
(0.853566 0.265951 0)
(0.89211 0.267819 0)
(0.919609 0.269266 0)
(0.893175 0.271367 0)
(0.703171 0.279467 0)
(0.176903 0.350205 0)
(-0.208804 0.278782 0)
(-0.649376 0.241785 0)
(-0.786138 0.23738 0)
(-0.798161 0.235827 0)
(-0.774385 0.234362 0)
(-0.743835 0.232538 0)
(-0.712814 0.230303 0)
(-0.682477 0.227674 0)
(-0.653025 0.224679 0)
(-0.624493 0.22135 0)
(-0.596882 0.217721 0)
(-0.570189 0.213827 0)
(-0.544404 0.209703 0)
(-0.519516 0.205385 0)
(-0.495509 0.200906 0)
(-0.472364 0.196299 0)
(-0.450062 0.191596 0)
(-0.428579 0.186828 0)
(-0.407891 0.182021 0)
(-0.387971 0.177203 0)
(-0.368793 0.172397 0)
(-0.350328 0.167626 0)
(-0.332547 0.162909 0)
(-0.315421 0.158265 0)
(-0.29892 0.15371 0)
(-0.283014 0.149259 0)
(-0.267674 0.144924 0)
(-0.25287 0.140718 0)
(-0.238573 0.13665 0)
(-0.224754 0.132729 0)
(-0.211385 0.128962 0)
(-0.198438 0.125356 0)
(-0.185886 0.121918 0)
(-0.173702 0.118651 0)
(-0.161859 0.115561 0)
(-0.150332 0.11265 0)
(-0.139096 0.109921 0)
(-0.128124 0.107378 0)
(-0.117394 0.105023 0)
(-0.106882 0.102856 0)
(-0.0965628 0.100881 0)
(-0.0864141 0.0990981 0)
(-0.0764175 0.0975089 0)
(-0.0665388 0.0960257 0)
(-0.0567598 0.0946394 0)
(-0.0470694 0.0934391 0)
(-0.0374417 0.0924351 0)
(-0.0278541 0.0916277 0)
(-0.0182844 0.091017 0)
(-0.00871082 0.0906035 0)
(0.000888934 0.0903874 0)
(0.0105371 0.090369 0)
(0.020256 0.0905488 0)
(0.0300683 0.0909272 0)
(0.0399969 0.0915044 0)
(0.0500649 0.092281 0)
(0.0602958 0.0932572 0)
(0.0707135 0.0944334 0)
(0.0813426 0.0958097 0)
(0.0922078 0.0973862 0)
(0.103335 0.0991629 0)
(0.11475 0.101139 0)
(0.126479 0.103315 0)
(0.138551 0.105689 0)
(0.150994 0.10826 0)
(0.163836 0.111027 0)
(0.177108 0.113986 0)
(0.190839 0.117135 0)
(0.205063 0.12047 0)
(0.219811 0.123987 0)
(0.235117 0.12768 0)
(0.251014 0.131541 0)
(0.267539 0.135564 0)
(0.284726 0.139737 0)
(0.302613 0.144052 0)
(0.321236 0.148494 0)
(0.340633 0.15305 0)
(0.360842 0.157702 0)
(0.381902 0.162432 0)
(0.40385 0.167219 0)
(0.426725 0.17204 0)
(0.450563 0.176869 0)
(0.475403 0.181678 0)
(0.501278 0.186436 0)
(0.528223 0.191111 0)
(0.55627 0.195667 0)
(0.585449 0.200068 0)
(0.615786 0.204273 0)
(0.647306 0.208245 0)
(0.68003 0.211941 0)
(0.713974 0.215321 0)
(0.749151 0.218344 0)
(0.78556 0.220973 0)
(0.823151 0.223172 0)
(0.861586 0.224911 0)
(0.898952 0.226189 0)
(0.925198 0.227155 0)
(0.897478 0.228732 0)
(0.705733 0.235432 0)
(0.178233 0.296905 0)
(-0.209567 0.236115 0)
(-0.651136 0.204246 0)
(-0.789059 0.200626 0)
(-0.802051 0.199437 0)
(-0.779209 0.198353 0)
(-0.749544 0.19699 0)
(-0.719357 0.195303 0)
(-0.689797 0.1933 0)
(-0.661059 0.191002 0)
(-0.633175 0.188431 0)
(-0.606144 0.185613 0)
(-0.57996 0.182572 0)
(-0.554613 0.179336 0)
(-0.530092 0.175929 0)
(-0.506382 0.172378 0)
(-0.483467 0.16871 0)
(-0.46133 0.164947 0)
(-0.439951 0.161115 0)
(-0.419309 0.157235 0)
(-0.399381 0.153329 0)
(-0.380145 0.149418 0)
(-0.361575 0.145519 0)
(-0.343647 0.14165 0)
(-0.326335 0.137827 0)
(-0.309613 0.134064 0)
(-0.293455 0.130375 0)
(-0.277835 0.126771 0)
(-0.262726 0.123262 0)
(-0.248102 0.11986 0)
(-0.233937 0.116571 0)
(-0.220205 0.113403 0)
(-0.20688 0.110364 0)
(-0.193937 0.10746 0)
(-0.18135 0.104694 0)
(-0.169095 0.102073 0)
(-0.157147 0.099599 0)
(-0.145483 0.0972768 0)
(-0.134078 0.095109 0)
(-0.122908 0.0930983 0)
(-0.111951 0.0912469 0)
(-0.101183 0.089557 0)
(-0.0905824 0.0880303 0)
(-0.0801305 0.0866685 0)
(-0.0697928 0.0853853 0)
(-0.059553 0.0841773 0)
(-0.049402 0.0831323 0)
(-0.0393124 0.0822558 0)
(-0.0292618 0.081548 0)
(-0.0192282 0.0810094 0)
(-0.00918958 0.0806402 0)
(0.000876226 0.080441 0)
(0.0109915 0.0804118 0)
(0.0211786 0.0805529 0)
(0.0314602 0.0808646 0)
(0.0418591 0.0813469 0)
(0.0523984 0.082 0)
(0.0631015 0.0828237 0)
(0.0739921 0.0838179 0)
(0.0850943 0.0849823 0)
(0.096433 0.0863166 0)
(0.108033 0.0878199 0)
(0.11992 0.0894915 0)
(0.13212 0.09133 0)
(0.14466 0.0933339 0)
(0.157568 0.0955012 0)
(0.17087 0.0978295 0)
(0.184596 0.100316 0)
(0.198775 0.102956 0)
(0.213437 0.105747 0)
(0.228611 0.108682 0)
(0.24433 0.111757 0)
(0.260625 0.114963 0)
(0.277529 0.118292 0)
(0.295073 0.121737 0)
(0.313291 0.125285 0)
(0.332218 0.128926 0)
(0.351885 0.132645 0)
(0.372329 0.136429 0)
(0.393581 0.14026 0)
(0.415677 0.14412 0)
(0.43865 0.147989 0)
(0.462532 0.151847 0)
(0.487356 0.155668 0)
(0.513152 0.15943 0)
(0.539951 0.163105 0)
(0.567781 0.166665 0)
(0.596669 0.170083 0)
(0.626639 0.173327 0)
(0.657715 0.176368 0)
(0.689918 0.179175 0)
(0.723264 0.181718 0)
(0.75777 0.183969 0)
(0.793438 0.185898 0)
(0.830223 0.18748 0)
(0.867793 0.188696 0)
(0.904241 0.18955 0)
(0.929515 0.190169 0)
(0.90081 0.191339 0)
(0.707687 0.19684 0)
(0.179329 0.249744 0)
(-0.210191 0.197482 0)
(-0.652492 0.170406 0)
(-0.791341 0.167468 0)
(-0.805085 0.166568 0)
(-0.782975 0.165773 0)
(-0.754009 0.164763 0)
(-0.724483 0.163495 0)
(-0.695543 0.161976 0)
(-0.667382 0.160219 0)
(-0.640026 0.158242 0)
(-0.613473 0.156063 0)
(-0.587714 0.1537 0)
(-0.56274 0.151173 0)
(-0.538538 0.148501 0)
(-0.515093 0.145705 0)
(-0.492393 0.142805 0)
(-0.470419 0.139818 0)
(-0.449154 0.136765 0)
(-0.42858 0.133662 0)
(-0.408676 0.130528 0)
(-0.389421 0.127377 0)
(-0.370795 0.124227 0)
(-0.352774 0.12109 0)
(-0.335336 0.117981 0)
(-0.318458 0.114912 0)
(-0.302116 0.111894 0)
(-0.286287 0.108937 0)
(-0.270946 0.106052 0)
(-0.256069 0.103246 0)
(-0.241633 0.100528 0)
(-0.227613 0.0979042 0)
(-0.213985 0.0953816 0)
(-0.200726 0.0929657 0)
(-0.187812 0.0906614 0)
(-0.17522 0.0884733 0)
(-0.162926 0.0864053 0)
(-0.150907 0.0844611 0)
(-0.139141 0.0826437 0)
(-0.127604 0.080956 0)
(-0.116274 0.0794003 0)
(-0.105129 0.077979 0)
(-0.0941453 0.076694 0)
(-0.0833075 0.0755469 0)
(-0.0725794 0.0744556 0)
(-0.0619475 0.0734214 0)
(-0.0514042 0.0725282 0)
(-0.0409205 0.0717769 0)
(-0.0304746 0.071168 0)
(-0.0200445 0.0707019 0)
(-0.00960838 0.0703792 0)
(0.00085588 0.0701999 0)
(0.0113704 0.0701644 0)
(0.0219576 0.0702728 0)
(0.0326398 0.0705251 0)
(0.0434397 0.0709213 0)
(0.0543802 0.0714612 0)
(0.0654845 0.0721445 0)
(0.0767759 0.0729708 0)
(0.0882785 0.0739396 0)
(0.100016 0.07505 0)
(0.112014 0.076301 0)
(0.124296 0.0776914 0)
(0.136889 0.0792196 0)
(0.149818 0.0808837 0)
(0.16311 0.0826814 0)
(0.17679 0.08461 0)
(0.190888 0.0866662 0)
(0.20543 0.0888462 0)
(0.220445 0.0911457 0)
(0.235961 0.0935594 0)
(0.252008 0.0960816 0)
(0.268615 0.0987055 0)
(0.285812 0.101424 0)
(0.303629 0.104227 0)
(0.322098 0.107108 0)
(0.341249 0.110053 0)
(0.361112 0.113053 0)
(0.381718 0.116093 0)
(0.403099 0.119161 0)
(0.425284 0.12224 0)
(0.448305 0.125314 0)
(0.47219 0.128365 0)
(0.496969 0.131375 0)
(0.522669 0.134323 0)
(0.54932 0.137189 0)
(0.576946 0.139951 0)
(0.605574 0.142586 0)
(0.635226 0.145072 0)
(0.665927 0.147386 0)
(0.697696 0.149504 0)
(0.730553 0.151405 0)
(0.764516 0.153066 0)
(0.799591 0.154467 0)
(0.835736 0.15559 0)
(0.872625 0.15642 0)
(0.908353 0.156962 0)
(0.932871 0.157329 0)
(0.903407 0.158173 0)
(0.70919 0.162632 0)
(0.180237 0.207516 0)
(-0.210704 0.162079 0)
(-0.653538 0.13954 0)
(-0.793123 0.137202 0)
(-0.807452 0.136536 0)
(-0.785914 0.135966 0)
(-0.757496 0.135229 0)
(-0.728492 0.134289 0)
(-0.700045 0.13315 0)
(-0.672344 0.131822 0)
(-0.645413 0.130317 0)
(-0.619247 0.12865 0)
(-0.593837 0.126833 0)
(-0.569171 0.124882 0)
(-0.545237 0.122812 0)
(-0.522021 0.120637 0)
(-0.499509 0.118372 0)
(-0.477684 0.116033 0)
(-0.45653 0.113633 0)
(-0.436029 0.111187 0)
(-0.416164 0.108709 0)
(-0.396914 0.106211 0)
(-0.378261 0.103705 0)
(-0.360184 0.101204 0)
(-0.342662 0.098718 0)
(-0.325674 0.0962577 0)
(-0.309198 0.0938326 0)
(-0.293213 0.0914513 0)
(-0.277696 0.0891222 0)
(-0.262625 0.0868526 0)
(-0.247978 0.0846494 0)
(-0.233733 0.0825188 0)
(-0.219866 0.0804666 0)
(-0.206355 0.0784977 0)
(-0.193179 0.0766169 0)
(-0.180314 0.0748282 0)
(-0.167739 0.0731355 0)
(-0.155431 0.071542 0)
(-0.143369 0.0700508 0)
(-0.131529 0.0686645 0)
(-0.119892 0.0673856 0)
(-0.108433 0.0662162 0)
(-0.0971327 0.0651582 0)
(-0.085973 0.0642101 0)
(-0.0749193 0.0633026 0)
(-0.0639606 0.0624405 0)
(-0.053089 0.0616946 0)
(-0.0422754 0.0610658 0)
(-0.0314981 0.0605545 0)
(-0.0207354 0.0601612 0)
(-0.00996569 0.0598862 0)
(0.000832989 0.0597299 0)
(0.0116826 0.0596924 0)
(0.0226052 0.0597737 0)
(0.033623 0.0599738 0)
(0.0447586 0.0602925 0)
(0.0560345 0.0607296 0)
(0.0674736 0.0612846 0)
(0.0790991 0.061957 0)
(0.0909345 0.062746 0)
(0.103003 0.0636507 0)
(0.11533 0.06467 0)
(0.127939 0.0658026 0)
(0.140854 0.0670466 0)
(0.154101 0.0684002 0)
(0.167706 0.069861 0)
(0.181694 0.0714263 0)
(0.196092 0.073093 0)
(0.210925 0.0748573 0)
(0.226222 0.0767152 0)
(0.242009 0.0786619 0)
(0.258313 0.0806921 0)
(0.275163 0.0827997 0)
(0.292587 0.0849782 0)
(0.310614 0.0872199 0)
(0.329271 0.0895168 0)
(0.348587 0.0918596 0)
(0.368591 0.0942386 0)
(0.389311 0.0966428 0)
(0.410776 0.0990606 0)
(0.433015 0.101479 0)
(0.456054 0.103886 0)
(0.479922 0.106265 0)
(0.504645 0.108603 0)
(0.530251 0.110884 0)
(0.556765 0.11309 0)
(0.584212 0.115206 0)
(0.612617 0.117214 0)
(0.642003 0.119096 0)
(0.672393 0.120835 0)
(0.70381 0.122414 0)
(0.736273 0.123816 0)
(0.769801 0.125023 0)
(0.804405 0.126022 0)
(0.840045 0.126798 0)
(0.876397 0.12734 0)
(0.911562 0.127655 0)
(0.935489 0.127834 0)
(0.905437 0.128415 0)
(0.710354 0.131953 0)
(0.180989 0.169251 0)
(-0.211123 0.129242 0)
(-0.65434 0.111047 0)
(-0.794507 0.109245 0)
(-0.809287 0.108771 0)
(-0.788194 0.108379 0)
(-0.760202 0.107857 0)
(-0.731605 0.107177 0)
(-0.703544 0.106342 0)
(-0.676204 0.105359 0)
(-0.649608 0.104237 0)
(-0.62375 0.102987 0)
(-0.598619 0.101618 0)
(-0.574202 0.100143 0)
(-0.550487 0.098571 0)
(-0.527459 0.0969146 0)
(-0.505103 0.0951846 0)
(-0.483406 0.0933924 0)
(-0.46235 0.091549 0)
(-0.441919 0.0896651 0)
(-0.422096 0.0877513 0)
(-0.402862 0.0858175 0)
(-0.384199 0.0838736 0)
(-0.366088 0.0819286 0)
(-0.34851 0.0799913 0)
(-0.331445 0.0780699 0)
(-0.314873 0.0761721 0)
(-0.298772 0.0743051 0)
(-0.283123 0.0724757 0)
(-0.267905 0.0706899 0)
(-0.253097 0.0689534 0)
(-0.238676 0.0672716 0)
(-0.224623 0.0656491 0)
(-0.210915 0.0640903 0)
(-0.197531 0.0625993 0)
(-0.184451 0.0611796 0)
(-0.171652 0.0598345 0)
(-0.159113 0.0585669 0)
(-0.146813 0.0573796 0)
(-0.13473 0.0562749 0)
(-0.122844 0.0552549 0)
(-0.111132 0.0543217 0)
(-0.099574 0.053477 0)
(-0.0881528 0.0527171 0)
(-0.0768344 0.0519862 0)
(-0.0656093 0.0512904 0)
(-0.0544696 0.0506875 0)
(-0.0433863 0.0501781 0)
(-0.0323379 0.0497629 0)
(-0.0213031 0.0494421 0)
(-0.0102603 0.0492161 0)
(0.000812124 0.0490852 0)
(0.011936 0.0490494 0)
(0.0231331 0.0491088 0)
(0.0344255 0.0492632 0)
(0.0458354 0.0495125 0)
(0.0573851 0.0498563 0)
(0.0690973 0.0502941 0)
(0.0809947 0.0508255 0)
(0.0931006 0.0514496 0)
(0.105438 0.0521656 0)
(0.118031 0.0529722 0)
(0.130903 0.0538682 0)
(0.144078 0.054852 0)
(0.157581 0.0559217 0)
(0.171437 0.0570752 0)
(0.18567 0.0583099 0)
(0.200306 0.0596231 0)
(0.21537 0.0610115 0)
(0.230889 0.0624714 0)
(0.246887 0.0639989 0)
(0.263392 0.0655892 0)
(0.280431 0.0672373 0)
(0.298029 0.0689375 0)
(0.316214 0.0706837 0)
(0.335013 0.0724689 0)
(0.354452 0.0742858 0)
(0.374558 0.0761262 0)
(0.395359 0.0779815 0)
(0.41688 0.0798422 0)
(0.43915 0.0816984 0)
(0.462194 0.0835394 0)
(0.486038 0.0853542 0)
(0.510707 0.0871308 0)
(0.536229 0.0888572 0)
(0.562626 0.0905206 0)
(0.589924 0.0921082 0)
(0.618147 0.0936068 0)
(0.647318 0.0950031 0)
(0.67746 0.0962837 0)
(0.708595 0.0974355 0)
(0.740746 0.0984455 0)
(0.773933 0.0993013 0)
(0.808167 0.099991 0)
(0.843411 0.100504 0)
(0.879344 0.100832 0)
(0.914068 0.10098 0)
(0.937534 0.101022 0)
(0.907026 0.101385 0)
(0.711263 0.104098 0)
(0.181609 0.134149 0)
(-0.21146 0.0984099 0)
(-0.65495 0.0844156 0)
(-0.795568 0.0830967 0)
(-0.810692 0.0827845 0)
(-0.789938 0.0825335 0)
(-0.762273 0.0821836 0)
(-0.733987 0.0817136 0)
(-0.706219 0.0811255 0)
(-0.679156 0.0804251 0)
(-0.652817 0.0796194 0)
(-0.627195 0.0787159 0)
(-0.602278 0.0777223 0)
(-0.578054 0.0766468 0)
(-0.554509 0.0754974 0)
(-0.531628 0.0742824 0)
(-0.509398 0.0730102 0)
(-0.487803 0.071689 0)
(-0.466827 0.0703269 0)
(-0.446455 0.068932 0)
(-0.426669 0.067512 0)
(-0.407452 0.0660744 0)
(-0.388788 0.0646265 0)
(-0.370657 0.0631752 0)
(-0.353042 0.0617271 0)
(-0.335922 0.0602886 0)
(-0.31928 0.0588655 0)
(-0.303096 0.0574633 0)
(-0.287349 0.0560873 0)
(-0.272021 0.0547423 0)
(-0.257091 0.0534328 0)
(-0.242538 0.0521628 0)
(-0.228343 0.0509362 0)
(-0.214484 0.0497565 0)
(-0.200942 0.0486268 0)
(-0.187695 0.0475501 0)
(-0.174723 0.0465291 0)
(-0.162005 0.0455661 0)
(-0.14952 0.0446634 0)
(-0.137248 0.043823 0)
(-0.125167 0.0430466 0)
(-0.113257 0.0423358 0)
(-0.101497 0.0416921 0)
(-0.0898703 0.0411113 0)
(-0.0783438 0.0405501 0)
(-0.0669091 0.0400153 0)
(-0.055558 0.0395513 0)
(-0.0442619 0.0391586 0)
(-0.0329996 0.0388378 0)
(-0.0217498 0.0385892 0)
(-0.0104913 0.038413 0)
(0.000797531 0.0383094 0)
(0.0121381 0.0382785 0)
(0.0235521 0.0383203 0)
(0.0350613 0.0384347 0)
(0.0466877 0.0386215 0)
(0.0584535 0.0388804 0)
(0.070381 0.0392109 0)
(0.0824928 0.0396125 0)
(0.0948116 0.0400846 0)
(0.10736 0.0406263 0)
(0.120162 0.0412367 0)
(0.133241 0.0419145 0)
(0.146619 0.0426584 0)
(0.160322 0.0434669 0)
(0.174372 0.0443381 0)
(0.188796 0.04527 0)
(0.203616 0.0462601 0)
(0.218859 0.0473059 0)
(0.234548 0.0484044 0)
(0.25071 0.0495523 0)
(0.267369 0.0507458 0)
(0.28455 0.051981 0)
(0.302281 0.0532533 0)
(0.320585 0.0545578 0)
(0.33949 0.0558892 0)
(0.359021 0.0572417 0)
(0.379203 0.058609 0)
(0.400062 0.0599844 0)
(0.421624 0.0613609 0)
(0.443914 0.0627307 0)
(0.466958 0.0640859 0)
(0.490781 0.0654181 0)
(0.515406 0.0667184 0)
(0.54086 0.0679778 0)
(0.567166 0.0691868 0)
(0.594349 0.0703358 0)
(0.622431 0.0714149 0)
(0.651437 0.0724141 0)
(0.681388 0.0733236 0)
(0.712309 0.0741334 0)
(0.744221 0.0748336 0)
(0.777145 0.0754147 0)
(0.811095 0.0758675 0)
(0.846035 0.076183 0)
(0.881645 0.0763547 0)
(0.916027 0.0763851 0)
(0.939134 0.0763291 0)
(0.90827 0.076513 0)
(0.71198 0.0784774 0)
(0.182118 0.101544 0)
(-0.211725 0.0691034 0)
(-0.65541 0.0592055 0)
(-0.796367 0.0583272 0)
(-0.811746 0.0581494 0)
(-0.791245 0.0580098 0)
(-0.76382 0.0577972 0)
(-0.735761 0.0574977 0)
(-0.708208 0.0571134 0)
(-0.681345 0.0566491 0)
(-0.655191 0.0561099 0)
(-0.62974 0.0555013 0)
(-0.604978 0.0548289 0)
(-0.580893 0.0540984 0)
(-0.557471 0.0533154 0)
(-0.534697 0.0524856 0)
(-0.512557 0.0516149 0)
(-0.491037 0.0507088 0)
(-0.47012 0.0497731 0)
(-0.449791 0.0488131 0)
(-0.430034 0.0478343 0)
(-0.410832 0.0468419 0)
(-0.392167 0.0458411 0)
(-0.374023 0.0448365 0)
(-0.356381 0.0438329 0)
(-0.339224 0.0428347 0)
(-0.322532 0.041846 0)
(-0.306288 0.0408707 0)
(-0.290471 0.0399126 0)
(-0.275063 0.0389752 0)
(-0.260045 0.0380615 0)
(-0.245396 0.0371746 0)
(-0.231097 0.0363172 0)
(-0.217129 0.035492 0)
(-0.20347 0.0347011 0)
(-0.190101 0.0339468 0)
(-0.177001 0.033231 0)
(-0.164151 0.0325556 0)
(-0.15153 0.031922 0)
(-0.139117 0.0313318 0)
(-0.126892 0.0307864 0)
(-0.114835 0.0302868 0)
(-0.102925 0.0298344 0)
(-0.0911456 0.0294249 0)
(-0.0794643 0.0290282 0)
(-0.0678735 0.0286497 0)
(-0.0563648 0.028321 0)
(-0.04491 0.0280426 0)
(-0.033488 0.0278148 0)
(-0.0220777 0.0276379 0)
(-0.0106579 0.0275119 0)
(0.000792548 0.0274372 0)
(0.0122951 0.0274137 0)
(0.0238713 0.0274414 0)
(0.0355427 0.0275202 0)
(0.0473311 0.02765 0)
(0.0592584 0.0278306 0)
(0.0713468 0.0280615 0)
(0.0836186 0.0283423 0)
(0.0960964 0.0286726 0)
(0.108803 0.0290517 0)
(0.121761 0.0294788 0)
(0.134993 0.0299531 0)
(0.148523 0.0304734 0)
(0.162374 0.0310386 0)
(0.17657 0.0316474 0)
(0.191136 0.0322982 0)
(0.206094 0.0329891 0)
(0.221469 0.0337184 0)
(0.237285 0.0344837 0)
(0.253568 0.0352828 0)
(0.27034 0.0361127 0)
(0.287629 0.0369708 0)
(0.305458 0.0378536 0)
(0.323852 0.0387576 0)
(0.342836 0.0396791 0)
(0.362435 0.0406139 0)
(0.382673 0.0415576 0)
(0.403577 0.0425054 0)
(0.42517 0.0434522 0)
(0.447478 0.0443927 0)
(0.470525 0.0453213 0)
(0.494335 0.0462322 0)
(0.518932 0.0471191 0)
(0.544341 0.0479757 0)
(0.570585 0.0487954 0)
(0.597687 0.0495716 0)
(0.625672 0.0502972 0)
(0.654561 0.0509654 0)
(0.684378 0.0515689 0)
(0.715146 0.0521006 0)
(0.746888 0.0525534 0)
(0.779623 0.0529198 0)
(0.813366 0.0531927 0)
(0.848081 0.0533648 0)
(0.883448 0.0534297 0)
(0.91757 0.053387 0)
(0.9404 0.0532728 0)
(0.909256 0.0533145 0)
(0.712562 0.0545949 0)
(0.182532 0.070874 0)
(-0.21193 0.0409141 0)
(-0.65576 0.0350361 0)
(-0.79696 0.0345571 0)
(-0.812524 0.034484 0)
(-0.792197 0.0344261 0)
(-0.764934 0.0343197 0)
(-0.737027 0.0341582 0)
(-0.709613 0.0339442 0)
(-0.682879 0.0336812 0)
(-0.656844 0.0333728 0)
(-0.631501 0.0330226 0)
(-0.606837 0.032634 0)
(-0.582838 0.0322106 0)
(-0.559493 0.0317556 0)
(-0.536785 0.0312725 0)
(-0.514701 0.0307648 0)
(-0.493226 0.0302357 0)
(-0.472344 0.0296885 0)
(-0.452041 0.0291266 0)
(-0.4323 0.0285531 0)
(-0.413104 0.0279709 0)
(-0.394437 0.0273833 0)
(-0.376282 0.0267929 0)
(-0.358621 0.0262026 0)
(-0.341437 0.025615 0)
(-0.324711 0.0250326 0)
(-0.308425 0.0244577 0)
(-0.292561 0.0238925 0)
(-0.277099 0.0233391 0)
(-0.262022 0.0227993 0)
(-0.247308 0.0222751 0)
(-0.23294 0.0217681 0)
(-0.218897 0.0212797 0)
(-0.20516 0.0208115 0)
(-0.191709 0.0203647 0)
(-0.178524 0.0199406 0)
(-0.165585 0.0195401 0)
(-0.152872 0.0191644 0)
(-0.140365 0.0188143 0)
(-0.128044 0.0184907 0)
(-0.115887 0.0181942 0)
(-0.103877 0.0179257 0)
(-0.0919945 0.0176822 0)
(-0.080209 0.0174458 0)
(-0.0685131 0.0172202 0)
(-0.0568984 0.0170243 0)
(-0.0453367 0.0168581 0)
(-0.033807 0.0167221 0)
(-0.0222885 0.0166163 0)
(-0.0107599 0.0165408 0)
(0.000799671 0.0164958 0)
(0.0124117 0.0164813 0)
(0.0240974 0.0164972 0)
(0.0358785 0.0165436 0)
(0.0477765 0.0166202 0)
(0.0598133 0.016727 0)
(0.0720108 0.0168638 0)
(0.0843913 0.0170302 0)
(0.0969771 0.0172259 0)
(0.109791 0.0174505 0)
(0.122855 0.0177036 0)
(0.136192 0.0179845 0)
(0.149826 0.0182927 0)
(0.163779 0.0186273 0)
(0.178074 0.0189876 0)
(0.192737 0.0193725 0)
(0.207789 0.0197811 0)
(0.223256 0.0202121 0)
(0.239161 0.0206642 0)
(0.255528 0.0211359 0)
(0.272381 0.0216256 0)
(0.289745 0.0221314 0)
(0.307644 0.0226513 0)
(0.326102 0.0231834 0)
(0.345145 0.0237252 0)
(0.364795 0.0242743 0)
(0.385079 0.0248281 0)
(0.406019 0.0253837 0)
(0.427641 0.0259381 0)
(0.449968 0.0264882 0)
(0.473025 0.0270307 0)
(0.496836 0.027562 0)
(0.521423 0.0280784 0)
(0.546812 0.0285762 0)
(0.573025 0.0290514 0)
(0.600086 0.0294999 0)
(0.628016 0.0299178 0)
(0.65684 0.0303008 0)
(0.686579 0.0306445 0)
(0.717257 0.0309445 0)
(0.748895 0.0311962 0)
(0.781513 0.0313945 0)
(0.815124 0.0315344 0)
(0.849691 0.0316103 0)
(0.884892 0.0316165 0)
(0.918828 0.03155 0)
(0.941449 0.0314276 0)
(0.91008 0.0313792 0)
(0.713076 0.0320458 0)
(0.182876 0.041688 0)
(-0.212096 0.0135272 0)
(-0.656066 0.0115843 0)
(-0.79743 0.0114391 0)
(-0.813108 0.0114246 0)
(-0.792879 0.011412 0)
(-0.765699 0.0113815 0)
(-0.737863 0.0113315 0)
(-0.710514 0.0112634 0)
(-0.683837 0.0111785 0)
(-0.657854 0.0110783 0)
(-0.632556 0.0109641 0)
(-0.607931 0.010837 0)
(-0.583968 0.0106983 0)
(-0.560652 0.010549 0)
(-0.537969 0.0103904 0)
(-0.515905 0.0102235 0)
(-0.494445 0.0100495 0)
(-0.473574 0.00986937 0)
(-0.453277 0.0096843 0)
(-0.433537 0.00949529 0)
(-0.414338 0.00930338 0)
(-0.395664 0.00910954 0)
(-0.377497 0.00891473 0)
(-0.359821 0.00871986 0)
(-0.342618 0.0085258 0)
(-0.32587 0.00833337 0)
(-0.309559 0.00814336 0)
(-0.293666 0.00795649 0)
(-0.278173 0.00777346 0)
(-0.263062 0.00759492 0)
(-0.248312 0.00742146 0)
(-0.233905 0.00725363 0)
(-0.219821 0.00709196 0)
(-0.206042 0.00693691 0)
(-0.192546 0.00678892 0)
(-0.179315 0.0066484 0)
(-0.166329 0.00651571 0)
(-0.153567 0.00639119 0)
(-0.14101 0.00627515 0)
(-0.128637 0.00616785 -4.67197e-30)
(-0.116428 0.00606957 0)
(-0.104364 0.00598052 0)
(-0.0924276 0.00589974 -4.67699e-30)
(-0.0805869 0.00582122 0)
(-0.0688355 0.00574629 0)
(-0.0571647 0.00568119 4.67323e-30)
(-0.0455464 0.00562601 0)
(-0.0339598 0.0055808 0)
(-0.0223839 0.00554564 0)
(-0.0107977 0.00552055 0)
(0.000820011 0.00550558 0)
(0.0124903 0.00550073 0)
(0.0242347 0.00550601 0)
(0.0360745 0.0055214 0)
(0.0480314 0.00554685 0)
(0.0601271 0.00558231 0)
(0.0723836 0.00562769 0)
(0.0848231 0.00568289 0)
(0.0974677 0.00574779 0)
(0.11034 0.00582227 0)
(0.123463 0.00590615 -2.32208e-30)
(0.136858 0.00599926 0)
(0.150549 0.00610138 -2.31983e-30)
(0.16456 0.00621226 0)
(0.178912 0.00633161 0)
(0.193631 0.00645912 -2.31624e-30)
(0.208738 0.00659442 4.62997e-30)
(0.224259 0.00673712 0)
(0.240217 0.00688677 -2.31238e-30)
(0.256635 0.00704287 4.62206e-30)
(0.273538 0.00720487 0)
(0.290949 0.00737215 0)
(0.308894 0.00754407 0)
(0.327396 0.0077199 -2.30527e-30)
(0.346479 0.00789888 0)
(0.366168 0.00808018 0)
(0.386487 0.0082629 -2.30054e-30)
(0.407459 0.0084461 0)
(0.42911 0.00862877 2.29718e-30)
(0.451463 0.00880989 0)
(0.474541 0.00898835 0)
(0.498369 0.00916302 0)
(0.522969 0.00933269 4.57988e-30)
(0.548366 0.0094961 0)
(0.574582 0.00965193 -4.57209e-30)
(0.601641 0.00979881 0)
(0.629564 0.00993533 0)
(0.658375 0.0100601 4.5597e-30)
(0.688097 0.0101716 0)
(0.718749 0.0102683 0)
(0.750355 0.0103487 0)
(0.782933 0.0104108 0)
(0.816494 0.0104528 0)
(0.850999 0.0104722 2.26615e-30)
(0.886124 0.0104667 0)
(0.919962 0.0104341 0)
(0.942453 0.0103782 4.51698e-30)
(0.910911 0.0103396 0)
(0.713656 0.0105297 4.48767e-30)
(0.1832 0.0137098 0)
(-0.212096 -0.0135262 0)
(-0.656066 -0.0115833 0)
(-0.79743 -0.0114381 0)
(-0.813108 -0.0114237 0)
(-0.792879 -0.0114112 0)
(-0.765699 -0.0113808 0)
(-0.737864 -0.011331 0)
(-0.710514 -0.0112629 0)
(-0.683837 -0.0111782 0)
(-0.657854 -0.0110781 0)
(-0.632556 -0.010964 0)
(-0.607931 -0.010837 0)
(-0.583968 -0.0106982 0)
(-0.560652 -0.010549 0)
(-0.537969 -0.0103904 0)
(-0.515905 -0.0102235 0)
(-0.494445 -0.0100494 0)
(-0.473574 -0.00986933 0)
(-0.453277 -0.00968427 0)
(-0.433537 -0.00949528 0)
(-0.414338 -0.00930339 0)
(-0.395664 -0.00910956 0)
(-0.377497 -0.00891476 0)
(-0.359821 -0.00871989 0)
(-0.342618 -0.00852582 0)
(-0.32587 -0.00833337 0)
(-0.309559 -0.00814334 0)
(-0.293666 -0.00795644 0)
(-0.278173 -0.00777338 0)
(-0.263062 -0.00759478 0)
(-0.248312 -0.00742126 0)
(-0.233905 -0.00725338 0)
(-0.219821 -0.00709166 0)
(-0.206042 -0.00693657 0)
(-0.192546 -0.00678855 0)
(-0.179315 -0.00664801 0)
(-0.166329 -0.0065153 0)
(-0.153567 -0.00639076 0)
(-0.14101 -0.00627471 0)
(-0.128637 -0.00616741 4.67197e-30)
(-0.116428 -0.00606912 0)
(-0.104364 -0.00598007 0)
(-0.0924276 -0.00589926 4.67699e-30)
(-0.0805869 -0.0058207 0)
(-0.0688354 -0.0057457 0)
(-0.0571646 -0.00568051 -4.67323e-30)
(-0.0455463 -0.00562524 0)
(-0.0339597 -0.00557994 0)
(-0.0223837 -0.00554469 0)
(-0.0107975 -0.00551953 0)
(0.000820189 -0.00550448 0)
(0.0124905 -0.00549953 0)
(0.0242349 -0.0055047 0)
(0.0360747 -0.00551995 0)
(0.0480316 -0.00554526 0)
(0.0601272 -0.00558058 0)
(0.0723837 -0.00562584 0)
(0.0848231 -0.00568096 0)
(0.0974678 -0.00574581 0)
(0.11034 -0.00582025 0)
(0.123463 -0.00590413 2.32208e-30)
(0.136858 -0.00599723 0)
(0.150549 -0.00609934 2.31983e-30)
(0.16456 -0.00621021 0)
(0.178912 -0.00632956 0)
(0.193631 -0.00645708 2.31624e-30)
(0.208738 -0.00659241 -4.62997e-30)
(0.224259 -0.00673514 0)
(0.240217 -0.00688481 2.31238e-30)
(0.256635 -0.00704093 -4.62206e-30)
(0.273538 -0.00720295 0)
(0.290949 -0.00737026 0)
(0.308894 -0.00754219 0)
(0.327396 -0.00771803 2.30527e-30)
(0.346479 -0.00789699 0)
(0.366168 -0.00807825 0)
(0.386487 -0.00826093 2.30054e-30)
(0.407459 -0.00844411 0)
(0.42911 -0.00862682 -2.29718e-30)
(0.451462 -0.00880802 0)
(0.474541 -0.0089866 0)
(0.498369 -0.0091614 0)
(0.522969 -0.00933118 -4.57988e-30)
(0.548366 -0.00949465 0)
(0.574582 -0.00965049 4.57209e-30)
(0.601641 -0.00979734 0)
(0.629565 -0.00993382 0)
(0.658375 -0.0100585 -4.5597e-30)
(0.688096 -0.0101701 0)
(0.718749 -0.0102669 0)
(0.750355 -0.0103473 0)
(0.782933 -0.0104095 0)
(0.816494 -0.0104516 0)
(0.850999 -0.0104712 -2.26615e-30)
(0.886124 -0.0104658 0)
(0.919962 -0.0104332 0)
(0.942453 -0.0103774 -4.51698e-30)
(0.910911 -0.0103388 0)
(0.713656 -0.0105289 -4.48767e-30)
(0.1832 -0.013709 0)
(-0.21193 -0.0409133 0)
(-0.65576 -0.0350354 0)
(-0.796961 -0.0345564 0)
(-0.812524 -0.0344833 0)
(-0.792197 -0.0344254 0)
(-0.764935 -0.0343191 0)
(-0.737027 -0.0341577 0)
(-0.709614 -0.0339438 0)
(-0.682879 -0.0336809 0)
(-0.656844 -0.0333727 0)
(-0.631501 -0.0330225 0)
(-0.606837 -0.032634 0)
(-0.582838 -0.0322106 0)
(-0.559493 -0.0317556 0)
(-0.536785 -0.0312726 0)
(-0.514701 -0.0307648 0)
(-0.493226 -0.0302357 0)
(-0.472344 -0.0296885 0)
(-0.452041 -0.0291266 0)
(-0.4323 -0.028553 0)
(-0.413104 -0.027971 0)
(-0.394437 -0.0273833 0)
(-0.376282 -0.026793 0)
(-0.358621 -0.0262028 0)
(-0.341437 -0.0256152 0)
(-0.324711 -0.0250327 0)
(-0.308425 -0.0244578 0)
(-0.292561 -0.0238925 0)
(-0.277099 -0.023339 0)
(-0.262021 -0.0227992 0)
(-0.247308 -0.0222749 0)
(-0.23294 -0.0217678 0)
(-0.218897 -0.0212794 0)
(-0.20516 -0.0208112 0)
(-0.191709 -0.0203644 0)
(-0.178524 -0.0199402 0)
(-0.165585 -0.0195397 0)
(-0.152872 -0.019164 0)
(-0.140365 -0.0188139 0)
(-0.128044 -0.0184902 0)
(-0.115887 -0.0181937 0)
(-0.103877 -0.0179251 0)
(-0.0919943 -0.0176817 0)
(-0.0802087 -0.0174452 0)
(-0.0685128 -0.0172196 0)
(-0.0568981 -0.0170235 0)
(-0.0453364 -0.0168573 0)
(-0.0338067 -0.0167212 0)
(-0.0222882 -0.0166153 0)
(-0.0107597 -0.0165398 0)
(0.000799937 -0.0164947 0)
(0.012412 -0.0164801 0)
(0.0240979 -0.016496 0)
(0.035879 -0.0165422 0)
(0.0477771 -0.0166188 0)
(0.0598138 -0.0167255 0)
(0.0720112 -0.0168622 0)
(0.0843916 -0.0170285 0)
(0.0969773 -0.0172242 0)
(0.109791 -0.0174488 0)
(0.122855 -0.0177018 0)
(0.136192 -0.0179827 0)
(0.149826 -0.0182908 0)
(0.163779 -0.0186254 0)
(0.178074 -0.0189857 0)
(0.192737 -0.0193706 0)
(0.20779 -0.0197792 0)
(0.223256 -0.0202101 0)
(0.239161 -0.0206622 0)
(0.255528 -0.0211338 0)
(0.272381 -0.0216234 0)
(0.289745 -0.0221292 0)
(0.307643 -0.0226492 0)
(0.326102 -0.0231813 0)
(0.345144 -0.0237233 0)
(0.364795 -0.0242726 0)
(0.385078 -0.0248265 0)
(0.406019 -0.0253822 0)
(0.427641 -0.0259367 0)
(0.449968 -0.0264868 0)
(0.473025 -0.0270291 0)
(0.496835 -0.0275603 0)
(0.521423 -0.0280767 0)
(0.546812 -0.0285744 0)
(0.573025 -0.0290496 0)
(0.600086 -0.0294983 0)
(0.628016 -0.0299163 0)
(0.65684 -0.0302994 0)
(0.686579 -0.0306431 0)
(0.717257 -0.0309431 0)
(0.748894 -0.0311948 0)
(0.781513 -0.0313932 0)
(0.815124 -0.0315332 0)
(0.84969 -0.0316092 0)
(0.884892 -0.0316154 0)
(0.918828 -0.0315488 0)
(0.941449 -0.0314266 0)
(0.91008 -0.0313782 0)
(0.713076 -0.0320449 0)
(0.182876 -0.0416871 0)
(-0.211725 -0.0691029 0)
(-0.65541 -0.059205 0)
(-0.796367 -0.0583267 0)
(-0.811747 -0.0581488 0)
(-0.791246 -0.0580093 0)
(-0.76382 -0.0577968 0)
(-0.735762 -0.0574973 0)
(-0.708209 -0.0571131 0)
(-0.681345 -0.0566488 0)
(-0.655192 -0.0561097 0)
(-0.62974 -0.0555013 0)
(-0.604979 -0.0548289 0)
(-0.580893 -0.0540984 0)
(-0.557471 -0.0533154 0)
(-0.534697 -0.0524857 0)
(-0.512557 -0.0516149 0)
(-0.491037 -0.0507088 0)
(-0.47012 -0.0497731 0)
(-0.449791 -0.0488131 0)
(-0.430034 -0.0478343 0)
(-0.410832 -0.046842 0)
(-0.392167 -0.0458411 0)
(-0.374023 -0.0448366 0)
(-0.356381 -0.0438331 0)
(-0.339224 -0.0428348 0)
(-0.322532 -0.0418461 0)
(-0.306287 -0.0408709 0)
(-0.290471 -0.0399128 0)
(-0.275063 -0.0389753 0)
(-0.260045 -0.0380615 0)
(-0.245396 -0.0371746 0)
(-0.231097 -0.0363172 0)
(-0.217128 -0.0354919 0)
(-0.203469 -0.0347009 0)
(-0.1901 -0.0339466 0)
(-0.177001 -0.0332307 0)
(-0.164151 -0.0325552 0)
(-0.15153 -0.0319215 0)
(-0.139117 -0.0313313 0)
(-0.126892 -0.0307858 0)
(-0.114835 -0.0302862 0)
(-0.102925 -0.0298337 0)
(-0.0911455 -0.0294243 0)
(-0.079464 -0.0290275 0)
(-0.0678731 -0.028649 0)
(-0.0563644 -0.0283203 0)
(-0.0449096 -0.0280419 0)
(-0.0334875 -0.027814 0)
(-0.0220772 -0.0276369 0)
(-0.0106574 -0.027511 0)
(0.000793076 -0.0274361 0)
(0.0122957 -0.0274125 0)
(0.0238719 -0.0274402 0)
(0.0355434 -0.027519 0)
(0.0473317 -0.0276487 0)
(0.059259 -0.0278292 0)
(0.0713472 -0.02806 0)
(0.0836189 -0.0283409 0)
(0.0960966 -0.0286711 0)
(0.108803 -0.0290502 0)
(0.121761 -0.0294772 0)
(0.134993 -0.0299514 0)
(0.148523 -0.0304717 0)
(0.162374 -0.0310369 0)
(0.176571 -0.0316456 0)
(0.191136 -0.0322963 0)
(0.206094 -0.0329873 0)
(0.221469 -0.0337166 0)
(0.237285 -0.034482 0)
(0.253568 -0.0352811 0)
(0.270341 -0.036111 0)
(0.287629 -0.036969 0)
(0.305457 -0.0378517 0)
(0.323851 -0.0387557 0)
(0.342835 -0.0396772 0)
(0.362434 -0.0406119 0)
(0.382673 -0.0415556 0)
(0.403577 -0.0425034 0)
(0.42517 -0.0434504 0)
(0.447478 -0.044391 0)
(0.470525 -0.0453197 0)
(0.494335 -0.0462306 0)
(0.518932 -0.0471175 0)
(0.544341 -0.047974 0)
(0.570585 -0.0487937 0)
(0.597687 -0.0495699 0)
(0.625671 -0.0502956 0)
(0.654561 -0.0509638 0)
(0.684378 -0.0515675 0)
(0.715146 -0.0520993 0)
(0.746887 -0.052552 0)
(0.779623 -0.0529185 0)
(0.813366 -0.0531914 0)
(0.84808 -0.0533635 0)
(0.883448 -0.0534284 0)
(0.91757 -0.0533857 0)
(0.940399 -0.0532716 0)
(0.909255 -0.0533133 0)
(0.712562 -0.0545938 0)
(0.182532 -0.0708727 0)
(-0.21146 -0.0984096 0)
(-0.65495 -0.0844153 0)
(-0.795568 -0.0830964 0)
(-0.810692 -0.0827842 0)
(-0.789939 -0.0825331 0)
(-0.762274 -0.0821833 0)
(-0.733988 -0.0817134 0)
(-0.70622 -0.0811253 0)
(-0.679157 -0.0804249 0)
(-0.652818 -0.0796192 0)
(-0.627195 -0.0787158 0)
(-0.602279 -0.0777222 0)
(-0.578054 -0.0766467 0)
(-0.554509 -0.0754973 0)
(-0.531628 -0.0742824 0)
(-0.509398 -0.0730102 0)
(-0.487802 -0.071689 0)
(-0.466827 -0.0703269 0)
(-0.446455 -0.068932 0)
(-0.426669 -0.067512 0)
(-0.407453 -0.0660744 0)
(-0.388788 -0.0646265 0)
(-0.370657 -0.0631752 0)
(-0.353042 -0.0617272 0)
(-0.335922 -0.0602887 0)
(-0.31928 -0.0588656 0)
(-0.303095 -0.0574635 0)
(-0.287349 -0.0560875 0)
(-0.272021 -0.0547424 0)
(-0.25709 -0.0534328 0)
(-0.242538 -0.0521628 0)
(-0.228342 -0.0509362 0)
(-0.214484 -0.0497564 0)
(-0.200941 -0.0486267 0)
(-0.187695 -0.0475499 0)
(-0.174723 -0.0465288 0)
(-0.162005 -0.0455658 0)
(-0.14952 -0.044663 0)
(-0.137248 -0.0438224 0)
(-0.125167 -0.0430459 0)
(-0.113257 -0.0423351 0)
(-0.101497 -0.0416914 0)
(-0.0898701 -0.0411106 0)
(-0.0783435 -0.0405494 0)
(-0.0669087 -0.0400145 0)
(-0.0555575 -0.0395505 0)
(-0.0442613 -0.0391578 0)
(-0.032999 -0.0388369 0)
(-0.0217492 -0.0385882 0)
(-0.0104907 -0.038412 0)
(0.000798163 -0.0383084 0)
(0.0121388 -0.0382774 0)
(0.0235529 -0.0383192 0)
(0.0350622 -0.0384336 0)
(0.0466886 -0.0386203 0)
(0.0584543 -0.0388792 0)
(0.0703817 -0.0392097 0)
(0.0824933 -0.0396113 0)
(0.094812 -0.0400833 0)
(0.107361 -0.040625 0)
(0.120163 -0.0412353 0)
(0.133241 -0.041913 0)
(0.14662 -0.0426569 0)
(0.160322 -0.0434652 0)
(0.174373 -0.0443363 0)
(0.188796 -0.0452681 0)
(0.203616 -0.0462582 0)
(0.218859 -0.047304 0)
(0.234548 -0.0484025 0)
(0.25071 -0.0495503 0)
(0.267369 -0.0507439 0)
(0.28455 -0.0519791 0)
(0.302281 -0.0532514 0)
(0.320586 -0.0545559 0)
(0.33949 -0.0558874 0)
(0.359021 -0.0572398 0)
(0.379202 -0.0586072 0)
(0.400061 -0.0599826 0)
(0.421623 -0.0613591 0)
(0.443913 -0.062729 0)
(0.466958 -0.0640843 0)
(0.49078 -0.0654166 0)
(0.515406 -0.066717 0)
(0.54086 -0.0679764 0)
(0.567167 -0.0691854 0)
(0.594349 -0.0703343 0)
(0.622431 -0.0714133 0)
(0.651436 -0.0724125 0)
(0.681388 -0.0733221 0)
(0.712308 -0.0741319 0)
(0.744221 -0.0748322 0)
(0.777145 -0.0754133 0)
(0.811095 -0.075866 0)
(0.846035 -0.0761815 0)
(0.881644 -0.0763533 0)
(0.916026 -0.0763837 0)
(0.939133 -0.0763276 0)
(0.90827 -0.0765115 0)
(0.71198 -0.0784759 0)
(0.182118 -0.101542 0)
(-0.211123 -0.129242 0)
(-0.65434 -0.111047 0)
(-0.794507 -0.109245 0)
(-0.809287 -0.108771 0)
(-0.788195 -0.108379 0)
(-0.760203 -0.107857 0)
(-0.731606 -0.107177 0)
(-0.703545 -0.106342 0)
(-0.676205 -0.105359 0)
(-0.649609 -0.104237 0)
(-0.623751 -0.102987 0)
(-0.598619 -0.101618 0)
(-0.574202 -0.100143 0)
(-0.550487 -0.0985709 0)
(-0.527459 -0.0969145 0)
(-0.505103 -0.0951846 0)
(-0.483406 -0.0933924 0)
(-0.46235 -0.091549 0)
(-0.441919 -0.0896651 0)
(-0.422096 -0.0877513 0)
(-0.402862 -0.0858175 0)
(-0.384199 -0.0838736 0)
(-0.366089 -0.0819286 0)
(-0.34851 -0.0799913 0)
(-0.331445 -0.0780699 0)
(-0.314873 -0.0761722 0)
(-0.298772 -0.0743052 0)
(-0.283123 -0.0724757 0)
(-0.267905 -0.0706899 0)
(-0.253096 -0.0689535 0)
(-0.238676 -0.0672716 0)
(-0.224622 -0.065649 0)
(-0.210914 -0.0640902 0)
(-0.197531 -0.0625991 0)
(-0.18445 -0.0611794 0)
(-0.171651 -0.0598342 0)
(-0.159112 -0.0585666 0)
(-0.146812 -0.0573791 0)
(-0.13473 -0.0562743 0)
(-0.122843 -0.0552543 0)
(-0.111132 -0.0543211 0)
(-0.0995738 -0.0534764 0)
(-0.0881526 -0.0527165 0)
(-0.0768341 -0.0519855 0)
(-0.0656089 -0.0512897 0)
(-0.054469 -0.0506868 0)
(-0.0433855 -0.0501774 0)
(-0.0323371 -0.0497621 0)
(-0.0213023 -0.0494412 0)
(-0.0102596 -0.0492152 0)
(0.000812895 -0.0490842 0)
(0.0119368 -0.0490483 0)
(0.0231339 -0.0491076 0)
(0.0344263 -0.049262 0)
(0.0458361 -0.0495113 0)
(0.0573857 -0.0498551 0)
(0.0690978 -0.0502929 0)
(0.0809951 -0.0508243 0)
(0.093101 -0.0514484 0)
(0.105439 -0.0521644 0)
(0.118032 -0.052971 0)
(0.130904 -0.053867 0)
(0.144079 -0.0548508 0)
(0.157582 -0.0559205 0)
(0.171437 -0.0570739 0)
(0.18567 -0.0583085 0)
(0.200306 -0.0596216 0)
(0.21537 -0.0610099 0)
(0.230889 -0.0624698 0)
(0.246887 -0.0639972 0)
(0.263392 -0.0655874 0)
(0.280431 -0.0672355 0)
(0.298029 -0.0689358 0)
(0.316214 -0.070682 0)
(0.335012 -0.0724673 0)
(0.354451 -0.0742843 0)
(0.374558 -0.0761248 0)
(0.395358 -0.0779801 0)
(0.41688 -0.0798408 0)
(0.43915 -0.0816968 0)
(0.462193 -0.0835378 0)
(0.486037 -0.0853524 0)
(0.510707 -0.087129 0)
(0.536228 -0.0888555 0)
(0.562626 -0.0905191 0)
(0.589924 -0.0921068 0)
(0.618147 -0.0936054 0)
(0.647318 -0.0950016 0)
(0.677459 -0.0962821 0)
(0.708595 -0.0974338 0)
(0.740746 -0.0984438 0)
(0.773932 -0.0992997 0)
(0.808166 -0.0999895 0)
(0.84341 -0.100502 0)
(0.879344 -0.100831 0)
(0.914067 -0.100979 0)
(0.937534 -0.10102 0)
(0.907026 -0.101383 0)
(0.711263 -0.104096 0)
(0.181609 -0.134147 0)
(-0.210704 -0.16208 0)
(-0.653538 -0.139541 0)
(-0.793124 -0.137203 0)
(-0.807452 -0.136536 0)
(-0.785915 -0.135967 0)
(-0.757497 -0.135229 0)
(-0.728493 -0.134289 0)
(-0.700046 -0.13315 0)
(-0.672345 -0.131822 0)
(-0.645413 -0.130317 0)
(-0.619248 -0.12865 0)
(-0.593838 -0.126833 0)
(-0.569172 -0.124882 0)
(-0.545238 -0.122812 0)
(-0.522022 -0.120637 0)
(-0.499509 -0.118372 0)
(-0.477684 -0.116033 0)
(-0.45653 -0.113633 0)
(-0.436029 -0.111187 0)
(-0.416164 -0.108709 0)
(-0.396915 -0.106211 0)
(-0.378262 -0.103705 0)
(-0.360184 -0.101204 0)
(-0.342662 -0.0987181 0)
(-0.325674 -0.0962578 0)
(-0.309198 -0.0938326 0)
(-0.293213 -0.0914514 0)
(-0.277696 -0.0891222 0)
(-0.262625 -0.0868526 0)
(-0.247978 -0.0846494 0)
(-0.233732 -0.0825189 0)
(-0.219865 -0.0804666 0)
(-0.206354 -0.0784977 0)
(-0.193178 -0.0766168 0)
(-0.180313 -0.074828 0)
(-0.167738 -0.0731352 0)
(-0.15543 -0.0715417 0)
(-0.143368 -0.0700504 0)
(-0.131529 -0.0686641 0)
(-0.119891 -0.0673851 0)
(-0.108433 -0.0662156 0)
(-0.0971324 -0.0651576 0)
(-0.0859727 -0.0642095 0)
(-0.0749189 -0.063302 0)
(-0.06396 -0.0624398 0)
(-0.0530882 -0.0616939 0)
(-0.0422744 -0.061065 0)
(-0.0314971 -0.0605537 0)
(-0.0207345 -0.0601604 0)
(-0.00996476 -0.0598854 0)
(0.000833911 -0.0597291 0)
(0.0116835 -0.0596916 0)
(0.0226062 -0.0597729 0)
(0.033624 -0.0599729 0)
(0.0447595 -0.0602917 0)
(0.0560353 -0.0607287 0)
(0.0674742 -0.0612837 0)
(0.0790996 -0.061956 0)
(0.0909348 -0.062745 0)
(0.103004 -0.0636497 0)
(0.11533 -0.064669 0)
(0.127939 -0.0658015 0)
(0.140855 -0.0670455 0)
(0.154102 -0.0683991 0)
(0.167706 -0.0698599 0)
(0.181694 -0.0714251 0)
(0.196092 -0.0730918 0)
(0.210926 -0.0748561 0)
(0.226222 -0.0767139 0)
(0.242009 -0.0786606 0)
(0.258313 -0.0806908 0)
(0.275164 -0.0827984 0)
(0.292587 -0.0849768 0)
(0.310614 -0.0872185 0)
(0.32927 -0.0895153 0)
(0.348586 -0.0918581 0)
(0.36859 -0.0942371 0)
(0.389311 -0.0966413 0)
(0.410776 -0.0990591 0)
(0.433015 -0.101478 0)
(0.456054 -0.103884 0)
(0.479922 -0.106264 0)
(0.504645 -0.108602 0)
(0.530251 -0.110882 0)
(0.556764 -0.113089 0)
(0.584212 -0.115205 0)
(0.612617 -0.117212 0)
(0.642003 -0.119095 0)
(0.672393 -0.120834 0)
(0.703809 -0.122413 0)
(0.736272 -0.123814 0)
(0.769801 -0.125022 0)
(0.804405 -0.12602 0)
(0.840045 -0.126796 0)
(0.876397 -0.127338 0)
(0.911562 -0.127653 0)
(0.935489 -0.127832 0)
(0.905437 -0.128413 0)
(0.710354 -0.131951 0)
(0.180989 -0.169249 0)
(-0.210191 -0.197483 0)
(-0.652492 -0.170407 0)
(-0.791342 -0.167468 0)
(-0.805085 -0.166568 0)
(-0.782975 -0.165774 0)
(-0.754009 -0.164763 0)
(-0.724483 -0.163495 0)
(-0.695544 -0.161976 0)
(-0.667383 -0.160219 0)
(-0.640027 -0.158242 0)
(-0.613474 -0.156063 0)
(-0.587715 -0.1537 0)
(-0.56274 -0.151173 0)
(-0.538538 -0.148502 0)
(-0.515094 -0.145706 0)
(-0.492393 -0.142805 0)
(-0.470419 -0.139819 0)
(-0.449154 -0.136765 0)
(-0.42858 -0.133662 0)
(-0.408676 -0.130528 0)
(-0.389421 -0.127378 0)
(-0.370795 -0.124227 0)
(-0.352774 -0.12109 0)
(-0.335336 -0.117981 0)
(-0.318458 -0.114912 0)
(-0.302116 -0.111894 0)
(-0.286287 -0.108937 0)
(-0.270945 -0.106052 0)
(-0.256068 -0.103246 0)
(-0.241632 -0.100528 0)
(-0.227612 -0.0979043 0)
(-0.213984 -0.0953817 0)
(-0.200725 -0.0929657 0)
(-0.187811 -0.0906614 0)
(-0.175219 -0.0884732 0)
(-0.162925 -0.0864052 0)
(-0.150906 -0.0844609 0)
(-0.13914 -0.0826435 0)
(-0.127603 -0.0809557 0)
(-0.116273 -0.0794 0)
(-0.105128 -0.0779787 0)
(-0.094145 -0.0766936 0)
(-0.0833071 -0.0755464 0)
(-0.0725788 -0.074455 0)
(-0.0619468 -0.0734207 0)
(-0.0514033 -0.0725275 0)
(-0.0409195 -0.0717761 0)
(-0.0304736 -0.0711672 0)
(-0.0200436 -0.0707012 0)
(-0.00960757 -0.0703784 0)
(0.000856666 -0.0701992 0)
(0.0113712 -0.0701638 0)
(0.0219585 -0.0702722 0)
(0.0326407 -0.0705245 0)
(0.0434406 -0.0709207 0)
(0.054381 -0.0714606 0)
(0.0654851 -0.0721439 0)
(0.0767765 -0.0729702 0)
(0.088279 -0.0739389 0)
(0.100017 -0.0750493 0)
(0.112015 -0.0763004 0)
(0.124297 -0.0776908 0)
(0.13689 -0.079219 0)
(0.149819 -0.080883 0)
(0.16311 -0.0826807 0)
(0.176791 -0.0846091 0)
(0.190888 -0.0866652 0)
(0.20543 -0.0888451 0)
(0.220445 -0.0911445 0)
(0.235961 -0.0935583 0)
(0.252008 -0.0960805 0)
(0.268615 -0.0987045 0)
(0.285812 -0.101423 0)
(0.303629 -0.104227 0)
(0.322098 -0.107107 0)
(0.341248 -0.110052 0)
(0.361111 -0.113052 0)
(0.381718 -0.116092 0)
(0.403098 -0.119159 0)
(0.425284 -0.122238 0)
(0.448304 -0.125312 0)
(0.47219 -0.128364 0)
(0.496969 -0.131374 0)
(0.522669 -0.134322 0)
(0.54932 -0.137188 0)
(0.576946 -0.139949 0)
(0.605574 -0.142584 0)
(0.635226 -0.14507 0)
(0.665926 -0.147384 0)
(0.697696 -0.149502 0)
(0.730553 -0.151403 0)
(0.764516 -0.153064 0)
(0.799591 -0.154465 0)
(0.835737 -0.155587 0)
(0.872625 -0.156417 0)
(0.908353 -0.15696 0)
(0.932871 -0.157326 0)
(0.903407 -0.158171 0)
(0.70919 -0.162629 0)
(0.180237 -0.207514 0)
(-0.209567 -0.236116 0)
(-0.651136 -0.204246 0)
(-0.789059 -0.200626 0)
(-0.80205 -0.199438 0)
(-0.779209 -0.198353 0)
(-0.749544 -0.196991 0)
(-0.719357 -0.195304 0)
(-0.689797 -0.193301 0)
(-0.66106 -0.191002 0)
(-0.633176 -0.188432 0)
(-0.606145 -0.185613 0)
(-0.579961 -0.182573 0)
(-0.554614 -0.179336 0)
(-0.530092 -0.175929 0)
(-0.506382 -0.172379 0)
(-0.483468 -0.16871 0)
(-0.46133 -0.164947 0)
(-0.439951 -0.161115 0)
(-0.419309 -0.157235 0)
(-0.399382 -0.15333 0)
(-0.380145 -0.149418 0)
(-0.361575 -0.145519 0)
(-0.343647 -0.141651 0)
(-0.326335 -0.137827 0)
(-0.309613 -0.134065 0)
(-0.293455 -0.130375 0)
(-0.277834 -0.126771 0)
(-0.262725 -0.123262 0)
(-0.248101 -0.11986 0)
(-0.233936 -0.116571 0)
(-0.220204 -0.113403 0)
(-0.206879 -0.110364 0)
(-0.193936 -0.10746 0)
(-0.181349 -0.104694 0)
(-0.169094 -0.102073 0)
(-0.157146 -0.099599 0)
(-0.145482 -0.0972767 0)
(-0.134077 -0.0951089 0)
(-0.122907 -0.0930981 0)
(-0.11195 -0.0912467 0)
(-0.101183 -0.0895568 0)
(-0.0905819 -0.0880301 0)
(-0.0801299 -0.0866682 0)
(-0.0697919 -0.0853849 0)
(-0.059552 -0.0841767 0)
(-0.0494009 -0.0831318 0)
(-0.0393113 -0.0822552 0)
(-0.0292608 -0.0815474 0)
(-0.0192273 -0.0810088 0)
(-0.00918881 -0.0806397 0)
(0.000876955 -0.0804405 0)
(0.0109923 -0.0804113 0)
(0.0211795 -0.0805525 0)
(0.0314612 -0.0808642 0)
(0.0418601 -0.0813464 0)
(0.0523993 -0.0819994 0)
(0.0631021 -0.0828231 0)
(0.0739925 -0.0838173 0)
(0.0850947 -0.0849817 0)
(0.0964333 -0.086316 0)
(0.108033 -0.0878193 0)
(0.119921 -0.0894909 0)
(0.132121 -0.0913295 0)
(0.144661 -0.0933334 0)
(0.157568 -0.0955007 0)
(0.170871 -0.097829 0)
(0.184597 -0.100315 0)
(0.198776 -0.102956 0)
(0.213437 -0.105746 0)
(0.228612 -0.108682 0)
(0.24433 -0.111756 0)
(0.260625 -0.114962 0)
(0.277528 -0.118292 0)
(0.295073 -0.121736 0)
(0.313291 -0.125284 0)
(0.332218 -0.128925 0)
(0.351886 -0.132644 0)
(0.372329 -0.136428 0)
(0.393581 -0.140259 0)
(0.415677 -0.144118 0)
(0.43865 -0.147988 0)
(0.462532 -0.151845 0)
(0.487356 -0.155667 0)
(0.513152 -0.159428 0)
(0.539952 -0.163103 0)
(0.567782 -0.166664 0)
(0.596669 -0.170081 0)
(0.626639 -0.173325 0)
(0.657715 -0.176366 0)
(0.689918 -0.179173 0)
(0.723264 -0.181716 0)
(0.75777 -0.183967 0)
(0.793439 -0.185896 0)
(0.830223 -0.187478 0)
(0.867793 -0.188694 0)
(0.904241 -0.189547 0)
(0.929515 -0.190167 0)
(0.90081 -0.191336 0)
(0.707687 -0.196837 0)
(0.17933 -0.249741 0)
(-0.208804 -0.278783 0)
(-0.649375 -0.241786 0)
(-0.786137 -0.237381 0)
(-0.79816 -0.235828 0)
(-0.774385 -0.234363 0)
(-0.743835 -0.232538 0)
(-0.712815 -0.230304 0)
(-0.682478 -0.227674 0)
(-0.653026 -0.224679 0)
(-0.624493 -0.22135 0)
(-0.596883 -0.217721 0)
(-0.570189 -0.213828 0)
(-0.544405 -0.209704 0)
(-0.519516 -0.205385 0)
(-0.495509 -0.200906 0)
(-0.472364 -0.1963 0)
(-0.450062 -0.191597 0)
(-0.428579 -0.186828 0)
(-0.407891 -0.182022 0)
(-0.387971 -0.177203 0)
(-0.368793 -0.172397 0)
(-0.350328 -0.167626 0)
(-0.332547 -0.162909 0)
(-0.315421 -0.158265 0)
(-0.29892 -0.15371 0)
(-0.283014 -0.149259 0)
(-0.267673 -0.144925 0)
(-0.252869 -0.140718 0)
(-0.238572 -0.13665 0)
(-0.224753 -0.132728 0)
(-0.211384 -0.128962 0)
(-0.198438 -0.125356 0)
(-0.185885 -0.121918 0)
(-0.173701 -0.118651 0)
(-0.161858 -0.115561 0)
(-0.150331 -0.11265 0)
(-0.139094 -0.109921 0)
(-0.128123 -0.107378 0)
(-0.117394 -0.105022 0)
(-0.106881 -0.102856 0)
(-0.0965621 -0.100881 0)
(-0.0864135 -0.0990978 0)
(-0.0764167 -0.0975086 0)
(-0.0665379 -0.0960252 0)
(-0.0567587 -0.0946389 0)
(-0.0470683 -0.0934386 0)
(-0.0374407 -0.0924346 0)
(-0.0278532 -0.0916272 0)
(-0.0182838 -0.0910166 0)
(-0.00871026 -0.0906031 0)
(0.000889489 -0.090387 0)
(0.0105377 -0.0903687 0)
(0.0202569 -0.0905486 0)
(0.0300694 -0.0909269 0)
(0.039998 -0.0915042 0)
(0.0500659 -0.0922808 0)
(0.0602967 -0.093257 0)
(0.0707142 -0.0944332 0)
(0.0813431 -0.0958094 0)
(0.0922083 -0.0973859 0)
(0.103335 -0.0991626 0)
(0.11475 -0.101139 0)
(0.12648 -0.103315 0)
(0.138552 -0.105689 0)
(0.150994 -0.10826 0)
(0.163836 -0.111026 0)
(0.177108 -0.113986 0)
(0.19084 -0.117135 0)
(0.205064 -0.12047 0)
(0.219812 -0.123987 0)
(0.235117 -0.127679 0)
(0.251015 -0.131541 0)
(0.267539 -0.135563 0)
(0.284726 -0.139737 0)
(0.302613 -0.144051 0)
(0.321236 -0.148493 0)
(0.340633 -0.153049 0)
(0.360842 -0.157701 0)
(0.381902 -0.162431 0)
(0.40385 -0.167218 0)
(0.426725 -0.172039 0)
(0.450564 -0.176868 0)
(0.475403 -0.181677 0)
(0.501278 -0.186435 0)
(0.528223 -0.19111 0)
(0.556271 -0.195666 0)
(0.585449 -0.200066 0)
(0.615786 -0.204271 0)
(0.647306 -0.208242 0)
(0.68003 -0.211938 0)
(0.713974 -0.215318 0)
(0.749151 -0.218342 0)
(0.785561 -0.220971 0)
(0.823151 -0.223169 0)
(0.861586 -0.224908 0)
(0.898953 -0.226186 0)
(0.925199 -0.227152 0)
(0.897479 -0.228729 0)
(0.705734 -0.235429 0)
(0.178233 -0.296901 0)
(-0.207865 -0.326481 0)
(-0.647083 -0.283921 0)
(-0.782377 -0.278598 0)
(-0.793151 -0.276572 0)
(-0.768182 -0.274596 0)
(-0.736509 -0.272153 0)
(-0.704438 -0.26919 0)
(-0.673133 -0.265734 0)
(-0.642801 -0.261826 0)
(-0.61348 -0.257512 0)
(-0.585177 -0.25284 0)
(-0.557888 -0.247857 0)
(-0.531603 -0.242611 0)
(-0.506308 -0.23715 0)
(-0.481985 -0.231517 0)
(-0.458612 -0.225756 0)
(-0.436163 -0.219906 0)
(-0.41461 -0.214006 0)
(-0.393923 -0.208089 0)
(-0.37407 -0.202187 0)
(-0.355018 -0.196328 0)
(-0.336732 -0.190538 0)
(-0.319179 -0.184839 0)
(-0.302324 -0.179251 0)
(-0.286131 -0.173793 0)
(-0.270568 -0.16848 0)
(-0.255599 -0.163324 0)
(-0.241193 -0.158338 0)
(-0.227315 -0.153532 0)
(-0.213935 -0.148913 0)
(-0.201021 -0.144489 0)
(-0.188543 -0.140265 0)
(-0.176471 -0.136248 0)
(-0.164776 -0.13244 0)
(-0.153432 -0.128845 0)
(-0.142409 -0.125465 0)
(-0.131683 -0.122304 0)
(-0.121227 -0.119361 0)
(-0.111016 -0.11664 0)
(-0.101026 -0.114141 0)
(-0.0912321 -0.111865 0)
(-0.0816112 -0.109812 0)
(-0.0721439 -0.107984 0)
(-0.0627975 -0.106293 0)
(-0.0535516 -0.104726 0)
(-0.044394 -0.103368 0)
(-0.0352996 -0.102235 0)
(-0.026246 -0.101328 0)
(-0.0172112 -0.100647 0)
(-0.0081732 -0.100191 0)
(0.000889835 -0.0999617 0)
(0.00999997 -0.0999587 0)
(0.0191793 -0.100183 0)
(0.0284503 -0.100635 0)
(0.0378354 -0.101315 0)
(0.0473577 -0.102225 0)
(0.0570408 -0.103365 0)
(0.0669086 -0.104736 0)
(0.0769857 -0.10634 0)
(0.0872973 -0.108176 0)
(0.0978693 -0.110245 0)
(0.108728 -0.11255 0)
(0.119901 -0.115088 0)
(0.131416 -0.117862 0)
(0.143302 -0.12087 0)
(0.15559 -0.124113 0)
(0.168311 -0.127588 0)
(0.181498 -0.131294 0)
(0.195183 -0.135229 0)
(0.209402 -0.139389 0)
(0.22419 -0.143769 0)
(0.239584 -0.148364 0)
(0.255623 -0.153165 0)
(0.272346 -0.158166 0)
(0.289794 -0.163353 0)
(0.308008 -0.168716 0)
(0.32703 -0.174239 0)
(0.346905 -0.179904 0)
(0.367676 -0.185692 0)
(0.389388 -0.191578 0)
(0.412084 -0.197537 0)
(0.43581 -0.203539 0)
(0.460606 -0.20955 0)
(0.486517 -0.215533 0)
(0.513582 -0.221449 0)
(0.541839 -0.227252 0)
(0.571324 -0.232896 0)
(0.602067 -0.23833 0)
(0.634097 -0.243502 0)
(0.667435 -0.248356 0)
(0.702099 -0.252837 0)
(0.738098 -0.256889 0)
(0.775429 -0.260457 0)
(0.814034 -0.263491 0)
(0.853567 -0.265947 0)
(0.892111 -0.267816 0)
(0.91961 -0.269262 0)
(0.893175 -0.271363 0)
(0.703172 -0.279463 0)
(0.176903 -0.350201 0)
(-0.206691 -0.380483 0)
(-0.644074 -0.331792 0)
(-0.777491 -0.325371 0)
(-0.786642 -0.322715 0)
(-0.760138 -0.320035 0)
(-0.727032 -0.316743 0)
(-0.69364 -0.312791 0)
(-0.661131 -0.308222 0)
(-0.629722 -0.303097 0)
(-0.599456 -0.297483 0)
(-0.57034 -0.291447 0)
(-0.542371 -0.285056 0)
(-0.515537 -0.278375 0)
(-0.489818 -0.271468 0)
(-0.465188 -0.264392 0)
(-0.441619 -0.257202 0)
(-0.419077 -0.249949 0)
(-0.397524 -0.242678 0)
(-0.376923 -0.23543 0)
(-0.357231 -0.228242 0)
(-0.338409 -0.221146 0)
(-0.320414 -0.21417 0)
(-0.303204 -0.207339 0)
(-0.286737 -0.200674 0)
(-0.270973 -0.194192 0)
(-0.255872 -0.187909 0)
(-0.241394 -0.181837 0)
(-0.227503 -0.175988 0)
(-0.21416 -0.170369 0)
(-0.201332 -0.164988 0)
(-0.188982 -0.15985 0)
(-0.17708 -0.15496 0)
(-0.165592 -0.15032 0)
(-0.154488 -0.145934 0)
(-0.143739 -0.141802 0)
(-0.133317 -0.137927 0)
(-0.123193 -0.134308 0)
(-0.113341 -0.130947 0)
(-0.103735 -0.127842 0)
(-0.0943516 -0.124995 0)
(-0.0851651 -0.122405 0)
(-0.0761522 -0.120072 0)
(-0.0672928 -0.117996 0)
(-0.0585559 -0.116093 0)
(-0.0499194 -0.114343 0)
(-0.0413694 -0.112826 0)
(-0.0328824 -0.111566 0)
(-0.024436 -0.110561 0)
(-0.0160088 -0.10981 0)
(-0.0075793 -0.109316 0)
(0.000873933 -0.109076 0)
(0.00937244 -0.109093 0)
(0.0179379 -0.109367 0)
(0.0265921 -0.109898 0)
(0.0353574 -0.110689 0)
(0.0442564 -0.11174 0)
(0.0533123 -0.113053 0)
(0.0625488 -0.11463 0)
(0.0719904 -0.116473 0)
(0.0816623 -0.118583 0)
(0.0915901 -0.120962 0)
(0.101801 -0.123613 0)
(0.112321 -0.126537 0)
(0.123181 -0.129736 0)
(0.134409 -0.133212 0)
(0.146038 -0.136965 0)
(0.158099 -0.140996 0)
(0.170627 -0.145305 0)
(0.183656 -0.149891 0)
(0.197223 -0.154754 0)
(0.211368 -0.159889 0)
(0.226129 -0.165295 0)
(0.241549 -0.170964 0)
(0.257672 -0.176891 0)
(0.274543 -0.183065 0)
(0.292208 -0.189476 0)
(0.310716 -0.196109 0)
(0.330118 -0.202947 0)
(0.350464 -0.20997 0)
(0.371807 -0.217152 0)
(0.3942 -0.224466 0)
(0.417696 -0.231878 0)
(0.442348 -0.239351 0)
(0.468208 -0.24684 0)
(0.495327 -0.254298 0)
(0.523751 -0.261669 0)
(0.553526 -0.268894 0)
(0.584692 -0.275908 0)
(0.617282 -0.282641 0)
(0.651325 -0.28902 0)
(0.686839 -0.294967 0)
(0.723834 -0.300404 0)
(0.762304 -0.305253 0)
(0.802182 -0.309439 0)
(0.843114 -0.312896 0)
(0.883174 -0.315598 0)
(0.912302 -0.317724 0)
(0.88756 -0.32052 0)
(0.699776 -0.330282 0)
(0.175272 -0.411177 0)
(-0.205195 -0.442459 0)
(-0.640071 -0.386889 0)
(-0.77105 -0.37912 0)
(-0.778068 -0.375593 0)
(-0.749571 -0.371918 0)
(-0.71463 -0.367432 0)
(-0.679568 -0.362101 0)
(-0.645569 -0.355999 0)
(-0.612855 -0.34922 0)
(-0.581474 -0.34186 0)
(-0.551433 -0.334017 0)
(-0.522723 -0.325786 0)
(-0.495323 -0.317255 0)
(-0.469202 -0.308507 0)
(-0.444324 -0.299619 0)
(-0.420646 -0.290659 0)
(-0.39812 -0.281689 0)
(-0.376695 -0.272762 0)
(-0.35632 -0.263926 0)
(-0.336941 -0.255221 0)
(-0.318506 -0.246682 0)
(-0.300961 -0.238338 0)
(-0.284255 -0.230214 0)
(-0.268337 -0.222329 0)
(-0.25316 -0.2147 0)
(-0.238676 -0.207341 0)
(-0.22484 -0.200261 0)
(-0.211609 -0.193468 0)
(-0.198943 -0.186968 0)
(-0.186801 -0.180767 0)
(-0.175147 -0.174865 0)
(-0.163945 -0.169265 0)
(-0.153161 -0.163968 0)
(-0.142763 -0.158973 0)
(-0.132719 -0.15428 0)
(-0.123001 -0.149888 0)
(-0.11358 -0.145795 0)
(-0.104429 -0.141999 0)
(-0.0955224 -0.1385 0)
(-0.0868349 -0.135296 0)
(-0.0783425 -0.132384 0)
(-0.0700217 -0.129764 0)
(-0.0618521 -0.127434 0)
(-0.0538045 -0.125317 0)
(-0.0458556 -0.123384 0)
(-0.0379903 -0.121712 0)
(-0.0301864 -0.120326 0)
(-0.0224223 -0.119225 0)
(-0.0146773 -0.118409 0)
(-0.00693065 -0.117878 0)
(0.0008382 -0.117633 0)
(0.00865002 -0.117673 0)
(0.0165257 -0.118 0)
(0.0244863 -0.118616 0)
(0.0325535 -0.119521 0)
(0.040749 -0.120719 0)
(0.0490955 -0.122212 0)
(0.0576161 -0.124002 0)
(0.0663347 -0.126092 0)
(0.0752759 -0.128486 0)
(0.0844651 -0.131187 0)
(0.0939288 -0.134198 0)
(0.103695 -0.137524 0)
(0.113791 -0.141167 0)
(0.124249 -0.145133 0)
(0.1351 -0.149423 0)
(0.146377 -0.154041 0)
(0.158116 -0.158991 0)
(0.170353 -0.164273 0)
(0.183126 -0.169891 0)
(0.196478 -0.175843 0)
(0.21045 -0.182131 0)
(0.225088 -0.188751 0)
(0.240441 -0.1957 0)
(0.256559 -0.202972 0)
(0.273494 -0.210559 0)
(0.291303 -0.218449 0)
(0.310042 -0.226628 0)
(0.329773 -0.235076 0)
(0.350558 -0.243771 0)
(0.372462 -0.252683 0)
(0.395549 -0.261779 0)
(0.419887 -0.271016 0)
(0.445543 -0.280347 0)
(0.472582 -0.289715 0)
(0.501069 -0.299055 0)
(0.531061 -0.308294 0)
(0.562616 -0.317348 0)
(0.59578 -0.326127 0)
(0.630593 -0.334531 0)
(0.667084 -0.342454 0)
(0.705265 -0.349784 0)
(0.745128 -0.356407 0)
(0.786602 -0.362212 0)
(0.82932 -0.367096 0)
(0.871344 -0.371003 0)
(0.902612 -0.374114 0)
(0.880125 -0.377861 0)
(0.695209 -0.389638 0)
(0.173239 -0.481847 0)
(-0.203237 -0.514692 0)
(-0.634645 -0.451237 0)
(-0.762387 -0.441748 0)
(-0.766559 -0.436972 0)
(-0.735443 -0.431837 0)
(-0.698133 -0.425616 0)
(-0.660964 -0.418312 0)
(-0.625131 -0.41005 0)
(-0.590865 -0.400974 0)
(-0.558212 -0.391232 0)
(-0.527169 -0.380965 0)
(-0.497711 -0.370305 0)
(-0.4698 -0.359374 0)
(-0.443384 -0.34828 0)
(-0.418403 -0.337118 0)
(-0.394791 -0.325973 0)
(-0.372479 -0.314915 0)
(-0.351395 -0.304004 0)
(-0.331469 -0.293292 0)
(-0.312629 -0.282819 0)
(-0.294808 -0.27262 0)
(-0.277937 -0.262721 0)
(-0.261955 -0.253143 0)
(-0.246799 -0.243902 0)
(-0.232413 -0.235011 0)
(-0.218742 -0.226478 0)
(-0.205735 -0.218308 0)
(-0.193343 -0.210505 0)
(-0.181522 -0.203069 0)
(-0.170227 -0.196001 0)
(-0.159419 -0.189299 0)
(-0.14906 -0.182961 0)
(-0.139115 -0.176983 0)
(-0.129549 -0.171361 0)
(-0.120332 -0.166093 0)
(-0.111432 -0.161173 0)
(-0.102823 -0.156598 0)
(-0.0944757 -0.152364 0)
(-0.086366 -0.148467 0)
(-0.0784687 -0.144903 0)
(-0.0707603 -0.141668 0)
(-0.063218 -0.13876 0)
(-0.0558217 -0.136177 0)
(-0.0485442 -0.133846 0)
(-0.0413619 -0.131736 0)
(-0.0342586 -0.129913 0)
(-0.0272137 -0.128406 0)
(-0.0202068 -0.127215 0)
(-0.0132183 -0.126338 0)
(-0.00622867 -0.125775 0)
(0.000781464 -0.125526 0)
(0.00783169 -0.125593 0)
(0.0149417 -0.125976 0)
(0.0221316 -0.126678 0)
(0.0294215 -0.127701 0)
(0.0368325 -0.129047 0)
(0.0443858 -0.130721 0)
(0.0521037 -0.132726 0)
(0.060009 -0.135066 0)
(0.0681254 -0.137747 0)
(0.0764775 -0.140773 0)
(0.0850911 -0.144151 0)
(0.093993 -0.147885 0)
(0.103212 -0.151982 0)
(0.112778 -0.156449 0)
(0.122722 -0.161292 0)
(0.133079 -0.166518 0)
(0.143884 -0.172132 0)
(0.155174 -0.178141 0)
(0.16699 -0.184551 0)
(0.179374 -0.191367 0)
(0.192373 -0.198593 0)
(0.206034 -0.206232 0)
(0.220411 -0.214285 0)
(0.235557 -0.222753 0)
(0.251533 -0.231632 0)
(0.268401 -0.240917 0)
(0.286228 -0.250599 0)
(0.305085 -0.260664 0)
(0.325047 -0.271094 0)
(0.346192 -0.281863 0)
(0.368601 -0.292939 0)
(0.39236 -0.304282 0)
(0.417557 -0.315842 0)
(0.444279 -0.327558 0)
(0.472615 -0.339357 0)
(0.50265 -0.351152 0)
(0.534465 -0.362841 0)
(0.568134 -0.374308 0)
(0.60372 -0.385422 0)
(0.641272 -0.396036 0)
(0.680818 -0.405993 0)
(0.722357 -0.415123 0)
(0.765816 -0.423255 0)
(0.810818 -0.430225 0)
(0.855409 -0.435922 0)
(0.88952 -0.440509 0)
(0.870086 -0.445611 0)
(0.688952 -0.459901 0)
(0.170648 -0.564955 0)
(-0.200589 -0.600436 0)
(-0.627093 -0.527698 0)
(-0.750418 -0.515905 0)
(-0.750715 -0.509242 0)
(-0.716109 -0.501874 0)
(-0.675721 -0.49304 0)
(-0.635904 -0.482818 0)
(-0.59786 -0.471427 0)
(-0.561816 -0.459099 0)
(-0.5278 -0.446057 0)
(-0.49578 -0.432506 0)
(-0.465696 -0.41863 0)
(-0.437471 -0.404588 0)
(-0.411011 -0.390514 0)
(-0.386219 -0.376524 0)
(-0.362991 -0.36271 0)
(-0.341225 -0.349149 0)
(-0.32082 -0.335901 0)
(-0.301678 -0.323013 0)
(-0.283705 -0.310522 0)
(-0.266815 -0.298454 0)
(-0.250923 -0.286827 0)
(-0.235953 -0.275655 0)
(-0.221833 -0.264945 0)
(-0.208495 -0.2547 0)
(-0.195878 -0.244921 0)
(-0.183925 -0.235605 0)
(-0.172582 -0.226748 0)
(-0.161801 -0.218344 0)
(-0.151535 -0.210387 0)
(-0.141744 -0.202869 0)
(-0.132387 -0.195783 0)
(-0.123427 -0.189119 0)
(-0.114833 -0.18287 0)
(-0.10657 -0.177029 0)
(-0.0986102 -0.171586 0)
(-0.0909255 -0.166535 0)
(-0.0834895 -0.161869 0)
(-0.0762774 -0.157581 0)
(-0.0692658 -0.153664 0)
(-0.0624322 -0.150114 0)
(-0.055755 -0.146926 0)
(-0.0492151 -0.144095 0)
(-0.0427877 -0.141558 0)
(-0.0364496 -0.139278 0)
(-0.0301841 -0.137314 0)
(-0.0239724 -0.135695 0)
(-0.0177957 -0.134419 0)
(-0.0116361 -0.133487 0)
(-0.00547568 -0.132896 0)
(0.00070344 -0.132648 0)
(0.0069192 -0.132743 0)
(0.0131897 -0.133183 0)
(0.0195334 -0.13397 0)
(0.0259688 -0.135109 0)
(0.0325154 -0.136601 0)
(0.0391927 -0.138452 0)
(0.0460215 -0.140668 0)
(0.0530231 -0.143254 0)
(0.0602196 -0.146216 0)
(0.0676344 -0.149562 0)
(0.0752918 -0.1533 0)
(0.0832176 -0.157438 0)
(0.0914391 -0.161985 0)
(0.0999852 -0.166951 0)
(0.108887 -0.172345 0)
(0.118177 -0.178179 0)
(0.12789 -0.184464 0)
(0.138065 -0.191209 0)
(0.148741 -0.198427 0)
(0.159962 -0.206128 0)
(0.171776 -0.214323 0)
(0.184234 -0.223022 0)
(0.197389 -0.232234 0)
(0.211303 -0.241967 0)
(0.226038 -0.252227 0)
(0.241665 -0.263018 0)
(0.258258 -0.27434 0)
(0.2759 -0.286189 0)
(0.294678 -0.298558 0)
(0.314688 -0.311431 0)
(0.336029 -0.324785 0)
(0.358811 -0.338588 0)
(0.383145 -0.352797 0)
(0.409153 -0.367352 0)
(0.436957 -0.38218 0)
(0.466683 -0.397187 0)
(0.498455 -0.412257 0)
(0.532393 -0.427251 0)
(0.568605 -0.442002 0)
(0.607185 -0.456313 0)
(0.6482 -0.469963 0)
(0.691678 -0.482702 0)
(0.737563 -0.494265 0)
(0.785473 -0.504381 0)
(0.833443 -0.512835 0)
(0.871391 -0.519726 0)
(0.856169 -0.526859 0)
(0.680162 -0.544401 0)
(0.167237 -0.664391 0)
(-0.196847 -0.704597 0)
(-0.616191 -0.620543 0)
(-0.73327 -0.605439 0)
(-0.728156 -0.595735 0)
(-0.688827 -0.584765 0)
(-0.644445 -0.57181 0)
(-0.601366 -0.557119 0)
(-0.560778 -0.541077 0)
(-0.522866 -0.52406 0)
(-0.487598 -0.506405 0)
(-0.454868 -0.4884 0)
(-0.424539 -0.470283 0)
(-0.396456 -0.452248 0)
(-0.370458 -0.434451 0)
(-0.346382 -0.417009 0)
(-0.324071 -0.400013 0)
(-0.303375 -0.38353 0)
(-0.284155 -0.367606 0)
(-0.266278 -0.352273 0)
(-0.249628 -0.33755 0)
(-0.234093 -0.323448 0)
(-0.219574 -0.309968 0)
(-0.205981 -0.297109 0)
(-0.193232 -0.284862 0)
(-0.181251 -0.273217 0)
(-0.169972 -0.262163 0)
(-0.159333 -0.251686 0)
(-0.149278 -0.241771 0)
(-0.139756 -0.232403 0)
(-0.130721 -0.223567 0)
(-0.12213 -0.215248 0)
(-0.113944 -0.207431 0)
(-0.106127 -0.200102 0)
(-0.0986465 -0.193248 0)
(-0.0914721 -0.186855 0)
(-0.0845753 -0.180912 0)
(-0.07793 -0.175408 0)
(-0.0715117 -0.170331 0)
(-0.0652973 -0.165672 0)
(-0.0592652 -0.161423 0)
(-0.0533947 -0.157575 0)
(-0.0476665 -0.154122 0)
(-0.0420627 -0.151057 0)
(-0.0365616 -0.148326 0)
(-0.0311414 -0.145892 0)
(-0.0257855 -0.143799 0)
(-0.020477 -0.14208 0)
(-0.0151994 -0.14073 0)
(-0.00993682 -0.139748 0)
(-0.00467347 -0.139134 0)
(0.000606513 -0.138889 0)
(0.00591901 -0.139013 0)
(0.0112801 -0.139508 0)
(0.016706 -0.140377 0)
(0.0222133 -0.141625 0)
(0.0278191 -0.143256 0)
(0.033541 -0.145275 0)
(0.0393976 -0.147689 0)
(0.045408 -0.150506 0)
(0.0515923 -0.153735 0)
(0.0579717 -0.157384 0)
(0.0645685 -0.161464 0)
(0.0714062 -0.165985 0)
(0.0785099 -0.170962 0)
(0.0859067 -0.176405 0)
(0.0936253 -0.18233 0)
(0.101697 -0.188752 0)
(0.110155 -0.195686 0)
(0.119035 -0.20315 0)
(0.128377 -0.21116 0)
(0.138224 -0.219734 0)
(0.148622 -0.228891 0)
(0.159622 -0.238651 0)
(0.171279 -0.249031 0)
(0.183656 -0.260052 0)
(0.196819 -0.271731 0)
(0.210842 -0.284085 0)
(0.225808 -0.297129 0)
(0.241806 -0.310876 0)
(0.258937 -0.325334 0)
(0.277309 -0.340507 0)
(0.297043 -0.35639 0)
(0.318273 -0.372973 0)
(0.341142 -0.390229 0)
(0.365809 -0.408118 0)
(0.392444 -0.426582 0)
(0.421227 -0.445537 0)
(0.452349 -0.46487 0)
(0.486004 -0.484431 0)
(0.522385 -0.504027 0)
(0.561674 -0.523417 0)
(0.604028 -0.542302 0)
(0.649555 -0.560327 0)
(0.698262 -0.577081 0)
(0.749807 -0.592114 0)
(0.80223 -0.605009 0)
(0.845447 -0.61569 0)
(0.836191 -0.626078 0)
(0.667388 -0.648077 0)
(0.162551 -0.785984 0)
(-0.191248 -0.83514 0)
(-0.599625 -0.736562 0)
(-0.707452 -0.716203 0)
(-0.694544 -0.701165 0)
(-0.648765 -0.683977 0)
(-0.599306 -0.664186 0)
(-0.55246 -0.642402 0)
(-0.509303 -0.619304 0)
(-0.46987 -0.595481 0)
(-0.433958 -0.571406 0)
(-0.401296 -0.54744 0)
(-0.371594 -0.523856 0)
(-0.344565 -0.500849 0)
(-0.319936 -0.478555 0)
(-0.297455 -0.457064 0)
(-0.276891 -0.436432 0)
(-0.258039 -0.416688 0)
(-0.240715 -0.397842 0)
(-0.224756 -0.379891 0)
(-0.210018 -0.362823 0)
(-0.196373 -0.346617 0)
(-0.18371 -0.331249 0)
(-0.171929 -0.316693 0)
(-0.160942 -0.30292 0)
(-0.15067 -0.289901 0)
(-0.141045 -0.277608 0)
(-0.132005 -0.266013 0)
(-0.123495 -0.255088 0)
(-0.115464 -0.244806 0)
(-0.107868 -0.235143 0)
(-0.100667 -0.226075 0)
(-0.0938247 -0.21758 0)
(-0.0873071 -0.209637 0)
(-0.0810844 -0.202226 0)
(-0.0751289 -0.19533 0)
(-0.0694152 -0.18893 0)
(-0.06392 -0.183013 0)
(-0.0586214 -0.177564 0)
(-0.0534994 -0.172571 0)
(-0.0485349 -0.168021 0)
(-0.0437101 -0.163904 0)
(-0.0390082 -0.160212 0)
(-0.0344139 -0.156936 0)
(-0.0299089 -0.154031 0)
(-0.0254735 -0.15146 0)
(-0.0210921 -0.149258 0)
(-0.01675 -0.147452 0)
(-0.0124335 -0.146039 0)
(-0.00812933 -0.145017 0)
(-0.00382411 -0.144386 0)
(0.000495432 -0.144145 0)
(0.00484265 -0.144296 0)
(0.00923101 -0.144842 0)
(0.0136742 -0.145786 0)
(0.0181861 -0.147133 0)
(0.0227812 -0.148888 0)
(0.0274746 -0.151058 0)
(0.032282 -0.153651 0)
(0.0372199 -0.156677 0)
(0.0423057 -0.160145 0)
(0.0475575 -0.164067 0)
(0.0529947 -0.168456 0)
(0.0586377 -0.173326 0)
(0.0645084 -0.178692 0)
(0.0706306 -0.184572 0)
(0.0770298 -0.190982 0)
(0.0837338 -0.197943 0)
(0.0907728 -0.205477 0)
(0.0981797 -0.213606 0)
(0.10599 -0.222353 0)
(0.114244 -0.231746 0)
(0.122984 -0.241811 0)
(0.132259 -0.252578 0)
(0.142121 -0.264078 0)
(0.152631 -0.276341 0)
(0.163854 -0.289401 0)
(0.175864 -0.303293 0)
(0.188745 -0.31805 0)
(0.202591 -0.333708 0)
(0.217506 -0.350299 0)
(0.233611 -0.367854 0)
(0.251039 -0.386402 0)
(0.269945 -0.405965 0)
(0.290501 -0.426555 0)
(0.312904 -0.448175 0)
(0.337376 -0.470807 0)
(0.364163 -0.494411 0)
(0.393541 -0.518914 0)
(0.425815 -0.544197 0)
(0.461312 -0.570087 0)
(0.500371 -0.596333 0)
(0.543333 -0.622589 0)
(0.590503 -0.648397 0)
(0.642079 -0.673162 0)
(0.697884 -0.696161 0)
(0.756075 -0.716597 0)
(0.806623 -0.733974 0)
(0.806102 -0.750071 0)
(0.647922 -0.778731 0)
(0.155738 -0.939084 0)
(-0.182173 -1.00606 0)
(-0.57251 -0.887273 0)
(-0.665737 -0.857281 0)
(-0.641254 -0.831776 0)
(-0.586833 -0.802981 0)
(-0.531515 -0.771304 0)
(-0.4812 -0.738037 0)
(-0.436513 -0.704269 0)
(-0.397041 -0.67078 0)
(-0.362185 -0.638089 0)
(-0.33135 -0.606527 0)
(-0.303989 -0.576286 0)
(-0.279623 -0.547465 0)
(-0.257837 -0.520103 0)
(-0.238278 -0.494193 0)
(-0.220645 -0.469705 0)
(-0.204682 -0.446589 0)
(-0.190176 -0.424792 0)
(-0.176943 -0.404249 0)
(-0.164826 -0.3849 0)
(-0.153693 -0.366682 0)
(-0.143429 -0.349534 0)
(-0.133938 -0.333399 0)
(-0.125133 -0.318223 0)
(-0.116941 -0.303954 0)
(-0.109297 -0.290545 0)
(-0.102146 -0.27795 0)
(-0.0954367 -0.26613 0)
(-0.0891256 -0.255044 0)
(-0.0831735 -0.244658 0)
(-0.0775454 -0.23494 0)
(-0.07221 -0.225858 0)
(-0.0671392 -0.217386 0)
(-0.0623073 -0.209498 0)
(-0.0576915 -0.202171 0)
(-0.0532707 -0.195383 0)
(-0.0490256 -0.189116 0)
(-0.0449385 -0.183352 0)
(-0.040993 -0.178075 0)
(-0.0371739 -0.17327 0)
(-0.0334669 -0.168926 0)
(-0.0298587 -0.165031 0)
(-0.0263373 -0.161576 0)
(-0.0228882 -0.158524 0)
(-0.0194948 -0.155841 0)
(-0.016143 -0.153551 0)
(-0.012821 -0.151676 0)
(-0.00951831 -0.150213 0)
(-0.00622457 -0.14916 0)
(-0.00292948 -0.148515 0)
(0.000377289 -0.14828 0)
(0.00370612 -0.148455 0)
(0.00706749 -0.149044 0)
(0.010472 -0.15005 0)
(0.0139306 -0.15148 0)
(0.0174547 -0.153339 0)
(0.021056 -0.155635 0)
(0.0247473 -0.158378 0)
(0.0285415 -0.161577 0)
(0.0324526 -0.165246 0)
(0.036495 -0.169397 0)
(0.0406842 -0.174046 0)
(0.0450366 -0.179209 0)
(0.04957 -0.184904 0)
(0.0543036 -0.191152 0)
(0.0592586 -0.197975 0)
(0.0644579 -0.205397 0)
(0.0699264 -0.213444 0)
(0.0756913 -0.222144 0)
(0.0817828 -0.231529 0)
(0.0882341 -0.241633 0)
(0.0950824 -0.252492 0)
(0.102369 -0.264145 0)
(0.110141 -0.276635 0)
(0.11845 -0.290008 0)
(0.127356 -0.304312 0)
(0.136924 -0.319601 0)
(0.147233 -0.335932 0)
(0.15837 -0.353364 0)
(0.170435 -0.371962 0)
(0.183546 -0.391792 0)
(0.197838 -0.412924 0)
(0.213469 -0.43543 0)
(0.230625 -0.459381 0)
(0.249524 -0.484845 0)
(0.270422 -0.511886 0)
(0.293624 -0.540553 0)
(0.319489 -0.570874 0)
(0.34844 -0.602844 0)
(0.380975 -0.636403 0)
(0.417668 -0.671412 0)
(0.459169 -0.707611 0)
(0.506183 -0.744568 0)
(0.55939 -0.781609 0)
(0.619146 -0.817738 0)
(0.684136 -0.85161 0)
(0.744779 -0.881846 0)
(0.757555 -0.909285 0)
(0.616171 -0.949384 0)
(0.145052 -1.13973 0)
(-0.165814 -1.24267 0)
(-0.522933 -1.09173 0)
(-0.591036 -1.04 0)
(-0.549372 -0.991166 0)
(-0.485083 -0.939474 0)
(-0.425646 -0.887155 0)
(-0.375198 -0.83611 0)
(-0.332948 -0.787384 0)
(-0.297448 -0.741451 0)
(-0.26739 -0.698455 0)
(-0.241713 -0.658355 0)
(-0.219583 -0.621023 0)
(-0.200346 -0.586294 0)
(-0.183489 -0.55398 0)
(-0.168607 -0.5239 0)
(-0.155379 -0.495879 0)
(-0.143549 -0.469756 0)
(-0.132907 -0.445388 0)
(-0.123283 -0.422636 0)
(-0.114536 -0.401377 0)
(-0.106552 -0.3815 0)
(-0.0992338 -0.362908 0)
(-0.0924994 -0.345508 0)
(-0.0862798 -0.329222 0)
(-0.0805157 -0.313975 0)
(-0.0751563 -0.299701 0)
(-0.0701573 -0.28634 0)
(-0.0654805 -0.273837 0)
(-0.0610923 -0.262144 0)
(-0.0569629 -0.251216 0)
(-0.0530662 -0.241012 0)
(-0.049379 -0.231495 0)
(-0.0458806 -0.222633 0)
(-0.0425522 -0.214393 0)
(-0.0393772 -0.20675 0)
(-0.0363404 -0.199678 0)
(-0.0334279 -0.193154 0)
(-0.0306272 -0.187159 0)
(-0.0279265 -0.181673 0)
(-0.0253151 -0.176681 0)
(-0.0227832 -0.172168 0)
(-0.0203216 -0.16812 0)
(-0.017922 -0.164528 0)
(-0.0155743 -0.161363 0)
(-0.013266 -0.158597 0)
(-0.0109855 -0.156244 0)
(-0.00872443 -0.154318 0)
(-0.00647574 -0.152815 0)
(-0.00423249 -0.151733 0)
(-0.00198769 -0.151072 0)
(0.000265672 -0.150832 0)
(0.00253468 -0.151015 0)
(0.00482646 -0.151625 0)
(0.00714834 -0.152664 0)
(0.00950787 -0.154141 0)
(0.011913 -0.156061 0)
(0.014372 -0.158433 0)
(0.0168938 -0.161268 0)
(0.0194875 -0.164577 0)
(0.0221627 -0.168374 0)
(0.0249297 -0.172672 0)
(0.0277992 -0.17749 0)
(0.0307828 -0.182845 0)
(0.0338933 -0.18876 0)
(0.0371445 -0.195255 0)
(0.0405515 -0.202357 0)
(0.044131 -0.210094 0)
(0.0479009 -0.218495 0)
(0.0518808 -0.227595 0)
(0.0560927 -0.237429 0)
(0.060561 -0.248039 0)
(0.0653132 -0.259468 0)
(0.0703805 -0.271764 0)
(0.0757978 -0.284981 0)
(0.0816047 -0.299177 0)
(0.0878463 -0.314416 0)
(0.0945743 -0.330768 0)
(0.101849 -0.348311 0)
(0.10974 -0.36713 0)
(0.118328 -0.387319 0)
(0.127711 -0.408982 0)
(0.138001 -0.432234 0)
(0.149334 -0.457201 0)
(0.161873 -0.484024 0)
(0.175819 -0.512853 0)
(0.191415 -0.543858 0)
(0.208964 -0.577219 0)
(0.228842 -0.613127 0)
(0.251528 -0.651784 0)
(0.277626 -0.693384 0)
(0.307914 -0.738101 0)
(0.343388 -0.786051 0)
(0.385319 -0.837233 0)
(0.435267 -0.891414 0)
(0.494893 -0.947945 0)
(0.564685 -1.00547 0)
(0.637319 -1.06177 0)
(0.670747 -1.11526 0)
(0.558845 -1.18018 0)
(0.126711 -1.41495 0)
(-0.136249 -1.57367 0)
(-0.415329 -1.34257 0)
(-0.43604 -1.22864 0)
(-0.374879 -1.12923 0)
(-0.309784 -1.04022 0)
(-0.258689 -0.961163 0)
(-0.220056 -0.890967 0)
(-0.190358 -0.828388 0)
(-0.16695 -0.772317 0)
(-0.148041 -0.721815 0)
(-0.132435 -0.67611 0)
(-0.119353 -0.634562 0)
(-0.108215 -0.596633 0)
(-0.0986002 -0.561888 0)
(-0.0902205 -0.529954 0)
(-0.0828512 -0.500523 0)
(-0.076329 -0.47333 0)
(-0.0705052 -0.448147 0)
(-0.0652593 -0.424784 0)
(-0.0605164 -0.403075 0)
(-0.0562066 -0.382874 0)
(-0.0522716 -0.364054 0)
(-0.0486626 -0.346505 0)
(-0.0453392 -0.330127 0)
(-0.042267 -0.314836 0)
(-0.0394168 -0.300553 0)
(-0.0367635 -0.287209 0)
(-0.0342855 -0.274744 0)
(-0.031964 -0.263102 0)
(-0.0297824 -0.252234 0)
(-0.0277263 -0.242094 0)
(-0.0257829 -0.232644 0)
(-0.0239407 -0.223847 0)
(-0.0221897 -0.21567 0)
(-0.0205208 -0.208084 0)
(-0.0189257 -0.201062 0)
(-0.017397 -0.194581 0)
(-0.0159279 -0.188618 0)
(-0.0145123 -0.183154 0)
(-0.0131445 -0.178173 0)
(-0.0118194 -0.173657 0)
(-0.0105326 -0.169594 0)
(-0.00928019 -0.165972 0)
(-0.00805711 -0.162769 0)
(-0.00685495 -0.159966 0)
(-0.0056657 -0.157567 0)
(-0.00448489 -0.155578 0)
(-0.00330948 -0.153997 0)
(-0.00213617 -0.152821 0)
(-0.000961511 -0.152049 0)
(0.000218045 -0.151683 0)
(0.00140612 -0.151723 0)
(0.00260641 -0.152173 0)
(0.00382275 -0.153038 0)
(0.00505914 -0.154323 0)
(0.00631982 -0.156036 0)
(0.00760925 -0.158184 0)
(0.0089321 -0.160778 0)
(0.0102933 -0.16383 0)
(0.0116978 -0.167352 0)
(0.0131511 -0.171361 0)
(0.014659 -0.175872 0)
(0.0162277 -0.180906 0)
(0.017864 -0.186482 0)
(0.0195755 -0.192624 0)
(0.0213705 -0.199358 0)
(0.0232577 -0.206713 0)
(0.0252468 -0.21472 0)
(0.0273486 -0.223413 0)
(0.029575 -0.232833 0)
(0.0319394 -0.243019 0)
(0.0344572 -0.25402 0)
(0.0371456 -0.265887 0)
(0.0400238 -0.278678 0)
(0.0431139 -0.292455 0)
(0.0464411 -0.30729 0)
(0.0500347 -0.323262 0)
(0.0539291 -0.340458 0)
(0.0581645 -0.358976 0)
(0.0627879 -0.378929 0)
(0.0678552 -0.400441 0)
(0.0734334 -0.423654 0)
(0.0796041 -0.44873 0)
(0.0864675 -0.475854 0)
(0.0941476 -0.50524 0)
(0.1028 -0.537134 0)
(0.112621 -0.571823 0)
(0.12387 -0.609644 0)
(0.136887 -0.650992 0)
(0.152132 -0.696334 0)
(0.170249 -0.746226 0)
(0.192152 -0.801327 0)
(0.219199 -0.862415 0)
(0.25345 -0.930405 0)
(0.298016 -1.00634 0)
(0.356907 -1.09136 0)
(0.430441 -1.18665 0)
(0.489011 -1.29392 0)
(0.436189 -1.4283 0)
(0.0994415 -1.77296 0)
(-0.0154463 -1.25557 0)
(-0.0647477 -1.07029 0)
(-0.0661248 -0.954619 0)
(-0.0511948 -0.858077 0)
(-0.0409641 -0.779692 0)
(-0.0344748 -0.714899 0)
(-0.0296691 -0.660178 0)
(-0.0258368 -0.613124 0)
(-0.0227157 -0.572065 0)
(-0.0201549 -0.53581 0)
(-0.018038 -0.503487 0)
(-0.0162496 -0.474443 0)
(-0.0147241 -0.448171 0)
(-0.0134145 -0.42428 0)
(-0.0122717 -0.402455 0)
(-0.0112664 -0.382441 0)
(-0.0103677 -0.364027 0)
(-0.00956309 -0.347036 0)
(-0.00884384 -0.331323 0)
(-0.00819053 -0.316763 0)
(-0.00759431 -0.303251 0)
(-0.00704781 -0.290693 0)
(-0.00654462 -0.279009 0)
(-0.0060793 -0.26813 0)
(-0.00564722 -0.257993 0)
(-0.00524443 -0.248545 0)
(-0.00486754 -0.239738 0)
(-0.00451363 -0.231529 0)
(-0.00418015 -0.22388 0)
(-0.00386488 -0.216758 0)
(-0.00356584 -0.210131 0)
(-0.00328132 -0.203972 0)
(-0.00300975 -0.198258 0)
(-0.00274977 -0.192966 0)
(-0.00250014 -0.188076 0)
(-0.00225972 -0.18357 0)
(-0.00202748 -0.179433 0)
(-0.00180249 -0.17565 0)
(-0.00158387 -0.172208 0)
(-0.00137083 -0.169096 0)
(-0.00116262 -0.166304 0)
(-0.000958614 -0.163822 0)
(-0.000758288 -0.161642 0)
(-0.000561024 -0.159757 0)
(-0.000365724 -0.15816 0)
(-0.000171307 -0.156848 0)
(2.2795e-05 -0.15582 0)
(0.000216997 -0.155073 0)
(0.000411808 -0.154608 0)
(0.000607765 -0.154425 0)
(0.000805418 -0.154525 0)
(0.00100532 -0.154908 0)
(0.00120805 -0.155579 0)
(0.00141419 -0.156541 0)
(0.00162437 -0.157798 0)
(0.00183924 -0.159355 0)
(0.00205951 -0.161219 0)
(0.00228589 -0.163398 0)
(0.00251913 -0.1659 0)
(0.00276002 -0.168736 0)
(0.0030094 -0.171915 0)
(0.00326815 -0.175451 0)
(0.0035373 -0.179357 0)
(0.00381792 -0.183649 0)
(0.00411124 -0.188344 0)
(0.00441856 -0.19346 0)
(0.00474126 -0.199018 0)
(0.00508088 -0.205042 0)
(0.00543913 -0.211556 0)
(0.00581794 -0.21859 0)
(0.0062195 -0.226173 0)
(0.00664632 -0.234341 0)
(0.00710117 -0.243131 0)
(0.00758714 -0.252587 0)
(0.00810778 -0.262755 0)
(0.00866723 -0.273689 0)
(0.00927033 -0.285447 0)
(0.00992278 -0.298097 0)
(0.0106312 -0.311714 0)
(0.0114032 -0.326384 0)
(0.0122482 -0.342204 0)
(0.0131772 -0.359286 0)
(0.0142038 -0.377761 0)
(0.0153451 -0.397778 0)
(0.0166215 -0.419515 0)
(0.0180589 -0.443181 0)
(0.0196906 -0.469027 0)
(0.0215593 -0.497356 0)
(0.0237214 -0.528541 0)
(0.0262505 -0.563046 0)
(0.0292427 -0.601464 0)
(0.0328189 -0.64456 0)
(0.037114 -0.693353 0)
(0.0422328 -0.749225 0)
(0.0481671 -0.814092 0)
(0.0547619 -0.89064 0)
(0.061312 -0.982479 0)
(0.0582099 -1.09284 0)
(-0.0013877 -1.21313 0)
(-0.0423577 -1.4139 0)
)
;

boundaryField
{
    fuel
    {
        type            fixedValue;
        value           uniform (0.1 0 0);
    }
    air
    {
        type            fixedValue;
        value           uniform (-0.1 0 0);
    }
    outlet
    {
        type            pressureInletOutletVelocity;
        value           nonuniform List<vector> 
200
(
(0 1.25558 0)
(0 1.07029 0)
(0 0.954615 0)
(0 0.858069 0)
(0 0.779685 0)
(0 0.714896 0)
(0 0.66018 0)
(0 0.613126 0)
(0 0.572067 0)
(0 0.535815 0)
(0 0.503496 0)
(0 0.474456 0)
(0 0.448189 0)
(0 0.424302 0)
(0 0.402478 0)
(0 0.382462 0)
(0 0.364045 0)
(0 0.347051 0)
(0 0.331335 0)
(0 0.316772 0)
(0 0.303257 0)
(0 0.290697 0)
(0 0.279012 0)
(0 0.268132 0)
(0 0.257995 0)
(0 0.248547 0)
(0 0.239739 0)
(0 0.23153 0)
(0 0.223881 0)
(0 0.216758 0)
(0 0.210131 0)
(0 0.203973 0)
(0 0.198258 0)
(0 0.192966 0)
(0 0.188076 0)
(0 0.18357 0)
(0 0.179433 0)
(0 0.17565 0)
(0 0.172208 0)
(0 0.169096 0)
(0 0.166303 0)
(0 0.163821 0)
(0 0.161642 0)
(0 0.159756 0)
(0 0.158159 0)
(0 0.156847 0)
(0 0.155819 0)
(0 0.155073 0)
(0 0.154608 0)
(0 0.154425 0)
(0 0.154524 0)
(0 0.154908 0)
(0 0.155579 0)
(0 0.15654 0)
(0 0.157797 0)
(0 0.159354 0)
(0 0.161218 0)
(0 0.163397 0)
(0 0.165899 0)
(0 0.168735 0)
(0 0.171914 0)
(0 0.17545 0)
(0 0.179356 0)
(0 0.183648 0)
(0 0.188343 0)
(0 0.193459 0)
(0 0.199017 0)
(0 0.205041 0)
(0 0.211555 0)
(0 0.218589 0)
(0 0.226172 0)
(0 0.23434 0)
(0 0.24313 0)
(0 0.252586 0)
(0 0.262754 0)
(0 0.273687 0)
(0 0.285446 0)
(0 0.298096 0)
(0 0.311712 0)
(0 0.326382 0)
(0 0.342202 0)
(0 0.359284 0)
(0 0.377758 0)
(0 0.397775 0)
(0 0.419511 0)
(0 0.443177 0)
(0 0.469022 0)
(0 0.49735 0)
(0 0.528535 0)
(0 0.56304 0)
(0 0.601457 0)
(0 0.644552 0)
(0 0.693339 0)
(0 0.749204 0)
(0 0.814062 0)
(0 0.890598 0)
(0 0.982421 0)
(0 1.09276 0)
(0 1.21303 0)
(0 1.41378 0)
(0 -1.25557 0)
(0 -1.07029 0)
(0 -0.954619 0)
(0 -0.858077 0)
(0 -0.779692 0)
(0 -0.714899 0)
(0 -0.660178 0)
(0 -0.613124 0)
(0 -0.572065 0)
(0 -0.53581 0)
(0 -0.503487 0)
(0 -0.474443 0)
(0 -0.448171 0)
(0 -0.42428 0)
(0 -0.402455 0)
(0 -0.382441 0)
(0 -0.364027 0)
(0 -0.347036 0)
(0 -0.331323 0)
(0 -0.316763 0)
(0 -0.303251 0)
(0 -0.290693 0)
(0 -0.279009 0)
(0 -0.26813 0)
(0 -0.257993 0)
(0 -0.248545 0)
(0 -0.239738 0)
(0 -0.231529 0)
(0 -0.22388 0)
(0 -0.216758 0)
(0 -0.210131 0)
(0 -0.203972 0)
(0 -0.198258 0)
(0 -0.192966 0)
(0 -0.188076 0)
(0 -0.18357 0)
(0 -0.179433 0)
(0 -0.17565 0)
(0 -0.172208 0)
(0 -0.169096 0)
(0 -0.166304 0)
(0 -0.163822 0)
(0 -0.161642 0)
(0 -0.159757 0)
(0 -0.15816 0)
(0 -0.156848 0)
(0 -0.15582 0)
(0 -0.155073 0)
(0 -0.154608 0)
(0 -0.154425 0)
(0 -0.154525 0)
(0 -0.154908 0)
(0 -0.155579 0)
(0 -0.156541 0)
(0 -0.157798 0)
(0 -0.159355 0)
(0 -0.161219 0)
(0 -0.163398 0)
(0 -0.1659 0)
(0 -0.168736 0)
(0 -0.171915 0)
(0 -0.175451 0)
(0 -0.179357 0)
(0 -0.183649 0)
(0 -0.188344 0)
(0 -0.19346 0)
(0 -0.199018 0)
(0 -0.205042 0)
(0 -0.211556 0)
(0 -0.21859 0)
(0 -0.226173 0)
(0 -0.234341 0)
(0 -0.243131 0)
(0 -0.252587 0)
(0 -0.262755 0)
(0 -0.273689 0)
(0 -0.285447 0)
(0 -0.298097 0)
(0 -0.311714 0)
(0 -0.326384 0)
(0 -0.342204 0)
(0 -0.359286 0)
(0 -0.377761 0)
(0 -0.397778 0)
(0 -0.419515 0)
(0 -0.443181 0)
(0 -0.469027 0)
(0 -0.497356 0)
(0 -0.528541 0)
(0 -0.563046 0)
(0 -0.601464 0)
(0 -0.64456 0)
(0 -0.693353 0)
(0 -0.749225 0)
(0 -0.814092 0)
(0 -0.89064 0)
(0 -0.982479 0)
(0 -1.09284 0)
(0 -1.21313 0)
(0 -1.4139 0)
)
;
    }
    frontAndBack
    {
        type            empty;
    }
}


// ************************************************************************* //
