/*--------------------------------*- C++ -*----------------------------------*\
  =========                 |
  \\      /  F ield         | OpenFOAM: The Open Source CFD Toolbox
   \\    /   O peration     | Website:  https://openfoam.org
    \\  /    A nd           | Version:  10
     \\/     M anipulation  |
\*---------------------------------------------------------------------------*/
FoamFile
{
    format      ascii;
    class       volScalarField;
    location    "6.4416e-05";
    object      nut;
}
// * * * * * * * * * * * * * * * * * * * * * * * * * * * * * * * * * * * * * //

dimensions      [0 2 -1 0 0 0 0];

internalField   nonuniform List<scalar> 
7600
(
0.000408104
0.000580891
0.00074536
0.00134994
0.00165208
0.00225712
0.00296197
0.00383671
0.00568306
0.00480196
0.000414928
0.000565962
0.000763485
0.00132745
0.00165406
0.00223422
0.00288214
0.00342264
0.00474212
0.00451677
0.000422437
0.000553478
0.000783503
0.00130553
0.00165515
0.00221805
0.00284242
0.00334507
0.00449754
0.00443614
0.000429475
0.000541974
0.000803595
0.0012842
0.00165472
0.00220219
0.00280829
0.00330801
0.00438981
0.0046588
0.000436104
0.000531735
0.000823875
0.00126482
0.00165502
0.00219139
0.00278916
0.00330751
0.00434371
0.00475134
0.000442022
0.000522699
0.000843684
0.00124772
0.00165626
0.00218491
0.00278014
0.00332514
0.00432612
0.00484833
0.000446953
0.000514824
0.000862419
0.00123305
0.00165828
0.00218149
0.00277667
0.00334796
0.00431276
0.00490623
0.000450631
0.000507987
0.000879358
0.00122084
0.00166072
0.00217994
0.00277584
0.00337027
0.00429939
0.00494198
0.000452947
0.00050234
0.000893858
0.00121108
0.00166319
0.00217934
0.00277579
0.00338872
0.00428493
0.00496011
0.000452948
0.000496525
0.000904843
0.00120398
0.00166572
0.00217952
0.00277601
0.00340221
0.00427064
0.00496661
0.00036539
0.000679813
0.000643438
0.00151276
0.00160582
0.00223252
0.00280433
0.00349343
0.00416202
0.00503628
0.000366886
0.00067909
0.000645684
0.00150843
0.00160668
0.00223166
0.0028026
0.00349582
0.00415857
0.00503196
0.000368606
0.000672806
0.000649057
0.00149787
0.00160643
0.00222814
0.0027973
0.00349857
0.00415001
0.0050234
0.000371538
0.000665264
0.000654789
0.00148498
0.00160738
0.00222419
0.00278982
0.00350118
0.00413392
0.00500885
0.000375179
0.000655248
0.00066221
0.00146845
0.00160831
0.00221836
0.0027781
0.00349909
0.00410279
0.00498209
0.000379722
0.000643815
0.000671563
0.00144973
0.00160983
0.00221141
0.00276204
0.00348788
0.00404301
0.00492256
0.00038515
0.000631375
0.000682774
0.0014296
0.00161232
0.00220439
0.00274271
0.00346445
0.00393657
0.00480772
0.000391568
0.000618761
0.000695992
0.00140932
0.0016169
0.00220046
0.00272673
0.00344358
0.00376967
0.0045976
0.000398898
0.000605576
0.00071074
0.00138882
0.0016239
0.00220096
0.00271562
0.00337489
0.0034029
0.00403685
0.000407056
0.000594313
0.00072743
0.00136942
0.00163613
0.00222174
0.0027708
0.00356316
0.00328162
0.00411405
0.00685903
0.00967839
0.0124076
0.0143556
0.0159799
0.0171547
0.018024
0.018639
0.0191013
0.0194488
0.0197609
0.0199669
0.0201185
0.0202318
0.0203312
0.020413
0.0204795
0.0205332
0.0205775
0.0206135
0.0206429
0.0206673
0.0206879
0.020705
0.0207192
0.020731
0.0207409
0.0207492
0.0207562
0.0207621
0.020767
0.0207712
0.0207747
0.0207776
0.0207801
0.0207822
0.0207839
0.0207854
0.0207867
0.0207877
0.0207886
0.0207894
0.02079
0.0207905
0.020791
0.0207914
0.0207917
0.020792
0.0207922
0.0207924
0.0207925
0.0207927
0.0207928
0.0207929
0.020793
0.020793
0.0207931
0.0207932
0.0207932
0.0207932
0.0207933
0.0207933
0.0207933
0.0207933
0.0207933
0.0207934
0.0207934
0.0207934
0.0207934
0.0207934
0.0207934
0.0207934
0.0207934
0.0207934
0.0207934
0.0207934
0.0207934
0.0207934
0.0207934
0.0207934
0.00687539
0.00963179
0.0123936
0.014326
0.0159577
0.0171366
0.0180183
0.0186385
0.0191015
0.0194484
0.0197356
0.019958
0.0201194
0.0202341
0.0203311
0.0204124
0.0204787
0.0205327
0.0205769
0.0206131
0.0206425
0.0206669
0.0206876
0.0207047
0.0207189
0.0207308
0.0207408
0.0207491
0.0207561
0.020762
0.0207669
0.0207711
0.0207746
0.0207776
0.02078
0.0207821
0.0207839
0.0207854
0.0207867
0.0207877
0.0207886
0.0207894
0.02079
0.0207905
0.020791
0.0207914
0.0207917
0.020792
0.0207922
0.0207924
0.0207925
0.0207927
0.0207928
0.0207929
0.020793
0.020793
0.0207931
0.0207932
0.0207932
0.0207932
0.0207933
0.0207933
0.0207933
0.0207933
0.0207933
0.0207934
0.0207934
0.0207934
0.0207934
0.0207934
0.0207934
0.0207934
0.0207934
0.0207934
0.0207934
0.0207934
0.0207934
0.0207934
0.0207934
0.0207934
0.00691328
0.00954449
0.0123621
0.0142714
0.0159134
0.0170992
0.0179952
0.0186383
0.0191015
0.0194523
0.0196853
0.0199571
0.0201158
0.0202386
0.020333
0.0204119
0.0204766
0.0205315
0.020576
0.0206122
0.0206416
0.0206661
0.0206869
0.0207042
0.0207185
0.0207304
0.0207404
0.0207488
0.0207559
0.0207618
0.0207668
0.020771
0.0207745
0.0207775
0.02078
0.0207821
0.0207839
0.0207854
0.0207866
0.0207877
0.0207886
0.0207893
0.02079
0.0207905
0.020791
0.0207914
0.0207917
0.020792
0.0207922
0.0207924
0.0207925
0.0207927
0.0207928
0.0207929
0.020793
0.020793
0.0207931
0.0207932
0.0207932
0.0207932
0.0207933
0.0207933
0.0207933
0.0207933
0.0207933
0.0207934
0.0207934
0.0207934
0.0207934
0.0207934
0.0207934
0.0207934
0.0207934
0.0207934
0.0207934
0.0207934
0.0207934
0.0207934
0.0207934
0.0207934
0.00698156
0.00942712
0.0123097
0.014196
0.0158465
0.0170442
0.0179513
0.0186461
0.0191009
0.0194656
0.0196919
0.0199146
0.02011
0.020252
0.0203335
0.0204135
0.0204751
0.0205299
0.0205746
0.0206111
0.0206404
0.020665
0.020686
0.0207034
0.0207178
0.0207299
0.02074
0.0207484
0.0207556
0.0207615
0.0207665
0.0207708
0.0207743
0.0207773
0.0207799
0.020782
0.0207838
0.0207853
0.0207866
0.0207877
0.0207886
0.0207893
0.02079
0.0207905
0.020791
0.0207913
0.0207917
0.0207919
0.0207922
0.0207924
0.0207925
0.0207927
0.0207928
0.0207929
0.020793
0.020793
0.0207931
0.0207932
0.0207932
0.0207932
0.0207933
0.0207933
0.0207933
0.0207933
0.0207933
0.0207934
0.0207934
0.0207934
0.0207934
0.0207934
0.0207934
0.0207934
0.0207934
0.0207934
0.0207934
0.0207934
0.0207934
0.0207934
0.0207934
0.0207934
0.00709072
0.00929526
0.0122282
0.0141027
0.0157522
0.016969
0.0178828
0.0186105
0.0191183
0.019462
0.0197398
0.019851
0.0200638
0.020244
0.0203549
0.020415
0.0204758
0.0205278
0.0205738
0.0206103
0.020639
0.0206633
0.0206846
0.0207023
0.0207168
0.0207291
0.0207393
0.0207479
0.0207551
0.0207612
0.0207662
0.0207705
0.0207741
0.0207772
0.0207797
0.0207819
0.0207837
0.0207852
0.0207865
0.0207876
0.0207885
0.0207893
0.0207899
0.0207905
0.0207909
0.0207913
0.0207917
0.0207919
0.0207922
0.0207924
0.0207925
0.0207927
0.0207928
0.0207929
0.020793
0.020793
0.0207931
0.0207932
0.0207932
0.0207932
0.0207933
0.0207933
0.0207933
0.0207933
0.0207933
0.0207934
0.0207934
0.0207934
0.0207934
0.0207934
0.0207934
0.0207934
0.0207934
0.0207934
0.0207934
0.0207934
0.0207934
0.0207934
0.0207934
0.0207934
0.00724979
0.0091898
0.0121139
0.0140176
0.0156554
0.0168891
0.0178158
0.0185207
0.0191093
0.0194898
0.0197587
0.0199036
0.0200026
0.0201727
0.0203851
0.0204604
0.0204951
0.0205258
0.0205698
0.0206088
0.0206397
0.0206645
0.0206847
0.0207019
0.0207163
0.0207285
0.0207388
0.0207474
0.0207547
0.0207608
0.0207659
0.0207702
0.0207739
0.020777
0.0207796
0.0207817
0.0207836
0.0207851
0.0207864
0.0207875
0.0207885
0.0207892
0.0207899
0.0207905
0.0207909
0.0207913
0.0207916
0.0207919
0.0207922
0.0207924
0.0207925
0.0207927
0.0207928
0.0207929
0.020793
0.020793
0.0207931
0.0207931
0.0207932
0.0207932
0.0207933
0.0207933
0.0207933
0.0207933
0.0207933
0.0207934
0.0207934
0.0207934
0.0207934
0.0207934
0.0207934
0.0207934
0.0207934
0.0207934
0.0207934
0.0207934
0.0207934
0.0207934
0.0207934
0.0207934
0.00742142
0.00910291
0.0119121
0.0138713
0.0154762
0.0167265
0.0176768
0.0183718
0.0189457
0.0194276
0.0197571
0.0199982
0.0200516
0.0200857
0.0202131
0.0203877
0.0204966
0.0205696
0.020584
0.0206049
0.020629
0.0206525
0.0206778
0.0206982
0.0207137
0.0207265
0.0207373
0.0207462
0.0207537
0.02076
0.0207653
0.0207698
0.0207735
0.0207766
0.0207793
0.0207815
0.0207834
0.020785
0.0207863
0.0207874
0.0207884
0.0207892
0.0207898
0.0207904
0.0207909
0.0207913
0.0207916
0.0207919
0.0207921
0.0207923
0.0207925
0.0207927
0.0207928
0.0207929
0.020793
0.020793
0.0207931
0.0207931
0.0207932
0.0207932
0.0207933
0.0207933
0.0207933
0.0207933
0.0207933
0.0207933
0.0207934
0.0207934
0.0207934
0.0207934
0.0207934
0.0207934
0.0207934
0.0207934
0.0207934
0.0207934
0.0207934
0.0207934
0.0207934
0.0207934
0.0075151
0.00915959
0.0116526
0.0138628
0.0154894
0.0167791
0.0177411
0.0184421
0.0189471
0.0193828
0.0197852
0.0200765
0.0202691
0.0203034
0.0202744
0.0203754
0.0204913
0.0205737
0.0206349
0.0206649
0.0206815
0.0206916
0.0206963
0.0207087
0.0207199
0.0207297
0.020739
0.0207471
0.0207542
0.0207602
0.0207654
0.0207697
0.0207734
0.0207766
0.0207792
0.0207815
0.0207834
0.020785
0.0207863
0.0207874
0.0207884
0.0207892
0.0207899
0.0207904
0.0207909
0.0207913
0.0207916
0.0207919
0.0207922
0.0207924
0.0207925
0.0207927
0.0207928
0.0207929
0.020793
0.020793
0.0207931
0.0207932
0.0207932
0.0207932
0.0207933
0.0207933
0.0207933
0.0207933
0.0207933
0.0207934
0.0207934
0.0207934
0.0207934
0.0207934
0.0207934
0.0207934
0.0207934
0.0207934
0.0207934
0.0207934
0.0207934
0.0207934
0.0207934
0.0207934
0.00738591
0.00949012
0.0115208
0.0135756
0.0150858
0.0163221
0.0172709
0.0179967
0.0185367
0.0189452
0.0193164
0.0196707
0.0199862
0.0202148
0.0203238
0.020335
0.0203823
0.0204254
0.0205371
0.0206068
0.0206533
0.0206822
0.0206918
0.0207044
0.0207164
0.020727
0.0207367
0.0207451
0.0207524
0.0207587
0.0207641
0.0207686
0.0207725
0.0207757
0.0207785
0.0207808
0.0207828
0.0207845
0.0207859
0.020787
0.020788
0.0207889
0.0207896
0.0207902
0.0207907
0.0207911
0.0207915
0.0207918
0.0207921
0.0207923
0.0207925
0.0207926
0.0207927
0.0207928
0.0207929
0.020793
0.0207931
0.0207931
0.0207932
0.0207932
0.0207932
0.0207933
0.0207933
0.0207933
0.0207933
0.0207933
0.0207934
0.0207934
0.0207934
0.0207934
0.0207934
0.0207934
0.0207934
0.0207934
0.0207934
0.0207934
0.0207934
0.0207934
0.0207934
0.0207934
0.00634936
0.00974985
0.0106885
0.0132747
0.0149407
0.0163637
0.0174302
0.0182122
0.0187795
0.0191878
0.0194777
0.0197432
0.019961
0.0201631
0.0203379
0.0204072
0.0204347
0.0204818
0.0205354
0.0205934
0.020634
0.0206673
0.0206965
0.0207139
0.0207294
0.0207405
0.0207491
0.0207563
0.0207621
0.020767
0.0207711
0.0207745
0.0207775
0.0207799
0.020782
0.0207837
0.0207852
0.0207864
0.0207875
0.0207884
0.0207891
0.0207898
0.0207903
0.0207908
0.0207912
0.0207915
0.0207918
0.020792
0.0207923
0.0207924
0.0207926
0.0207927
0.0207928
0.0207929
0.020793
0.0207931
0.0207931
0.0207932
0.0207932
0.0207932
0.0207933
0.0207933
0.0207933
0.0207933
0.0207933
0.0207933
0.0207934
0.0207934
0.0207934
0.0207934
0.0207934
0.0207934
0.0207934
0.0207934
0.0207934
0.0207934
0.0207934
0.0207934
0.0207934
0.0207934
0.00684081
0.0097997
0.011719
0.0140958
0.0156568
0.0169413
0.0178557
0.0185182
0.0190001
0.019363
0.0196432
0.0198568
0.0200202
0.0201523
0.0202635
0.0203676
0.0204516
0.0205242
0.0205592
0.0205899
0.0206201
0.0206482
0.0206782
0.0207006
0.020717
0.0207302
0.0207408
0.0207495
0.0207566
0.0207626
0.0207675
0.0207717
0.0207751
0.020778
0.0207805
0.0207825
0.0207842
0.0207857
0.0207869
0.0207879
0.0207888
0.0207895
0.0207901
0.0207906
0.0207911
0.0207914
0.0207917
0.020792
0.0207922
0.0207924
0.0207926
0.0207927
0.0207928
0.0207929
0.020793
0.0207931
0.0207931
0.0207932
0.0207932
0.0207932
0.0207933
0.0207933
0.0207933
0.0207933
0.0207933
0.0207934
0.0207934
0.0207934
0.0207934
0.0207934
0.0207934
0.0207934
0.0207934
0.0207934
0.0207934
0.0207934
0.0207934
0.0207934
0.0207934
0.0207934
0.0117975
0.0111989
0.0136212
0.0149208
0.0159807
0.0168821
0.0176123
0.0182094
0.0186889
0.0190738
0.0193861
0.0196429
0.0198554
0.020027
0.0201666
0.0202773
0.0203649
0.0204351
0.0204975
0.0205498
0.0205921
0.0206261
0.0206526
0.0206754
0.0206946
0.0207106
0.0207241
0.0207354
0.0207448
0.0207527
0.0207593
0.0207648
0.0207694
0.0207733
0.0207766
0.0207793
0.0207816
0.0207835
0.0207851
0.0207864
0.0207876
0.0207885
0.0207893
0.02079
0.0207905
0.020791
0.0207914
0.0207917
0.020792
0.0207922
0.0207924
0.0207926
0.0207927
0.0207928
0.0207929
0.020793
0.0207931
0.0207931
0.0207932
0.0207932
0.0207932
0.0207933
0.0207933
0.0207933
0.0207933
0.0207933
0.0207934
0.0207934
0.0207934
0.0207934
0.0207934
0.0207934
0.0207934
0.0207934
0.0207934
0.0207934
0.0207934
0.0207934
0.0207934
0.0207934
0.0116893
0.0119103
0.014105
0.0152042
0.0163325
0.0172376
0.0179642
0.0185379
0.0189873
0.0193407
0.0196205
0.0198435
0.0200215
0.0201634
0.0202779
0.0203699
0.0204434
0.0205036
0.020553
0.0205936
0.020627
0.0206546
0.0206778
0.0206971
0.0207129
0.020726
0.0207369
0.0207459
0.0207535
0.0207599
0.0207652
0.0207697
0.0207734
0.0207766
0.0207793
0.0207815
0.0207834
0.020785
0.0207863
0.0207874
0.0207884
0.0207892
0.0207898
0.0207904
0.0207909
0.0207913
0.0207916
0.0207919
0.0207921
0.0207923
0.0207925
0.0207927
0.0207928
0.0207929
0.020793
0.020793
0.0207931
0.0207931
0.0207932
0.0207932
0.0207933
0.0207933
0.0207933
0.0207933
0.0207933
0.0207933
0.0207934
0.0207934
0.0207934
0.0207934
0.0207934
0.0207934
0.0207934
0.0207934
0.0207934
0.0207934
0.0207934
0.0207934
0.0207934
0.0207934
0.0129545
0.0134616
0.0153352
0.0161326
0.0170095
0.0177006
0.0182691
0.0187309
0.0191048
0.019408
0.0196549
0.0198566
0.0200218
0.0201566
0.0202672
0.0203576
0.0204313
0.020492
0.0205425
0.0205843
0.020619
0.0206478
0.0206717
0.0206917
0.0207082
0.020722
0.0207336
0.0207432
0.0207513
0.020758
0.0207637
0.0207684
0.0207724
0.0207757
0.0207785
0.0207809
0.0207829
0.0207846
0.020786
0.0207872
0.0207881
0.020789
0.0207897
0.0207903
0.0207908
0.0207912
0.0207915
0.0207918
0.0207921
0.0207923
0.0207925
0.0207926
0.0207928
0.0207929
0.0207929
0.020793
0.0207931
0.0207931
0.0207932
0.0207932
0.0207933
0.0207933
0.0207933
0.0207933
0.0207933
0.0207933
0.0207934
0.0207934
0.0207934
0.0207934
0.0207934
0.0207934
0.0207934
0.0207934
0.0207934
0.0207934
0.0207934
0.0207934
0.0207934
0.0207934
0.01397
0.0145699
0.0160225
0.0166625
0.0173962
0.017981
0.018473
0.0188791
0.0192133
0.0194879
0.0197139
0.0199002
0.0200538
0.0201801
0.0202844
0.0203702
0.0204409
0.0204995
0.0205481
0.0205886
0.0206223
0.0206503
0.0206736
0.0206931
0.0207094
0.020723
0.0207343
0.0207438
0.0207517
0.0207584
0.020764
0.0207686
0.0207726
0.0207759
0.0207787
0.020781
0.020783
0.0207846
0.020786
0.0207872
0.0207882
0.020789
0.0207897
0.0207903
0.0207908
0.0207912
0.0207916
0.0207919
0.0207921
0.0207923
0.0207925
0.0207926
0.0207928
0.0207929
0.020793
0.020793
0.0207931
0.0207931
0.0207932
0.0207932
0.0207933
0.0207933
0.0207933
0.0207933
0.0207933
0.0207933
0.0207934
0.0207934
0.0207934
0.0207934
0.0207934
0.0207934
0.0207934
0.0207934
0.0207934
0.0207934
0.0207934
0.0207934
0.0207934
0.0207934
0.0150137
0.0156082
0.01671
0.0172164
0.017805
0.0182816
0.0186914
0.0190365
0.0193263
0.0195688
0.0197717
0.0199411
0.0200825
0.0202003
0.0202984
0.0203799
0.0204478
0.0205043
0.0205515
0.0205909
0.0206238
0.0206513
0.0206743
0.0206936
0.0207097
0.0207231
0.0207344
0.0207438
0.0207518
0.0207584
0.020764
0.0207686
0.0207726
0.0207759
0.0207787
0.020781
0.020783
0.0207846
0.020786
0.0207872
0.0207882
0.020789
0.0207897
0.0207903
0.0207908
0.0207912
0.0207916
0.0207919
0.0207921
0.0207923
0.0207925
0.0207926
0.0207928
0.0207929
0.0207929
0.020793
0.0207931
0.0207931
0.0207932
0.0207932
0.0207933
0.0207933
0.0207933
0.0207933
0.0207933
0.0207933
0.0207934
0.0207934
0.0207934
0.0207934
0.0207934
0.0207934
0.0207934
0.0207934
0.0207934
0.0207934
0.0207934
0.0207934
0.0207934
0.0207934
0.0159474
0.0164663
0.0172822
0.0176828
0.0181521
0.018541
0.018883
0.0191771
0.0194288
0.0196434
0.0198256
0.01998
0.0201103
0.0202201
0.0203124
0.0203899
0.0204549
0.0205094
0.0205551
0.0205934
0.0206256
0.0206526
0.0206752
0.0206942
0.0207101
0.0207234
0.0207346
0.020744
0.0207518
0.0207585
0.020764
0.0207687
0.0207726
0.0207759
0.0207787
0.020781
0.020783
0.0207846
0.020786
0.0207872
0.0207882
0.020789
0.0207897
0.0207903
0.0207908
0.0207912
0.0207916
0.0207919
0.0207921
0.0207923
0.0207925
0.0207926
0.0207928
0.0207929
0.0207929
0.020793
0.0207931
0.0207931
0.0207932
0.0207932
0.0207933
0.0207933
0.0207933
0.0207933
0.0207933
0.0207933
0.0207934
0.0207934
0.0207934
0.0207934
0.0207934
0.0207934
0.0207934
0.0207934
0.0207934
0.0207934
0.0207934
0.0207934
0.0207934
0.0207934
0.0167555
0.0171808
0.0177756
0.0180886
0.0184585
0.0187736
0.0190572
0.0193065
0.0195244
0.0197136
0.0198769
0.0200172
0.0201372
0.0202394
0.0203262
0.0203998
0.0204619
0.0205144
0.0205587
0.020596
0.0206274
0.0206538
0.0206761
0.0206948
0.0207105
0.0207237
0.0207348
0.0207441
0.0207519
0.0207585
0.0207641
0.0207687
0.0207726
0.0207759
0.0207787
0.020781
0.020783
0.0207846
0.020786
0.0207872
0.0207882
0.020789
0.0207897
0.0207903
0.0207908
0.0207912
0.0207916
0.0207919
0.0207921
0.0207923
0.0207925
0.0207926
0.0207928
0.0207929
0.0207929
0.020793
0.0207931
0.0207931
0.0207932
0.0207932
0.0207933
0.0207933
0.0207933
0.0207933
0.0207933
0.0207933
0.0207934
0.0207934
0.0207934
0.0207934
0.0207934
0.0207934
0.0207934
0.0207934
0.0207934
0.0207934
0.0207934
0.0207934
0.0207934
0.0207934
0.0174354
0.0177686
0.0181951
0.0184361
0.0187247
0.0189783
0.0192124
0.0194233
0.0196116
0.0197782
0.0199245
0.0200521
0.0201626
0.0202578
0.0203395
0.0204093
0.0204688
0.0205193
0.0205622
0.0205985
0.0206292
0.0206551
0.020677
0.0206954
0.0207109
0.020724
0.020735
0.0207442
0.020752
0.0207586
0.0207641
0.0207687
0.0207727
0.0207759
0.0207787
0.020781
0.020783
0.0207846
0.020786
0.0207872
0.0207882
0.020789
0.0207897
0.0207903
0.0207908
0.0207912
0.0207916
0.0207919
0.0207921
0.0207923
0.0207925
0.0207926
0.0207928
0.0207929
0.020793
0.020793
0.0207931
0.0207931
0.0207932
0.0207932
0.0207933
0.0207933
0.0207933
0.0207933
0.0207933
0.0207933
0.0207934
0.0207934
0.0207934
0.0207934
0.0207934
0.0207934
0.0207934
0.0207934
0.0207934
0.0207934
0.0207934
0.0207934
0.0207934
0.0207934
0.0179996
0.0182511
0.0185507
0.0187323
0.0189547
0.0191573
0.0193497
0.0195277
0.0196904
0.0198372
0.0199684
0.0200845
0.0201864
0.0202752
0.0203522
0.0204185
0.0204754
0.0205241
0.0205656
0.0206009
0.0206309
0.0206563
0.0206778
0.020696
0.0207113
0.0207243
0.0207352
0.0207444
0.0207521
0.0207587
0.0207642
0.0207688
0.0207727
0.020776
0.0207787
0.020781
0.020783
0.0207846
0.020786
0.0207872
0.0207882
0.020789
0.0207897
0.0207903
0.0207908
0.0207912
0.0207916
0.0207919
0.0207921
0.0207923
0.0207925
0.0207926
0.0207928
0.0207929
0.020793
0.020793
0.0207931
0.0207931
0.0207932
0.0207932
0.0207933
0.0207933
0.0207933
0.0207933
0.0207933
0.0207933
0.0207934
0.0207934
0.0207934
0.0207934
0.0207934
0.0207934
0.0207934
0.0207934
0.0207934
0.0207934
0.0207934
0.0207934
0.0207934
0.0207934
0.0184645
0.0186469
0.0188507
0.0189838
0.0191524
0.0193127
0.0194703
0.0196203
0.0197608
0.0198904
0.0200082
0.0201141
0.0202083
0.0202913
0.0203639
0.0204271
0.0204816
0.0205286
0.0205689
0.0206033
0.0206326
0.0206575
0.0206787
0.0206966
0.0207118
0.0207246
0.0207354
0.0207445
0.0207522
0.0207587
0.0207642
0.0207688
0.0207727
0.020776
0.0207787
0.0207811
0.020783
0.0207847
0.020786
0.0207872
0.0207882
0.020789
0.0207897
0.0207903
0.0207908
0.0207912
0.0207916
0.0207919
0.0207921
0.0207923
0.0207925
0.0207926
0.0207928
0.0207929
0.020793
0.020793
0.0207931
0.0207931
0.0207932
0.0207932
0.0207933
0.0207933
0.0207933
0.0207933
0.0207933
0.0207933
0.0207934
0.0207934
0.0207934
0.0207934
0.0207934
0.0207934
0.0207934
0.0207934
0.0207934
0.0207934
0.0207934
0.0207934
0.0207934
0.0207934
0.0188472
0.0189719
0.0191032
0.0191963
0.0193213
0.0194467
0.0195751
0.0197014
0.0198231
0.0199377
0.0200439
0.0201409
0.0202282
0.020306
0.0203748
0.020435
0.0204874
0.0205328
0.0205719
0.0206054
0.0206341
0.0206586
0.0206795
0.0206971
0.0207121
0.0207248
0.0207356
0.0207447
0.0207523
0.0207588
0.0207642
0.0207688
0.0207727
0.020776
0.0207787
0.0207811
0.020783
0.0207847
0.020786
0.0207872
0.0207882
0.020789
0.0207897
0.0207903
0.0207908
0.0207912
0.0207916
0.0207919
0.0207921
0.0207923
0.0207925
0.0207926
0.0207928
0.0207929
0.020793
0.020793
0.0207931
0.0207931
0.0207932
0.0207932
0.0207933
0.0207933
0.0207933
0.0207933
0.0207933
0.0207933
0.0207934
0.0207934
0.0207934
0.0207934
0.0207934
0.0207934
0.0207934
0.0207934
0.0207934
0.0207934
0.0207934
0.0207934
0.0207934
0.0207934
0.0191626
0.019239
0.0193147
0.0193749
0.0194645
0.0195612
0.0196653
0.0197718
0.0198775
0.0199794
0.0200756
0.0201647
0.020246
0.0203193
0.0203845
0.0204422
0.0204927
0.0205366
0.0205747
0.0206074
0.0206356
0.0206597
0.0206802
0.0206977
0.0207125
0.0207251
0.0207358
0.0207448
0.0207524
0.0207589
0.0207643
0.0207689
0.0207727
0.020776
0.0207788
0.0207811
0.020783
0.0207847
0.020786
0.0207872
0.0207882
0.020789
0.0207897
0.0207903
0.0207908
0.0207912
0.0207916
0.0207919
0.0207921
0.0207923
0.0207925
0.0207926
0.0207928
0.0207929
0.020793
0.020793
0.0207931
0.0207931
0.0207932
0.0207932
0.0207933
0.0207933
0.0207933
0.0207933
0.0207933
0.0207933
0.0207934
0.0207934
0.0207934
0.0207934
0.0207934
0.0207934
0.0207934
0.0207934
0.0207934
0.0207934
0.0207934
0.0207934
0.0207934
0.0207934
0.019423
0.0194585
0.019491
0.0195239
0.0195848
0.019658
0.019742
0.0198321
0.0199242
0.0200154
0.0201031
0.0201855
0.0202617
0.020331
0.0203932
0.0204486
0.0204974
0.02054
0.0205772
0.0206093
0.0206369
0.0206606
0.0206809
0.0206981
0.0207129
0.0207253
0.0207359
0.0207449
0.0207525
0.0207589
0.0207643
0.0207689
0.0207728
0.020776
0.0207788
0.0207811
0.020783
0.0207847
0.020786
0.0207872
0.0207882
0.020789
0.0207897
0.0207903
0.0207908
0.0207912
0.0207916
0.0207919
0.0207921
0.0207923
0.0207925
0.0207926
0.0207928
0.0207929
0.020793
0.020793
0.0207931
0.0207931
0.0207932
0.0207932
0.0207933
0.0207933
0.0207933
0.0207933
0.0207933
0.0207933
0.0207934
0.0207934
0.0207934
0.0207934
0.0207934
0.0207934
0.0207934
0.0207934
0.0207934
0.0207934
0.0207934
0.0207934
0.0207934
0.0207934
0.0196381
0.0196383
0.0196366
0.0196468
0.0196844
0.0197384
0.0198061
0.0198826
0.0199637
0.020046
0.0201265
0.0202033
0.0202751
0.020341
0.0204007
0.0204541
0.0205015
0.0205431
0.0205794
0.0206108
0.020638
0.0206614
0.0206815
0.0206986
0.0207132
0.0207256
0.0207361
0.020745
0.0207526
0.020759
0.0207644
0.0207689
0.0207728
0.020776
0.0207788
0.0207811
0.020783
0.0207847
0.020786
0.0207872
0.0207882
0.020789
0.0207897
0.0207903
0.0207908
0.0207912
0.0207916
0.0207919
0.0207921
0.0207923
0.0207925
0.0207926
0.0207928
0.0207929
0.020793
0.020793
0.0207931
0.0207931
0.0207932
0.0207932
0.0207933
0.0207933
0.0207933
0.0207933
0.0207933
0.0207933
0.0207934
0.0207934
0.0207934
0.0207934
0.0207934
0.0207934
0.0207934
0.0207934
0.0207934
0.0207934
0.0207934
0.0207934
0.0207934
0.0207934
0.0198147
0.019784
0.0197547
0.0197462
0.0197652
0.0198038
0.0198584
0.019924
0.0199962
0.0200712
0.0201459
0.0202182
0.0202863
0.0203495
0.020407
0.0204588
0.0205049
0.0205456
0.0205812
0.0206122
0.020639
0.0206621
0.020682
0.0206989
0.0207134
0.0207257
0.0207362
0.0207451
0.0207526
0.020759
0.0207644
0.020769
0.0207728
0.020776
0.0207788
0.0207811
0.020783
0.0207847
0.0207861
0.0207872
0.0207882
0.020789
0.0207897
0.0207903
0.0207908
0.0207912
0.0207916
0.0207919
0.0207921
0.0207923
0.0207925
0.0207926
0.0207928
0.0207929
0.020793
0.020793
0.0207931
0.0207931
0.0207932
0.0207932
0.0207933
0.0207933
0.0207933
0.0207933
0.0207933
0.0207933
0.0207934
0.0207934
0.0207934
0.0207934
0.0207934
0.0207934
0.0207934
0.0207934
0.0207934
0.0207934
0.0207934
0.0207934
0.0207934
0.0207934
0.0199572
0.0198992
0.0198477
0.019824
0.0198284
0.019855
0.0198995
0.0199567
0.0200219
0.0200912
0.0201614
0.02023
0.0202953
0.0203563
0.0204121
0.0204626
0.0205077
0.0205476
0.0205827
0.0206133
0.0206398
0.0206627
0.0206824
0.0206992
0.0207136
0.0207259
0.0207363
0.0207452
0.0207527
0.0207591
0.0207644
0.020769
0.0207728
0.0207761
0.0207788
0.0207811
0.020783
0.0207847
0.0207861
0.0207872
0.0207882
0.020789
0.0207897
0.0207903
0.0207908
0.0207912
0.0207916
0.0207919
0.0207921
0.0207923
0.0207925
0.0207926
0.0207928
0.0207929
0.020793
0.020793
0.0207931
0.0207931
0.0207932
0.0207932
0.0207933
0.0207933
0.0207933
0.0207933
0.0207933
0.0207933
0.0207934
0.0207934
0.0207934
0.0207934
0.0207934
0.0207934
0.0207934
0.0207934
0.0207934
0.0207934
0.0207934
0.0207934
0.0207934
0.0207934
0.0200671
0.0199859
0.019917
0.0198815
0.0198751
0.0198929
0.0199299
0.0199809
0.020041
0.0201061
0.0201729
0.0202388
0.0203021
0.0203614
0.0204159
0.0204654
0.0205098
0.0205492
0.0205839
0.0206141
0.0206404
0.0206631
0.0206827
0.0206995
0.0207138
0.020726
0.0207364
0.0207452
0.0207527
0.0207591
0.0207644
0.020769
0.0207728
0.0207761
0.0207788
0.0207811
0.020783
0.0207847
0.0207861
0.0207872
0.0207882
0.020789
0.0207897
0.0207903
0.0207908
0.0207912
0.0207916
0.0207919
0.0207921
0.0207923
0.0207925
0.0207926
0.0207928
0.0207929
0.020793
0.020793
0.0207931
0.0207931
0.0207932
0.0207932
0.0207933
0.0207933
0.0207933
0.0207933
0.0207933
0.0207933
0.0207934
0.0207934
0.0207934
0.0207934
0.0207934
0.0207934
0.0207934
0.0207934
0.0207934
0.0207934
0.0207934
0.0207934
0.0207934
0.0207934
0.0201457
0.0200447
0.0199631
0.0199196
0.0199059
0.0199179
0.01995
0.0199969
0.0200536
0.020116
0.0201806
0.0202447
0.0203066
0.0203648
0.0204185
0.0204674
0.0205112
0.0205503
0.0205846
0.0206147
0.0206408
0.0206634
0.0206829
0.0206996
0.0207139
0.0207261
0.0207365
0.0207453
0.0207528
0.0207591
0.0207645
0.020769
0.0207728
0.0207761
0.0207788
0.0207811
0.020783
0.0207847
0.0207861
0.0207872
0.0207882
0.020789
0.0207897
0.0207903
0.0207908
0.0207912
0.0207916
0.0207919
0.0207921
0.0207923
0.0207925
0.0207926
0.0207928
0.0207929
0.020793
0.020793
0.0207931
0.0207931
0.0207932
0.0207932
0.0207933
0.0207933
0.0207933
0.0207933
0.0207933
0.0207933
0.0207934
0.0207934
0.0207934
0.0207934
0.0207934
0.0207934
0.0207934
0.0207934
0.0207934
0.0207934
0.0207934
0.0207934
0.0207934
0.0207934
0.0201796
0.0200723
0.0199857
0.0199384
0.0199212
0.0199303
0.01996
0.0200049
0.0200599
0.0201209
0.0201844
0.0202477
0.0203088
0.0203665
0.0204198
0.0204683
0.020512
0.0205508
0.020585
0.020615
0.020641
0.0206636
0.020683
0.0206997
0.020714
0.0207261
0.0207365
0.0207453
0.0207528
0.0207591
0.0207645
0.020769
0.0207728
0.0207761
0.0207788
0.0207811
0.020783
0.0207847
0.0207861
0.0207872
0.0207882
0.020789
0.0207897
0.0207903
0.0207908
0.0207912
0.0207916
0.0207919
0.0207921
0.0207923
0.0207925
0.0207926
0.0207928
0.0207929
0.020793
0.020793
0.0207931
0.0207931
0.0207932
0.0207932
0.0207933
0.0207933
0.0207933
0.0207933
0.0207933
0.0207933
0.0207934
0.0207934
0.0207934
0.0207934
0.0207934
0.0207934
0.0207934
0.0207934
0.0207934
0.0207934
0.0207934
0.0207934
0.0207934
0.0207934
0.00659218
0.00655004
0.00648254
0.00638275
0.00623075
0.0060534
0.00568676
0.00560646
0.00459704
0.0042514
0.0083594
0.00838795
0.00842375
0.00847324
0.00853078
0.00865585
0.00857873
0.00957653
0.0076672
0.00813902
0.010889
0.0108483
0.0107845
0.0106978
0.0105829
0.0104987
0.0101833
0.0109364
0.00932706
0.00980637
0.012458
0.0124674
0.0124755
0.0124824
0.0124785
0.0124983
0.0123087
0.0130294
0.0114057
0.0116207
0.0140687
0.0140539
0.0140264
0.0139895
0.01394
0.013923
0.0137376
0.0142634
0.0130262
0.0131707
0.0152929
0.0152872
0.0152725
0.0152482
0.0152097
0.0151882
0.0150398
0.015394
0.0144191
0.0144993
0.0163041
0.0162966
0.0162814
0.016258
0.0162221
0.0161953
0.0160783
0.0163169
0.0155848
0.0156261
0.0171135
0.0171072
0.0170933
0.0170728
0.0170448
0.0170178
0.0169249
0.0170825
0.0165396
0.0165596
0.0177678
0.0177626
0.0177506
0.0177319
0.017707
0.0176831
0.0176115
0.0177143
0.0173149
0.0173225
0.0182994
0.0182948
0.0182845
0.0182686
0.0182467
0.0182243
0.0181688
0.0182356
0.0179415
0.0179415
0.0187352
0.0187311
0.0187219
0.0187078
0.0186888
0.0186682
0.0186239
0.0186663
0.0184484
0.0184429
0.0190964
0.0190927
0.0190842
0.0190712
0.0190538
0.0190347
0.0189982
0.0190234
0.0188599
0.0188501
0.0193995
0.019396
0.0193879
0.0193754
0.0193588
0.0193401
0.0193084
0.0193213
0.0191965
0.0191828
0.0196576
0.0196541
0.0196458
0.0196332
0.0196165
0.0195975
0.0195683
0.0195716
0.0194741
0.0194563
0.0198808
0.019877
0.0198681
0.0198546
0.0198369
0.0198166
0.0197882
0.0197833
0.0197047
0.0196824
0.0200777
0.0200733
0.0200632
0.0200479
0.0200281
0.0200052
0.0199757
0.0199629
0.0198971
0.0198696
0.0202539
0.0202481
0.0202355
0.0202169
0.0201933
0.0201664
0.020134
0.0201132
0.0200561
0.0200229
0.0204214
0.0204138
0.020397
0.0203726
0.0203424
0.0203084
0.0202701
0.0202389
0.0201855
0.0201452
0.0205607
0.0205468
0.0205194
0.0204832
0.0204422
0.0203996
0.0203562
0.0203191
0.0202737
0.0202338
0.0207235
0.0206943
0.0206496
0.0206001
0.0205488
0.0204966
0.0204434
0.0203915
0.020334
0.0202763
0.00469802
0.00496175
0.00387137
0.00292308
0.00224464
0.00167919
0.00125827
0.000845216
0.000531283
0.000415996
0.00472141
0.00448737
0.00352179
0.00286414
0.00222727
0.00167921
0.00124531
0.000858255
0.000522051
0.000421192
0.0044808
0.00425935
0.00342624
0.00282404
0.00221255
0.00167833
0.00123391
0.000872805
0.000515809
0.000428834
0.0047052
0.0042035
0.00338745
0.00279505
0.0021985
0.00167539
0.00122253
0.000885431
0.000509733
0.000435107
0.00476741
0.00419144
0.00337795
0.00277923
0.00218903
0.00167314
0.00121314
0.00089698
0.000504879
0.000441131
0.00484942
0.00420066
0.00338493
0.00277264
0.00218343
0.00167152
0.00120575
0.000906445
0.000500985
0.000446314
0.00489972
0.00421463
0.00339577
0.00277113
0.00218058
0.00167045
0.00120061
0.000913319
0.000498082
0.000450418
0.00493343
0.00422869
0.00340505
0.00277196
0.00217938
0.00166957
0.00119773
0.000916976
0.000496072
0.00045337
0.00495349
0.00424232
0.0034099
0.00277356
0.00217912
0.00166866
0.00119732
0.000917096
0.000495087
0.000454291
0.0049641
0.00425627
0.00340917
0.0027751
0.00217927
0.00166738
0.00119924
0.000912725
0.000493902
0.000454925
0.00497789
0.00418915
0.0034847
0.00280774
0.002221
0.00164615
0.00135094
0.000757098
0.000585294
0.00037354
0.00497751
0.00418837
0.00348616
0.0028073
0.00222111
0.00164755
0.00134967
0.000759629
0.000586272
0.000375435
0.00497678
0.00418442
0.00348554
0.00280261
0.00221726
0.0016462
0.00134228
0.000762106
0.000581882
0.000376776
0.00497508
0.00417679
0.00348427
0.00279721
0.00221407
0.00164687
0.00133497
0.000767603
0.000577987
0.000379813
0.0049665
0.00415801
0.00347717
0.00278784
0.00220877
0.00164695
0.00132495
0.000774304
0.000572255
0.000383368
0.00492629
0.00411416
0.00346025
0.00277447
0.00220243
0.00164748
0.00131383
0.000782775
0.000565826
0.000387846
0.00483326
0.00402289
0.00343079
0.00275739
0.00219574
0.00164859
0.00130189
0.000792711
0.000558794
0.000393157
0.00465645
0.00389314
0.0034072
0.00274356
0.00219215
0.00165173
0.00129047
0.000804463
0.000552012
0.000399469
0.00396857
0.00345983
0.00332172
0.00272359
0.00219074
0.00165599
0.00127831
0.000816597
0.000544344
0.000406593
0.00394646
0.0035024
0.00355606
0.00278977
0.00221516
0.00166727
0.00126889
0.000830819
0.000539292
0.000413977
0.0202275
0.0202145
0.0201823
0.0201319
0.0200603
0.0199652
0.0198398
0.0196803
0.0194766
0.0192161
0.0188804
0.0184484
0.0178807
0.0172207
0.0161802
0.0150531
0.0134734
0.0115236
0.00919381
0.00656875
0.0202003
0.0202162
0.0201839
0.0201333
0.0200616
0.0199662
0.0198404
0.0196802
0.0194761
0.0192149
0.018879
0.0184459
0.0178874
0.0172329
0.0161593
0.0150808
0.0134371
0.0115052
0.00914452
0.00658198
0.0201502
0.0202197
0.0201869
0.0201361
0.0200641
0.0199681
0.0198416
0.0196802
0.019475
0.0192128
0.0188764
0.0184403
0.0179061
0.0172726
0.0162288
0.0151291
0.0133648
0.0114687
0.00905345
0.00661507
0.0200837
0.0202248
0.0201916
0.0201403
0.0200678
0.0199708
0.0198433
0.0196803
0.0194736
0.0192099
0.0188733
0.0184308
0.0179434
0.0170319
0.0163728
0.0150101
0.0132575
0.0114061
0.00893459
0.00667996
0.020007
0.0202314
0.0201975
0.0201454
0.0200722
0.0199733
0.0198444
0.0196783
0.0194703
0.0192093
0.0188699
0.0184114
0.0180224
0.0169127
0.0164566
0.014741
0.013142
0.0113187
0.00880471
0.00679256
0.0199248
0.0202399
0.0202056
0.0201536
0.0200806
0.0199819
0.0198563
0.0196949
0.0194852
0.0192037
0.0188639
0.0186088
0.0179641
0.0174542
0.01619
0.0146057
0.0130747
0.0112585
0.00872306
0.00697036
0.0198405
0.0202481
0.0202106
0.0201538
0.0200738
0.0199654
0.0198217
0.0196178
0.019401
0.0192091
0.0189686
0.0186786
0.0177006
0.0171838
0.0155558
0.0143981
0.0128519
0.0110409
0.00858858
0.00716571
0.0197571
0.0202637
0.0202338
0.0201894
0.0201292
0.0200528
0.0199653
0.0198855
0.0197587
0.0195458
0.0192293
0.01853
0.0178916
0.0168616
0.0159164
0.0148322
0.0132314
0.0111743
0.00895382
0.00749479
0.0196762
0.0202663
0.0202204
0.0201509
0.0200572
0.0199401
0.0198099
0.0196979
0.0194606
0.0189827
0.018363
0.0175971
0.01704
0.0160521
0.0151537
0.0138498
0.0123109
0.0105034
0.00868283
0.00730485
0.0195946
0.0202812
0.0202404
0.020178
0.0200908
0.0199749
0.0198273
0.0196319
0.0193943
0.0190878
0.0187074
0.0183009
0.017744
0.0170295
0.0159977
0.0146514
0.0130786
0.0108726
0.00994166
0.00620779
0.0194493
0.0203115
0.0202796
0.0202305
0.020162
0.0200696
0.0199399
0.0197591
0.0195658
0.0193628
0.0190752
0.0186737
0.0181256
0.0174053
0.0164474
0.0151894
0.0135438
0.0115011
0.00906926
0.00716763
0.0192273
0.0203567
0.0203078
0.0202343
0.0201354
0.0200082
0.0198477
0.0196457
0.0193819
0.0190467
0.0186396
0.0181573
0.017574
0.0168745
0.0160517
0.0151039
0.0139353
0.0130683
0.0101175
0.0119065
0.0190473
0.020423
0.0203792
0.0203151
0.0202307
0.0201245
0.0199931
0.0198317
0.0196351
0.0193929
0.0190905
0.0187149
0.0182449
0.0176582
0.0169269
0.0160532
0.0148722
0.0141369
0.0112857
0.0122772
0.0188958
0.0204841
0.0204323
0.0203597
0.0202676
0.0201551
0.0200193
0.0198556
0.0196581
0.0194198
0.0191324
0.0187873
0.0183721
0.0178744
0.0172779
0.0165915
0.015668
0.0151776
0.012767
0.0134371
0.0187809
0.0205488
0.0204897
0.0204117
0.0203173
0.020206
0.0200753
0.0199215
0.0197397
0.0195242
0.0192682
0.0189646
0.0186043
0.0181783
0.0176741
0.0171023
0.0163416
0.0159457
0.0140303
0.0144382
0.0187014
0.0206082
0.0205383
0.0204536
0.0203564
0.0202457
0.020119
0.0199732
0.0198042
0.0196076
0.0193785
0.0191117
0.0188013
0.0184416
0.0180243
0.0175603
0.0169555
0.0166412
0.0151681
0.0154163
0.0186573
0.0206538
0.0205727
0.0204833
0.0203854
0.0202771
0.0201559
0.0200188
0.0198629
0.0196846
0.0194806
0.0192471
0.0189806
0.0186777
0.0183335
0.0179581
0.0174815
0.0172314
0.0161249
0.0162805
0.0186476
0.0206697
0.020586
0.0204974
0.0204022
0.0202984
0.0201839
0.0200564
0.0199133
0.0197525
0.0195715
0.0193681
0.0191403
0.0188866
0.0186047
0.0183038
0.0179327
0.0177371
0.0169199
0.0170209
0.0186708
0.0206498
0.0205771
0.0204956
0.0204069
0.0203099
0.0202035
0.020086
0.0199558
0.0198114
0.0196515
0.0194749
0.0192811
0.0190698
0.0188404
0.0186013
0.0183158
0.0181662
0.0175719
0.0176413
0.0187253
0.0206099
0.020552
0.0204813
0.0204014
0.0203129
0.0202155
0.0201084
0.0199907
0.0198618
0.0197211
0.0195685
0.0194042
0.0192291
0.0190439
0.0188559
0.0186395
0.0185286
0.0181041
0.0181556
0.018809
0.0205646
0.0205189
0.020459
0.0203887
0.0203094
0.0202214
0.0201247
0.0200191
0.0199045
0.0197812
0.0196496
0.0195109
0.0193667
0.0192186
0.0190729
0.018912
0.0188335
0.0185378
0.01858
0.01892
0.0205203
0.0204835
0.0204331
0.0203719
0.0203015
0.0202227
0.020136
0.0200417
0.0199403
0.0198325
0.0197195
0.0196029
0.0194848
0.0193676
0.0192568
0.0191408
0.0190894
0.0188917
0.0189304
0.0190561
0.0204796
0.0204493
0.0204066
0.0203534
0.0202913
0.0202211
0.0201437
0.0200597
0.0199701
0.0198761
0.0197791
0.0196814
0.0195854
0.0194939
0.0194119
0.019332
0.0193037
0.0191809
0.0192207
0.0192147
0.0204436
0.0204181
0.0203815
0.0203351
0.0202803
0.0202178
0.0201487
0.020074
0.0199948
0.0199126
0.0198295
0.0197477
0.0196702
0.0195999
0.0195415
0.019491
0.0194822
0.0194173
0.0194617
0.019393
0.0204128
0.0203909
0.0203591
0.0203183
0.0202696
0.0202138
0.0201519
0.0200852
0.0200149
0.0199429
0.0198713
0.0198029
0.0197406
0.0196877
0.0196486
0.0196218
0.0196297
0.0196101
0.019662
0.0195876
0.0203872
0.020368
0.0203399
0.0203036
0.0202599
0.0202097
0.0201539
0.0200939
0.0200311
0.0199674
0.0199054
0.0198477
0.0197977
0.0197589
0.0197354
0.0197275
0.0197498
0.0197659
0.0198273
0.0197933
0.0203669
0.0203497
0.0203245
0.0202916
0.0202519
0.0202061
0.0201551
0.0201004
0.0200436
0.0199866
0.0199321
0.0198829
0.0198425
0.0198147
0.0198033
0.0198104
0.0198446
0.0198889
0.0199617
0.0200014
0.0203517
0.020336
0.0203128
0.0202825
0.0202457
0.0202031
0.0201559
0.0201052
0.0200528
0.0200008
0.0199518
0.0199089
0.0198757
0.0198558
0.0198535
0.0198717
0.0199153
0.0199812
0.0200654
0.0201931
0.0203417
0.0203269
0.020305
0.0202764
0.0202415
0.0202011
0.0201563
0.0201083
0.0200588
0.0200101
0.0199649
0.0199261
0.0198975
0.019883
0.0198866
0.0199123
0.0199627
0.0200444
0.0201416
0.0203241
0.0203367
0.0203224
0.0203011
0.0202733
0.0202394
0.0202001
0.0201565
0.0201098
0.0200618
0.0200148
0.0199713
0.0199347
0.0199084
0.0198965
0.0199031
0.0199323
0.0199857
0.0200729
0.0201723
0.00466585
0.00446478
0.00600432
0.0058099
0.00625817
0.00638341
0.00651575
0.00657976
0.00660975
0.00661222
0.00795981
0.00688074
0.0102529
0.00825925
0.00846824
0.00833391
0.00831989
0.00830874
0.00831771
0.0083358
0.00957785
0.0086634
0.0118996
0.0101239
0.0106677
0.0107001
0.0108064
0.0108666
0.0108998
0.0109065
0.0111751
0.0105809
0.0136608
0.0120496
0.0124402
0.0123846
0.0124165
0.0124243
0.0124358
0.0124472
0.0127046
0.0123162
0.0148128
0.0135693
0.0139459
0.0139317
0.0139953
0.014032
0.0140583
0.0140701
0.0140595
0.013822
0.0158166
0.0148863
0.0151893
0.0151854
0.0152333
0.0152589
0.015279
0.0152904
0.0152407
0.0151016
0.0166389
0.0159562
0.0161982
0.0162023
0.0162465
0.016274
0.0162927
0.016303
0.0162358
0.0161579
0.0173244
0.0168264
0.0170156
0.0170271
0.0170625
0.0170862
0.0171031
0.0171121
0.0170577
0.0170179
0.0178932
0.017533
0.0176784
0.0176917
0.0177229
0.0177436
0.0177582
0.0177663
0.0177287
0.0177119
0.0183646
0.0181055
0.0182182
0.018233
0.0182591
0.0182775
0.0182908
0.018298
0.0182743
0.0182718
0.0187566
0.0185724
0.0186595
0.0186754
0.0186988
0.0187155
0.0187274
0.018734
0.0187173
0.0187251
0.0190848
0.0189559
0.0190246
0.019041
0.0190624
0.0190779
0.019089
0.0190952
0.0190783
0.0190927
0.0193607
0.019274
0.019329
0.0193463
0.0193664
0.0193815
0.0193922
0.0193983
0.0193752
0.0193946
0.0195933
0.0195393
0.0195855
0.0196041
0.0196239
0.0196392
0.0196501
0.0196563
0.0196191
0.0196437
0.0197919
0.0197629
0.0198037
0.0198243
0.019845
0.0198611
0.0198728
0.0198794
0.0198193
0.0198495
0.0199613
0.0199525
0.0199909
0.0200148
0.0200375
0.0200556
0.0200687
0.0200762
0.0199822
0.0200181
0.0201044
0.0201128
0.0201513
0.0201798
0.0202062
0.0202277
0.0202434
0.0202524
0.0201089
0.0201516
0.0202216
0.0202463
0.0202887
0.0203246
0.020358
0.0203859
0.0204068
0.020419
0.0202033
0.0202472
0.0203023
0.0203375
0.0203835
0.0204276
0.0204706
0.0205092
0.0205399
0.0205583
0.0202454
0.0203042
0.0203659
0.0204164
0.0204708
0.0205241
0.0205772
0.0206291
0.0206777
0.0207159
0.000408104
0.000414928
0.000422437
0.000429475
0.000436104
0.000442022
0.000446953
0.000450631
0.000452947
0.000452948
0.000580891
0.000565962
0.000553478
0.000541974
0.000531735
0.000522699
0.000514824
0.000507987
0.00050234
0.000496525
0.00074536
0.000763485
0.000783503
0.000803595
0.000823875
0.000843684
0.000862419
0.000879358
0.000893858
0.000904843
0.00134994
0.00132745
0.00130553
0.0012842
0.00126482
0.00124772
0.00123305
0.00122084
0.00121108
0.00120398
0.00165208
0.00165406
0.00165515
0.00165472
0.00165502
0.00165626
0.00165828
0.00166072
0.00166319
0.00166572
0.00225712
0.00223422
0.00221805
0.00220219
0.00219139
0.00218491
0.00218149
0.00217994
0.00217934
0.00217952
0.00296197
0.00288214
0.00284242
0.00280829
0.00278916
0.00278014
0.00277667
0.00277584
0.00277579
0.00277601
0.00383671
0.00342264
0.00334507
0.00330801
0.00330751
0.00332514
0.00334796
0.00337027
0.00338872
0.00340221
0.00568306
0.00474212
0.00449754
0.00438981
0.00434371
0.00432612
0.00431276
0.00429939
0.00428493
0.00427064
0.00480196
0.00451677
0.00443614
0.0046588
0.00475134
0.00484833
0.00490623
0.00494198
0.00496011
0.00496661
0.00036539
0.000366886
0.000368606
0.000371538
0.000375179
0.000379722
0.00038515
0.000391568
0.000398898
0.000407056
0.000679813
0.00067909
0.000672806
0.000665264
0.000655248
0.000643815
0.000631375
0.000618761
0.000605576
0.000594313
0.000643438
0.000645684
0.000649057
0.000654789
0.00066221
0.000671563
0.000682774
0.000695992
0.00071074
0.00072743
0.00151276
0.00150843
0.00149787
0.00148498
0.00146845
0.00144973
0.0014296
0.00140932
0.00138882
0.00136942
0.00160582
0.00160668
0.00160643
0.00160738
0.00160831
0.00160983
0.00161232
0.0016169
0.0016239
0.00163613
0.00223252
0.00223166
0.00222814
0.00222419
0.00221836
0.00221141
0.00220439
0.00220046
0.00220096
0.00222174
0.00280433
0.0028026
0.0027973
0.00278982
0.0027781
0.00276204
0.00274271
0.00272673
0.00271562
0.0027708
0.00349343
0.00349582
0.00349857
0.00350118
0.00349909
0.00348788
0.00346445
0.00344358
0.00337489
0.00356316
0.00416202
0.00415857
0.00415001
0.00413392
0.00410279
0.00404301
0.00393657
0.00376967
0.0034029
0.00328162
0.00503628
0.00503196
0.0050234
0.00500885
0.00498209
0.00492256
0.00480772
0.0045976
0.00403685
0.00411405
0.00685903
0.00687539
0.00691328
0.00698156
0.00709072
0.00724979
0.00742142
0.0075151
0.00738591
0.00634936
0.00967839
0.00963179
0.00954449
0.00942712
0.00929526
0.0091898
0.00910291
0.00915959
0.00949012
0.00974985
0.0124076
0.0123936
0.0123621
0.0123097
0.0122282
0.0121139
0.0119121
0.0116526
0.0115208
0.0106885
0.0143556
0.014326
0.0142714
0.014196
0.0141027
0.0140176
0.0138713
0.0138628
0.0135756
0.0132747
0.0159799
0.0159577
0.0159134
0.0158465
0.0157522
0.0156554
0.0154762
0.0154894
0.0150858
0.0149407
0.0171547
0.0171366
0.0170992
0.0170442
0.016969
0.0168891
0.0167265
0.0167791
0.0163221
0.0163637
0.018024
0.0180183
0.0179952
0.0179513
0.0178828
0.0178158
0.0176768
0.0177411
0.0172709
0.0174302
0.018639
0.0186385
0.0186383
0.0186461
0.0186105
0.0185207
0.0183718
0.0184421
0.0179968
0.0182122
0.0191013
0.0191015
0.0191015
0.0191009
0.0191183
0.0191093
0.0189457
0.0189471
0.0185367
0.0187795
0.0194488
0.0194484
0.0194523
0.0194656
0.019462
0.0194898
0.0194276
0.0193828
0.0189452
0.0191878
0.0197609
0.0197356
0.0196853
0.0196919
0.0197398
0.0197587
0.0197571
0.0197852
0.0193164
0.0194777
0.0199669
0.019958
0.0199571
0.0199146
0.019851
0.0199036
0.0199982
0.0200765
0.0196707
0.0197432
0.0201185
0.0201194
0.0201158
0.02011
0.0200638
0.0200026
0.0200516
0.0202691
0.0199862
0.019961
0.0202318
0.0202341
0.0202386
0.020252
0.020244
0.0201727
0.0200857
0.0203034
0.0202148
0.0201631
0.0203312
0.0203311
0.020333
0.0203335
0.0203549
0.0203851
0.0202131
0.0202744
0.0203238
0.0203379
0.020413
0.0204124
0.0204119
0.0204135
0.020415
0.0204604
0.0203877
0.0203754
0.020335
0.0204072
0.0204795
0.0204787
0.0204766
0.0204751
0.0204758
0.0204951
0.0204966
0.0204913
0.0203823
0.0204347
0.0205332
0.0205327
0.0205315
0.0205299
0.0205278
0.0205258
0.0205696
0.0205737
0.0204254
0.0204818
0.0205775
0.0205769
0.020576
0.0205746
0.0205738
0.0205698
0.020584
0.0206349
0.0205371
0.0205354
0.0206135
0.0206131
0.0206122
0.0206111
0.0206103
0.0206088
0.0206049
0.0206649
0.0206068
0.0205934
0.0206429
0.0206425
0.0206416
0.0206404
0.020639
0.0206397
0.020629
0.0206815
0.0206533
0.020634
0.0206673
0.0206669
0.0206661
0.020665
0.0206633
0.0206645
0.0206525
0.0206916
0.0206822
0.0206673
0.0206879
0.0206876
0.0206869
0.020686
0.0206846
0.0206847
0.0206778
0.0206963
0.0206918
0.0206965
0.020705
0.0207047
0.0207042
0.0207034
0.0207023
0.0207019
0.0206982
0.0207087
0.0207044
0.0207139
0.0207192
0.0207189
0.0207185
0.0207178
0.0207168
0.0207163
0.0207137
0.0207199
0.0207164
0.0207294
0.020731
0.0207308
0.0207304
0.0207299
0.0207291
0.0207285
0.0207265
0.0207297
0.020727
0.0207405
0.0207409
0.0207408
0.0207404
0.02074
0.0207393
0.0207388
0.0207373
0.020739
0.0207367
0.0207491
0.0207492
0.0207491
0.0207488
0.0207484
0.0207479
0.0207474
0.0207462
0.0207471
0.0207451
0.0207563
0.0207562
0.0207561
0.0207559
0.0207556
0.0207551
0.0207547
0.0207537
0.0207542
0.0207524
0.0207621
0.0207621
0.020762
0.0207618
0.0207615
0.0207612
0.0207608
0.02076
0.0207602
0.0207587
0.020767
0.020767
0.0207669
0.0207668
0.0207665
0.0207662
0.0207659
0.0207653
0.0207654
0.0207641
0.0207711
0.0207712
0.0207711
0.020771
0.0207708
0.0207705
0.0207702
0.0207698
0.0207697
0.0207686
0.0207745
0.0207747
0.0207746
0.0207745
0.0207743
0.0207741
0.0207739
0.0207735
0.0207734
0.0207725
0.0207775
0.0207776
0.0207776
0.0207775
0.0207773
0.0207772
0.020777
0.0207766
0.0207766
0.0207757
0.0207799
0.0207801
0.02078
0.02078
0.0207799
0.0207797
0.0207796
0.0207793
0.0207792
0.0207785
0.020782
0.0207822
0.0207821
0.0207821
0.020782
0.0207819
0.0207817
0.0207815
0.0207815
0.0207808
0.0207837
0.0207839
0.0207839
0.0207839
0.0207838
0.0207837
0.0207836
0.0207834
0.0207834
0.0207828
0.0207852
0.0207854
0.0207854
0.0207854
0.0207853
0.0207852
0.0207851
0.020785
0.020785
0.0207845
0.0207864
0.0207867
0.0207867
0.0207866
0.0207866
0.0207865
0.0207864
0.0207863
0.0207863
0.0207859
0.0207875
0.0207877
0.0207877
0.0207877
0.0207877
0.0207876
0.0207875
0.0207874
0.0207874
0.020787
0.0207884
0.0207886
0.0207886
0.0207886
0.0207886
0.0207885
0.0207885
0.0207884
0.0207884
0.020788
0.0207891
0.0207894
0.0207894
0.0207893
0.0207893
0.0207893
0.0207892
0.0207892
0.0207892
0.0207889
0.0207898
0.02079
0.02079
0.02079
0.02079
0.0207899
0.0207899
0.0207898
0.0207899
0.0207896
0.0207903
0.0207905
0.0207905
0.0207905
0.0207905
0.0207905
0.0207905
0.0207904
0.0207904
0.0207902
0.0207908
0.020791
0.020791
0.020791
0.020791
0.0207909
0.0207909
0.0207909
0.0207909
0.0207907
0.0207912
0.0207914
0.0207914
0.0207914
0.0207913
0.0207913
0.0207913
0.0207913
0.0207913
0.0207911
0.0207915
0.0207917
0.0207917
0.0207917
0.0207917
0.0207917
0.0207916
0.0207916
0.0207916
0.0207915
0.0207918
0.020792
0.020792
0.020792
0.0207919
0.0207919
0.0207919
0.0207919
0.0207919
0.0207918
0.020792
0.0207922
0.0207922
0.0207922
0.0207922
0.0207922
0.0207922
0.0207921
0.0207922
0.0207921
0.0207923
0.0207924
0.0207924
0.0207924
0.0207924
0.0207924
0.0207924
0.0207923
0.0207924
0.0207923
0.0207924
0.0207925
0.0207925
0.0207925
0.0207925
0.0207925
0.0207925
0.0207925
0.0207925
0.0207925
0.0207926
0.0207927
0.0207927
0.0207927
0.0207927
0.0207927
0.0207927
0.0207927
0.0207927
0.0207926
0.0207927
0.0207928
0.0207928
0.0207928
0.0207928
0.0207928
0.0207928
0.0207928
0.0207928
0.0207927
0.0207928
0.0207929
0.0207929
0.0207929
0.0207929
0.0207929
0.0207929
0.0207929
0.0207929
0.0207928
0.0207929
0.020793
0.020793
0.020793
0.020793
0.020793
0.020793
0.020793
0.020793
0.0207929
0.020793
0.020793
0.020793
0.020793
0.020793
0.020793
0.020793
0.020793
0.020793
0.020793
0.0207931
0.0207931
0.0207931
0.0207931
0.0207931
0.0207931
0.0207931
0.0207931
0.0207931
0.0207931
0.0207931
0.0207932
0.0207932
0.0207932
0.0207932
0.0207932
0.0207931
0.0207931
0.0207932
0.0207931
0.0207932
0.0207932
0.0207932
0.0207932
0.0207932
0.0207932
0.0207932
0.0207932
0.0207932
0.0207932
0.0207932
0.0207932
0.0207932
0.0207932
0.0207932
0.0207932
0.0207932
0.0207932
0.0207932
0.0207932
0.0207932
0.0207933
0.0207933
0.0207933
0.0207933
0.0207933
0.0207933
0.0207933
0.0207933
0.0207932
0.0207933
0.0207933
0.0207933
0.0207933
0.0207933
0.0207933
0.0207933
0.0207933
0.0207933
0.0207933
0.0207933
0.0207933
0.0207933
0.0207933
0.0207933
0.0207933
0.0207933
0.0207933
0.0207933
0.0207933
0.0207933
0.0207933
0.0207933
0.0207933
0.0207933
0.0207933
0.0207933
0.0207933
0.0207933
0.0207933
0.0207933
0.0207933
0.0207933
0.0207933
0.0207933
0.0207933
0.0207933
0.0207933
0.0207933
0.0207933
0.0207933
0.0207934
0.0207934
0.0207934
0.0207934
0.0207934
0.0207934
0.0207933
0.0207934
0.0207933
0.0207933
0.0207934
0.0207934
0.0207934
0.0207934
0.0207934
0.0207934
0.0207934
0.0207934
0.0207934
0.0207934
0.0207934
0.0207934
0.0207934
0.0207934
0.0207934
0.0207934
0.0207934
0.0207934
0.0207934
0.0207934
0.0207934
0.0207934
0.0207934
0.0207934
0.0207934
0.0207934
0.0207934
0.0207934
0.0207934
0.0207934
0.0207934
0.0207934
0.0207934
0.0207934
0.0207934
0.0207934
0.0207934
0.0207934
0.0207934
0.0207934
0.0207934
0.0207934
0.0207934
0.0207934
0.0207934
0.0207934
0.0207934
0.0207934
0.0207934
0.0207934
0.0207934
0.0207934
0.0207934
0.0207934
0.0207934
0.0207934
0.0207934
0.0207934
0.0207934
0.0207934
0.0207934
0.0207934
0.0207934
0.0207934
0.0207934
0.0207934
0.0207934
0.0207934
0.0207934
0.0207934
0.0207934
0.0207934
0.0207934
0.0207934
0.0207934
0.0207934
0.0207934
0.0207934
0.0207934
0.0207934
0.0207934
0.0207934
0.0207934
0.0207934
0.0207934
0.0207934
0.0207934
0.0207934
0.0207934
0.0207934
0.0207934
0.0207934
0.0207934
0.0207934
0.0207934
0.0207934
0.0207934
0.0207934
0.0207934
0.0207934
0.0207934
0.0207934
0.0207934
0.0207934
0.0207934
0.0207934
0.0207934
0.0207934
0.0207934
0.0207934
0.0207934
0.0207934
0.0207934
0.0207934
0.0207934
0.0207934
0.0207934
0.0207934
0.0207934
0.0207934
0.0207934
0.0207934
0.0207934
0.0207934
0.0207934
0.0207934
0.0207934
0.0207934
0.0207934
0.0207934
0.0207934
0.0207934
0.0207934
0.0207934
0.0207934
0.0207934
0.0207934
0.0207934
0.0207934
0.0207934
0.00684081
0.0117975
0.0116893
0.0129545
0.01397
0.0150137
0.0159474
0.0167555
0.0174354
0.0179996
0.0184645
0.0188472
0.0191626
0.019423
0.0196381
0.0198147
0.0199572
0.0200671
0.0201457
0.0201796
0.0097997
0.0111989
0.0119103
0.0134616
0.0145699
0.0156082
0.0164663
0.0171808
0.0177686
0.0182511
0.0186469
0.0189719
0.019239
0.0194585
0.0196383
0.019784
0.0198992
0.0199859
0.0200447
0.0200723
0.011719
0.0136212
0.014105
0.0153352
0.0160225
0.01671
0.0172822
0.0177756
0.0181951
0.0185507
0.0188507
0.0191032
0.0193147
0.019491
0.0196366
0.0197547
0.0198477
0.019917
0.0199631
0.0199857
0.0140958
0.0149208
0.0152042
0.0161326
0.0166625
0.0172164
0.0176828
0.0180886
0.0184361
0.0187323
0.0189838
0.0191963
0.0193749
0.0195239
0.0196468
0.0197462
0.019824
0.0198815
0.0199196
0.0199384
0.0156568
0.0159807
0.0163325
0.0170095
0.0173962
0.017805
0.0181521
0.0184585
0.0187247
0.0189547
0.0191524
0.0193213
0.0194645
0.0195848
0.0196844
0.0197652
0.0198284
0.0198751
0.0199059
0.0199212
0.0169413
0.0168821
0.0172376
0.0177006
0.017981
0.0182816
0.018541
0.0187736
0.0189783
0.0191573
0.0193127
0.0194467
0.0195612
0.019658
0.0197384
0.0198038
0.019855
0.0198929
0.0199179
0.0199303
0.0178557
0.0176123
0.0179642
0.0182691
0.018473
0.0186914
0.018883
0.0190572
0.0192124
0.0193497
0.0194703
0.0195751
0.0196653
0.019742
0.0198061
0.0198584
0.0198995
0.0199299
0.01995
0.01996
0.0185182
0.0182094
0.0185379
0.0187309
0.0188791
0.0190365
0.0191771
0.0193065
0.0194233
0.0195277
0.0196203
0.0197014
0.0197718
0.0198321
0.0198826
0.019924
0.0199567
0.0199809
0.0199969
0.0200049
0.0190001
0.0186889
0.0189873
0.0191048
0.0192133
0.0193263
0.0194288
0.0195244
0.0196116
0.0196904
0.0197608
0.0198231
0.0198775
0.0199242
0.0199637
0.0199962
0.0200219
0.020041
0.0200536
0.0200599
0.019363
0.0190738
0.0193407
0.019408
0.0194879
0.0195688
0.0196434
0.0197136
0.0197782
0.0198372
0.0198904
0.0199377
0.0199794
0.0200154
0.020046
0.0200712
0.0200912
0.0201061
0.020116
0.0201209
0.0196432
0.0193861
0.0196205
0.0196549
0.0197139
0.0197717
0.0198256
0.0198769
0.0199245
0.0199684
0.0200082
0.0200439
0.0200756
0.0201031
0.0201265
0.0201459
0.0201614
0.0201729
0.0201806
0.0201844
0.0198568
0.0196429
0.0198435
0.0198566
0.0199002
0.0199411
0.01998
0.0200172
0.0200521
0.0200845
0.0201141
0.0201409
0.0201647
0.0201855
0.0202033
0.0202182
0.02023
0.0202388
0.0202447
0.0202477
0.0200202
0.0198554
0.0200215
0.0200218
0.0200538
0.0200825
0.0201103
0.0201372
0.0201626
0.0201864
0.0202083
0.0202282
0.020246
0.0202617
0.0202751
0.0202863
0.0202953
0.0203021
0.0203066
0.0203088
0.0201523
0.020027
0.0201634
0.0201566
0.0201801
0.0202003
0.0202201
0.0202394
0.0202578
0.0202752
0.0202913
0.020306
0.0203193
0.020331
0.020341
0.0203495
0.0203563
0.0203614
0.0203648
0.0203665
0.0202635
0.0201666
0.0202779
0.0202672
0.0202844
0.0202984
0.0203124
0.0203262
0.0203395
0.0203522
0.0203639
0.0203748
0.0203845
0.0203932
0.0204007
0.020407
0.0204121
0.0204159
0.0204185
0.0204198
0.0203676
0.0202773
0.0203699
0.0203576
0.0203702
0.0203799
0.0203899
0.0203998
0.0204093
0.0204185
0.0204271
0.020435
0.0204422
0.0204486
0.0204541
0.0204588
0.0204626
0.0204654
0.0204674
0.0204683
0.0204516
0.0203649
0.0204434
0.0204313
0.0204409
0.0204478
0.0204549
0.0204619
0.0204688
0.0204754
0.0204816
0.0204874
0.0204927
0.0204974
0.0205015
0.0205049
0.0205077
0.0205098
0.0205112
0.020512
0.0205242
0.0204351
0.0205036
0.020492
0.0204995
0.0205043
0.0205094
0.0205144
0.0205193
0.0205241
0.0205286
0.0205328
0.0205366
0.02054
0.0205431
0.0205456
0.0205476
0.0205492
0.0205503
0.0205508
0.0205592
0.0204975
0.020553
0.0205425
0.0205481
0.0205515
0.0205551
0.0205587
0.0205622
0.0205656
0.0205689
0.0205719
0.0205747
0.0205772
0.0205794
0.0205812
0.0205827
0.0205839
0.0205846
0.020585
0.0205899
0.0205498
0.0205936
0.0205843
0.0205886
0.0205909
0.0205934
0.020596
0.0205985
0.0206009
0.0206033
0.0206054
0.0206074
0.0206093
0.0206108
0.0206122
0.0206133
0.0206141
0.0206147
0.020615
0.0206201
0.0205921
0.020627
0.020619
0.0206223
0.0206238
0.0206256
0.0206274
0.0206292
0.0206309
0.0206326
0.0206341
0.0206356
0.0206369
0.020638
0.020639
0.0206398
0.0206404
0.0206408
0.020641
0.0206482
0.0206261
0.0206546
0.0206478
0.0206503
0.0206513
0.0206526
0.0206538
0.0206551
0.0206563
0.0206575
0.0206586
0.0206597
0.0206606
0.0206614
0.0206621
0.0206627
0.0206631
0.0206634
0.0206636
0.0206782
0.0206526
0.0206778
0.0206717
0.0206736
0.0206743
0.0206752
0.0206761
0.020677
0.0206778
0.0206787
0.0206795
0.0206802
0.0206809
0.0206815
0.020682
0.0206824
0.0206827
0.0206829
0.020683
0.0207006
0.0206754
0.0206971
0.0206917
0.0206931
0.0206936
0.0206942
0.0206948
0.0206954
0.020696
0.0206966
0.0206971
0.0206977
0.0206981
0.0206986
0.0206989
0.0206992
0.0206995
0.0206996
0.0206997
0.020717
0.0206946
0.0207129
0.0207082
0.0207094
0.0207097
0.0207101
0.0207105
0.0207109
0.0207113
0.0207118
0.0207121
0.0207125
0.0207129
0.0207132
0.0207134
0.0207136
0.0207138
0.0207139
0.020714
0.0207302
0.0207106
0.020726
0.020722
0.020723
0.0207231
0.0207234
0.0207237
0.020724
0.0207243
0.0207246
0.0207248
0.0207251
0.0207253
0.0207256
0.0207257
0.0207259
0.020726
0.0207261
0.0207261
0.0207408
0.0207241
0.0207369
0.0207336
0.0207343
0.0207344
0.0207346
0.0207348
0.020735
0.0207352
0.0207354
0.0207356
0.0207358
0.0207359
0.0207361
0.0207362
0.0207363
0.0207364
0.0207365
0.0207365
0.0207495
0.0207354
0.0207459
0.0207432
0.0207438
0.0207438
0.020744
0.0207441
0.0207442
0.0207444
0.0207445
0.0207447
0.0207448
0.0207449
0.020745
0.0207451
0.0207452
0.0207452
0.0207453
0.0207453
0.0207566
0.0207448
0.0207535
0.0207513
0.0207517
0.0207518
0.0207518
0.0207519
0.020752
0.0207521
0.0207522
0.0207523
0.0207524
0.0207525
0.0207526
0.0207526
0.0207527
0.0207527
0.0207528
0.0207528
0.0207626
0.0207527
0.0207599
0.020758
0.0207584
0.0207584
0.0207585
0.0207585
0.0207586
0.0207587
0.0207587
0.0207588
0.0207589
0.0207589
0.020759
0.020759
0.0207591
0.0207591
0.0207591
0.0207591
0.0207675
0.0207593
0.0207652
0.0207637
0.020764
0.020764
0.020764
0.0207641
0.0207641
0.0207642
0.0207642
0.0207642
0.0207643
0.0207643
0.0207644
0.0207644
0.0207644
0.0207644
0.0207645
0.0207645
0.0207717
0.0207648
0.0207697
0.0207684
0.0207686
0.0207686
0.0207687
0.0207687
0.0207687
0.0207688
0.0207688
0.0207688
0.0207689
0.0207689
0.0207689
0.020769
0.020769
0.020769
0.020769
0.020769
0.0207751
0.0207694
0.0207734
0.0207724
0.0207726
0.0207726
0.0207726
0.0207726
0.0207727
0.0207727
0.0207727
0.0207727
0.0207727
0.0207728
0.0207728
0.0207728
0.0207728
0.0207728
0.0207728
0.0207728
0.020778
0.0207733
0.0207766
0.0207757
0.0207759
0.0207759
0.0207759
0.0207759
0.0207759
0.020776
0.020776
0.020776
0.020776
0.020776
0.020776
0.020776
0.0207761
0.0207761
0.0207761
0.0207761
0.0207805
0.0207766
0.0207793
0.0207785
0.0207787
0.0207787
0.0207787
0.0207787
0.0207787
0.0207787
0.0207787
0.0207787
0.0207788
0.0207788
0.0207788
0.0207788
0.0207788
0.0207788
0.0207788
0.0207788
0.0207825
0.0207793
0.0207815
0.0207809
0.020781
0.020781
0.020781
0.020781
0.020781
0.020781
0.0207811
0.0207811
0.0207811
0.0207811
0.0207811
0.0207811
0.0207811
0.0207811
0.0207811
0.0207811
0.0207842
0.0207816
0.0207834
0.0207829
0.020783
0.020783
0.020783
0.020783
0.020783
0.020783
0.020783
0.020783
0.020783
0.020783
0.020783
0.020783
0.020783
0.020783
0.020783
0.020783
0.0207857
0.0207835
0.020785
0.0207846
0.0207846
0.0207846
0.0207846
0.0207846
0.0207846
0.0207846
0.0207847
0.0207847
0.0207847
0.0207847
0.0207847
0.0207847
0.0207847
0.0207847
0.0207847
0.0207847
0.0207869
0.0207851
0.0207863
0.020786
0.020786
0.020786
0.020786
0.020786
0.020786
0.020786
0.020786
0.020786
0.020786
0.020786
0.020786
0.0207861
0.0207861
0.0207861
0.0207861
0.0207861
0.0207879
0.0207864
0.0207874
0.0207872
0.0207872
0.0207872
0.0207872
0.0207872
0.0207872
0.0207872
0.0207872
0.0207872
0.0207872
0.0207872
0.0207872
0.0207872
0.0207872
0.0207872
0.0207872
0.0207872
0.0207888
0.0207876
0.0207884
0.0207881
0.0207882
0.0207882
0.0207882
0.0207882
0.0207882
0.0207882
0.0207882
0.0207882
0.0207882
0.0207882
0.0207882
0.0207882
0.0207882
0.0207882
0.0207882
0.0207882
0.0207895
0.0207885
0.0207892
0.020789
0.020789
0.020789
0.020789
0.020789
0.020789
0.020789
0.020789
0.020789
0.020789
0.020789
0.020789
0.020789
0.020789
0.020789
0.020789
0.020789
0.0207901
0.0207893
0.0207898
0.0207897
0.0207897
0.0207897
0.0207897
0.0207897
0.0207897
0.0207897
0.0207897
0.0207897
0.0207897
0.0207897
0.0207897
0.0207897
0.0207897
0.0207897
0.0207897
0.0207897
0.0207906
0.02079
0.0207904
0.0207903
0.0207903
0.0207903
0.0207903
0.0207903
0.0207903
0.0207903
0.0207903
0.0207903
0.0207903
0.0207903
0.0207903
0.0207903
0.0207903
0.0207903
0.0207903
0.0207903
0.0207911
0.0207905
0.0207909
0.0207908
0.0207908
0.0207908
0.0207908
0.0207908
0.0207908
0.0207908
0.0207908
0.0207908
0.0207908
0.0207908
0.0207908
0.0207908
0.0207908
0.0207908
0.0207908
0.0207908
0.0207914
0.020791
0.0207913
0.0207912
0.0207912
0.0207912
0.0207912
0.0207912
0.0207912
0.0207912
0.0207912
0.0207912
0.0207912
0.0207912
0.0207912
0.0207912
0.0207912
0.0207912
0.0207912
0.0207912
0.0207917
0.0207914
0.0207916
0.0207915
0.0207916
0.0207916
0.0207916
0.0207916
0.0207916
0.0207916
0.0207916
0.0207916
0.0207916
0.0207916
0.0207916
0.0207916
0.0207916
0.0207916
0.0207916
0.0207916
0.020792
0.0207917
0.0207919
0.0207918
0.0207919
0.0207919
0.0207919
0.0207919
0.0207919
0.0207919
0.0207919
0.0207919
0.0207919
0.0207919
0.0207919
0.0207919
0.0207919
0.0207919
0.0207919
0.0207919
0.0207922
0.020792
0.0207921
0.0207921
0.0207921
0.0207921
0.0207921
0.0207921
0.0207921
0.0207921
0.0207921
0.0207921
0.0207921
0.0207921
0.0207921
0.0207921
0.0207921
0.0207921
0.0207921
0.0207921
0.0207924
0.0207922
0.0207923
0.0207923
0.0207923
0.0207923
0.0207923
0.0207923
0.0207923
0.0207923
0.0207923
0.0207923
0.0207923
0.0207923
0.0207923
0.0207923
0.0207923
0.0207923
0.0207923
0.0207923
0.0207926
0.0207924
0.0207925
0.0207925
0.0207925
0.0207925
0.0207925
0.0207925
0.0207925
0.0207925
0.0207925
0.0207925
0.0207925
0.0207925
0.0207925
0.0207925
0.0207925
0.0207925
0.0207925
0.0207925
0.0207927
0.0207926
0.0207927
0.0207926
0.0207926
0.0207926
0.0207926
0.0207926
0.0207926
0.0207926
0.0207926
0.0207926
0.0207926
0.0207926
0.0207926
0.0207926
0.0207926
0.0207926
0.0207926
0.0207926
0.0207928
0.0207927
0.0207928
0.0207928
0.0207928
0.0207928
0.0207928
0.0207928
0.0207928
0.0207928
0.0207928
0.0207928
0.0207928
0.0207928
0.0207928
0.0207928
0.0207928
0.0207928
0.0207928
0.0207928
0.0207929
0.0207928
0.0207929
0.0207929
0.0207929
0.0207929
0.0207929
0.0207929
0.0207929
0.0207929
0.0207929
0.0207929
0.0207929
0.0207929
0.0207929
0.0207929
0.0207929
0.0207929
0.0207929
0.0207929
0.020793
0.0207929
0.020793
0.0207929
0.020793
0.0207929
0.0207929
0.0207929
0.020793
0.020793
0.020793
0.020793
0.020793
0.020793
0.020793
0.020793
0.020793
0.020793
0.020793
0.020793
0.0207931
0.020793
0.020793
0.020793
0.020793
0.020793
0.020793
0.020793
0.020793
0.020793
0.020793
0.020793
0.020793
0.020793
0.020793
0.020793
0.020793
0.020793
0.020793
0.020793
0.0207931
0.0207931
0.0207931
0.0207931
0.0207931
0.0207931
0.0207931
0.0207931
0.0207931
0.0207931
0.0207931
0.0207931
0.0207931
0.0207931
0.0207931
0.0207931
0.0207931
0.0207931
0.0207931
0.0207931
0.0207932
0.0207931
0.0207931
0.0207931
0.0207931
0.0207931
0.0207931
0.0207931
0.0207931
0.0207931
0.0207931
0.0207931
0.0207931
0.0207931
0.0207931
0.0207931
0.0207931
0.0207931
0.0207931
0.0207931
0.0207932
0.0207932
0.0207932
0.0207932
0.0207932
0.0207932
0.0207932
0.0207932
0.0207932
0.0207932
0.0207932
0.0207932
0.0207932
0.0207932
0.0207932
0.0207932
0.0207932
0.0207932
0.0207932
0.0207932
0.0207932
0.0207932
0.0207932
0.0207932
0.0207932
0.0207932
0.0207932
0.0207932
0.0207932
0.0207932
0.0207932
0.0207932
0.0207932
0.0207932
0.0207932
0.0207932
0.0207932
0.0207932
0.0207932
0.0207932
0.0207933
0.0207932
0.0207933
0.0207933
0.0207933
0.0207933
0.0207933
0.0207933
0.0207933
0.0207933
0.0207933
0.0207933
0.0207933
0.0207933
0.0207933
0.0207933
0.0207933
0.0207933
0.0207933
0.0207933
0.0207933
0.0207933
0.0207933
0.0207933
0.0207933
0.0207933
0.0207933
0.0207933
0.0207933
0.0207933
0.0207933
0.0207933
0.0207933
0.0207933
0.0207933
0.0207933
0.0207933
0.0207933
0.0207933
0.0207933
0.0207933
0.0207933
0.0207933
0.0207933
0.0207933
0.0207933
0.0207933
0.0207933
0.0207933
0.0207933
0.0207933
0.0207933
0.0207933
0.0207933
0.0207933
0.0207933
0.0207933
0.0207933
0.0207933
0.0207933
0.0207933
0.0207933
0.0207933
0.0207933
0.0207933
0.0207933
0.0207933
0.0207933
0.0207933
0.0207933
0.0207933
0.0207933
0.0207933
0.0207933
0.0207933
0.0207933
0.0207933
0.0207933
0.0207933
0.0207933
0.0207933
0.0207933
0.0207933
0.0207933
0.0207933
0.0207933
0.0207933
0.0207933
0.0207933
0.0207933
0.0207933
0.0207933
0.0207933
0.0207933
0.0207933
0.0207933
0.0207933
0.0207933
0.0207933
0.0207933
0.0207934
0.0207933
0.0207933
0.0207933
0.0207933
0.0207933
0.0207933
0.0207933
0.0207933
0.0207933
0.0207933
0.0207933
0.0207933
0.0207933
0.0207933
0.0207933
0.0207933
0.0207933
0.0207933
0.0207933
0.0207934
0.0207934
0.0207934
0.0207934
0.0207934
0.0207934
0.0207934
0.0207934
0.0207934
0.0207934
0.0207934
0.0207934
0.0207934
0.0207934
0.0207934
0.0207934
0.0207934
0.0207934
0.0207934
0.0207934
0.0207934
0.0207934
0.0207934
0.0207934
0.0207934
0.0207934
0.0207934
0.0207934
0.0207934
0.0207934
0.0207934
0.0207934
0.0207934
0.0207934
0.0207934
0.0207934
0.0207934
0.0207934
0.0207934
0.0207934
0.0207934
0.0207934
0.0207934
0.0207934
0.0207934
0.0207934
0.0207934
0.0207934
0.0207934
0.0207934
0.0207934
0.0207934
0.0207934
0.0207934
0.0207934
0.0207934
0.0207934
0.0207934
0.0207934
0.0207934
0.0207934
0.0207934
0.0207934
0.0207934
0.0207934
0.0207934
0.0207934
0.0207934
0.0207934
0.0207934
0.0207934
0.0207934
0.0207934
0.0207934
0.0207934
0.0207934
0.0207934
0.0207934
0.0207934
0.0207934
0.0207934
0.0207934
0.0207934
0.0207934
0.0207934
0.0207934
0.0207934
0.0207934
0.0207934
0.0207934
0.0207934
0.0207934
0.0207934
0.0207934
0.0207934
0.0207934
0.0207934
0.0207934
0.0207934
0.0207934
0.0207934
0.0207934
0.0207934
0.0207934
0.0207934
0.0207934
0.0207934
0.0207934
0.0207934
0.0207934
0.0207934
0.0207934
0.0207934
0.0207934
0.0207934
0.0207934
0.0207934
0.0207934
0.0207934
0.0207934
0.0207934
0.0207934
0.0207934
0.0207934
0.0207934
0.0207934
0.0207934
0.0207934
0.0207934
0.0207934
0.0207934
0.0207934
0.0207934
0.0207934
0.0207934
0.0207934
0.0207934
0.0207934
0.0207934
0.0207934
0.0207934
0.0207934
0.0207934
0.0207934
0.0207934
0.0207934
0.0207934
0.0207934
0.0207934
0.0207934
0.0207934
0.0207934
0.0207934
0.0207934
0.0207934
0.0207934
0.0207934
0.0207934
0.0207934
0.0207934
0.0207934
0.0207934
0.0207934
0.0207934
0.0207934
0.0207934
0.0207934
0.0207934
0.0207934
0.0207934
0.0207934
0.0207934
0.0207934
0.0207934
0.0207934
0.0207934
0.0207934
0.0207934
0.0207934
0.0207934
0.0207934
0.0207934
0.0207934
0.0207934
0.0207934
0.0207934
0.0207934
0.0207934
0.0207934
0.0207934
0.0207934
0.0207934
0.0207934
0.0207934
0.0207934
0.0207934
0.0207934
0.0207934
0.0207934
0.0207934
0.0207934
0.0207934
0.0207934
0.0207934
0.0207934
0.0207934
0.0207934
0.0207934
0.0207934
0.0207934
0.0207934
0.0207934
0.0207934
0.0207934
0.0207934
0.0207934
0.0207934
0.0207934
0.0207934
0.0207934
0.0207934
0.0207934
0.0207934
0.0207934
0.0207934
0.0207934
0.0207934
0.0207934
0.0207934
0.0207934
0.0207934
0.0207934
0.0207934
0.0207934
0.0207934
0.0207934
0.0207934
0.0207934
0.0207934
0.0207934
0.0207934
0.0207934
0.0207934
0.0207934
0.0207934
0.0207934
0.0207934
0.0207934
0.0207934
0.0207934
0.0207934
0.0207934
0.0207934
0.0207934
0.0207934
0.0207934
0.0207934
0.0207934
0.0207934
0.0207934
0.0207934
0.0207934
0.0207934
0.0207934
0.0207934
0.0207934
0.0207934
0.0207934
0.0207934
0.0207934
0.0207934
0.0207934
0.0207934
0.0207934
0.0207934
0.0207934
0.0207934
0.0207934
0.0207934
0.0207934
0.00659218
0.0083594
0.010889
0.012458
0.0140687
0.0152929
0.0163041
0.0171135
0.0177678
0.0182994
0.0187352
0.0190964
0.0193996
0.0196576
0.0198808
0.0200777
0.0202539
0.0204214
0.0205607
0.0207235
0.00655004
0.00838795
0.0108483
0.0124674
0.0140539
0.0152872
0.0162966
0.0171072
0.0177626
0.0182948
0.0187311
0.0190927
0.019396
0.0196541
0.019877
0.0200733
0.0202481
0.0204138
0.0205468
0.0206943
0.00648254
0.00842375
0.0107845
0.0124755
0.0140264
0.0152725
0.0162814
0.0170933
0.0177506
0.0182845
0.0187219
0.0190842
0.0193879
0.0196458
0.0198681
0.0200632
0.0202355
0.020397
0.0205194
0.0206496
0.00638275
0.00847324
0.0106978
0.0124824
0.0139895
0.0152482
0.016258
0.0170728
0.0177319
0.0182686
0.0187078
0.0190712
0.0193754
0.0196332
0.0198546
0.0200479
0.0202169
0.0203726
0.0204832
0.0206001
0.00623075
0.00853078
0.0105829
0.0124785
0.01394
0.0152097
0.0162221
0.0170448
0.017707
0.0182467
0.0186888
0.0190538
0.0193588
0.0196165
0.0198369
0.0200281
0.0201933
0.0203424
0.0204422
0.0205488
0.0060534
0.00865585
0.0104987
0.0124983
0.013923
0.0151882
0.0161953
0.0170178
0.0176832
0.0182243
0.0186682
0.0190347
0.0193401
0.0195975
0.0198166
0.0200052
0.0201664
0.0203084
0.0203996
0.0204966
0.00568676
0.00857873
0.0101833
0.0123087
0.0137376
0.0150398
0.0160783
0.0169249
0.0176115
0.0181688
0.0186239
0.0189982
0.0193084
0.0195683
0.0197882
0.0199757
0.020134
0.0202701
0.0203562
0.0204434
0.00560646
0.00957653
0.0109364
0.0130294
0.0142634
0.015394
0.0163169
0.0170825
0.0177143
0.0182356
0.0186663
0.0190234
0.0193213
0.0195716
0.0197833
0.0199629
0.0201132
0.0202389
0.0203191
0.0203915
0.00459704
0.0076672
0.00932706
0.0114057
0.0130262
0.0144191
0.0155848
0.0165396
0.0173149
0.0179415
0.0184484
0.0188599
0.0191965
0.0194741
0.0197047
0.0198971
0.0200561
0.0201855
0.0202737
0.020334
0.0042514
0.00813902
0.00980637
0.0116207
0.0131707
0.0144993
0.0156261
0.0165596
0.0173225
0.0179415
0.0184429
0.0188501
0.0191828
0.0194563
0.0196824
0.0198696
0.0200229
0.0201452
0.0202338
0.0202763
0.00469802
0.00472141
0.0044808
0.0047052
0.00476741
0.00484942
0.00489972
0.00493343
0.00495349
0.0049641
0.00496175
0.00448737
0.00425935
0.0042035
0.00419144
0.00420066
0.00421463
0.00422869
0.00424232
0.00425627
0.00387137
0.00352179
0.00342624
0.00338745
0.00337795
0.00338493
0.00339577
0.00340505
0.0034099
0.00340917
0.00292308
0.00286414
0.00282404
0.00279505
0.00277923
0.00277264
0.00277113
0.00277196
0.00277356
0.0027751
0.00224464
0.00222727
0.00221255
0.0021985
0.00218903
0.00218343
0.00218058
0.00217938
0.00217912
0.00217927
0.00167919
0.00167921
0.00167833
0.00167539
0.00167314
0.00167152
0.00167045
0.00166957
0.00166866
0.00166738
0.00125827
0.00124531
0.00123391
0.00122253
0.00121314
0.00120575
0.00120061
0.00119773
0.00119732
0.00119924
0.000845216
0.000858255
0.000872805
0.000885431
0.00089698
0.000906445
0.000913319
0.000916976
0.000917096
0.000912725
0.000531283
0.000522051
0.000515809
0.000509733
0.000504879
0.000500985
0.000498082
0.000496072
0.000495087
0.000493902
0.000415996
0.000421192
0.000428834
0.000435107
0.000441131
0.000446314
0.000450418
0.00045337
0.000454291
0.000454925
0.00497789
0.00497751
0.00497678
0.00497508
0.0049665
0.00492629
0.00483326
0.00465645
0.00396857
0.00394646
0.00418915
0.00418837
0.00418442
0.00417679
0.00415801
0.00411416
0.00402289
0.00389314
0.00345983
0.0035024
0.0034847
0.00348616
0.00348554
0.00348427
0.00347717
0.00346025
0.00343079
0.0034072
0.00332172
0.00355606
0.00280774
0.0028073
0.00280261
0.00279721
0.00278784
0.00277447
0.00275739
0.00274356
0.00272359
0.00278977
0.002221
0.00222111
0.00221726
0.00221407
0.00220877
0.00220243
0.00219574
0.00219215
0.00219074
0.00221516
0.00164615
0.00164755
0.0016462
0.00164687
0.00164695
0.00164748
0.00164859
0.00165173
0.00165599
0.00166727
0.00135094
0.00134967
0.00134228
0.00133497
0.00132495
0.00131383
0.00130189
0.00129047
0.00127831
0.00126889
0.000757098
0.000759629
0.000762106
0.000767603
0.000774304
0.000782775
0.000792711
0.000804463
0.000816597
0.000830819
0.000585294
0.000586272
0.000581882
0.000577987
0.000572255
0.000565826
0.000558794
0.000552012
0.000544344
0.000539292
0.00037354
0.000375435
0.000376776
0.000379813
0.000383368
0.000387846
0.000393157
0.000399469
0.000406593
0.000413977
0.0202275
0.0202003
0.0201502
0.0200837
0.020007
0.0199248
0.0198405
0.0197571
0.0196762
0.0195946
0.0202145
0.0202162
0.0202197
0.0202248
0.0202314
0.0202399
0.0202481
0.0202637
0.0202663
0.0202812
0.0201823
0.0201839
0.0201869
0.0201916
0.0201975
0.0202056
0.0202106
0.0202338
0.0202204
0.0202404
0.0201319
0.0201333
0.0201361
0.0201403
0.0201454
0.0201536
0.0201538
0.0201893
0.0201509
0.020178
0.0200604
0.0200616
0.0200641
0.0200678
0.0200722
0.0200806
0.0200738
0.0201292
0.0200572
0.0200908
0.0199652
0.0199662
0.0199681
0.0199708
0.0199733
0.0199819
0.0199654
0.0200528
0.0199401
0.0199749
0.0198398
0.0198404
0.0198416
0.0198432
0.0198444
0.0198563
0.0198217
0.0199653
0.0198099
0.0198273
0.0196803
0.0196802
0.0196802
0.0196803
0.0196783
0.0196949
0.0196178
0.0198855
0.0196979
0.0196319
0.0194766
0.0194761
0.019475
0.0194736
0.0194703
0.0194852
0.019401
0.0197587
0.0194606
0.0193943
0.019216
0.0192149
0.0192128
0.0192099
0.0192093
0.0192037
0.0192091
0.0195458
0.0189827
0.0190878
0.0188804
0.018879
0.0188764
0.0188733
0.0188699
0.0188639
0.0189686
0.0192293
0.018363
0.0187074
0.0184484
0.0184459
0.0184403
0.0184308
0.0184114
0.0186088
0.0186786
0.01853
0.0175971
0.0183009
0.0178807
0.0178874
0.0179061
0.0179434
0.0180224
0.0179641
0.0177006
0.0178916
0.01704
0.017744
0.0172207
0.0172329
0.0172726
0.0170319
0.0169127
0.0174542
0.0171838
0.0168616
0.0160521
0.0170295
0.0161802
0.0161593
0.0162288
0.0163728
0.0164566
0.01619
0.0155558
0.0159164
0.0151537
0.0159977
0.015053
0.0150808
0.0151291
0.01501
0.014741
0.0146057
0.0143981
0.0148322
0.0138498
0.0146514
0.0134734
0.0134371
0.0133648
0.0132575
0.013142
0.0130747
0.0128519
0.0132314
0.0123109
0.0130786
0.0115236
0.0115052
0.0114687
0.0114061
0.0113187
0.0112585
0.0110409
0.0111743
0.0105034
0.0108726
0.00919381
0.00914452
0.00905345
0.00893459
0.00880471
0.00872306
0.00858858
0.00895382
0.00868283
0.00994166
0.00656875
0.00658198
0.00661507
0.00667996
0.00679256
0.00697036
0.00716571
0.00749479
0.00730485
0.00620779
0.0194493
0.0192273
0.0190473
0.0188958
0.0187809
0.0187014
0.0186573
0.0186476
0.0186708
0.0187253
0.018809
0.01892
0.0190561
0.0192147
0.019393
0.0195876
0.0197933
0.0200014
0.0201931
0.0203241
0.0203115
0.0203567
0.020423
0.0204841
0.0205488
0.0206082
0.0206538
0.0206697
0.0206498
0.0206099
0.0205646
0.0205203
0.0204796
0.0204436
0.0204128
0.0203872
0.0203669
0.0203517
0.0203417
0.0203367
0.0202796
0.0203078
0.0203792
0.0204323
0.0204897
0.0205383
0.0205727
0.020586
0.0205771
0.020552
0.0205189
0.0204835
0.0204493
0.0204181
0.0203909
0.020368
0.0203497
0.020336
0.0203269
0.0203224
0.0202305
0.0202343
0.0203151
0.0203597
0.0204117
0.0204536
0.0204833
0.0204974
0.0204956
0.0204813
0.020459
0.0204331
0.0204066
0.0203815
0.0203591
0.0203399
0.0203245
0.0203128
0.020305
0.0203011
0.020162
0.0201354
0.0202307
0.0202676
0.0203173
0.0203564
0.0203854
0.0204022
0.0204069
0.0204014
0.0203887
0.0203719
0.0203534
0.0203351
0.0203183
0.0203036
0.0202916
0.0202825
0.0202764
0.0202733
0.0200696
0.0200082
0.0201245
0.0201551
0.020206
0.0202457
0.0202771
0.0202984
0.0203099
0.0203129
0.0203094
0.0203015
0.0202913
0.0202803
0.0202696
0.0202599
0.0202519
0.0202457
0.0202415
0.0202394
0.0199399
0.0198477
0.0199931
0.0200193
0.0200753
0.020119
0.0201559
0.0201839
0.0202035
0.0202155
0.0202214
0.0202227
0.0202211
0.0202178
0.0202138
0.0202097
0.0202061
0.0202031
0.0202011
0.0202001
0.0197591
0.0196457
0.0198317
0.0198556
0.0199215
0.0199732
0.0200188
0.0200564
0.020086
0.0201084
0.0201247
0.020136
0.0201437
0.0201487
0.0201519
0.0201539
0.0201551
0.0201559
0.0201563
0.0201565
0.0195658
0.0193818
0.0196351
0.0196581
0.0197397
0.0198042
0.0198629
0.0199133
0.0199558
0.0199907
0.0200191
0.0200417
0.0200597
0.020074
0.0200852
0.0200939
0.0201004
0.0201052
0.0201083
0.0201098
0.0193628
0.0190467
0.0193929
0.0194198
0.0195242
0.0196076
0.0196846
0.0197525
0.0198114
0.0198618
0.0199045
0.0199403
0.0199701
0.0199948
0.0200149
0.0200311
0.0200436
0.0200528
0.0200588
0.0200618
0.0190752
0.0186396
0.0190905
0.0191324
0.0192682
0.0193785
0.0194806
0.0195715
0.0196515
0.0197211
0.0197812
0.0198325
0.0198761
0.0199126
0.0199429
0.0199674
0.0199866
0.0200008
0.0200101
0.0200148
0.0186737
0.0181573
0.0187149
0.0187873
0.0189646
0.0191117
0.0192471
0.0193681
0.0194749
0.0195685
0.0196496
0.0197195
0.0197791
0.0198295
0.0198713
0.0199054
0.0199321
0.0199518
0.0199649
0.0199713
0.0181256
0.017574
0.0182449
0.0183721
0.0186043
0.0188013
0.0189806
0.0191403
0.0192811
0.0194042
0.0195109
0.0196029
0.0196814
0.0197477
0.0198029
0.0198477
0.0198829
0.0199089
0.0199261
0.0199347
0.0174053
0.0168745
0.0176582
0.0178744
0.0181783
0.0184416
0.0186777
0.0188866
0.0190698
0.0192291
0.0193667
0.0194848
0.0195854
0.0196702
0.0197406
0.0197977
0.0198425
0.0198757
0.0198975
0.0199084
0.0164474
0.0160517
0.0169269
0.0172779
0.0176741
0.0180243
0.0183335
0.0186047
0.0188404
0.0190439
0.0192186
0.0193676
0.0194939
0.0195999
0.0196877
0.0197589
0.0198147
0.0198558
0.019883
0.0198965
0.0151894
0.0151039
0.0160532
0.0165915
0.0171023
0.0175603
0.0179581
0.0183038
0.0186013
0.0188559
0.0190729
0.0192568
0.0194119
0.0195415
0.0196486
0.0197354
0.0198033
0.0198535
0.0198866
0.0199031
0.0135438
0.0139353
0.0148722
0.015668
0.0163416
0.0169555
0.0174815
0.0179327
0.0183158
0.0186395
0.018912
0.0191408
0.019332
0.019491
0.0196218
0.0197275
0.0198104
0.0198717
0.0199123
0.0199323
0.0115011
0.0130683
0.0141369
0.0151776
0.0159457
0.0166412
0.0172314
0.0177371
0.0181662
0.0185286
0.0188335
0.0190894
0.0193037
0.0194822
0.0196297
0.0197498
0.0198446
0.0199153
0.0199627
0.0199857
0.00906926
0.0101175
0.0112857
0.012767
0.0140303
0.0151681
0.0161249
0.0169199
0.0175719
0.0181041
0.0185378
0.0188917
0.0191809
0.0194173
0.0196101
0.0197659
0.0198889
0.0199812
0.0200444
0.0200729
0.00716763
0.0119065
0.0122772
0.0134371
0.0144382
0.0154163
0.0162805
0.0170209
0.0176413
0.0181556
0.01858
0.0189304
0.0192207
0.0194617
0.019662
0.0198273
0.0199617
0.0200654
0.0201416
0.0201723
0.00466585
0.00795981
0.00957784
0.0111751
0.0127046
0.0140595
0.0152407
0.0162358
0.0170577
0.0177287
0.0182743
0.0187173
0.0190783
0.0193752
0.0196191
0.0198193
0.0199822
0.0201089
0.0202033
0.0202454
0.00446478
0.00688075
0.0086634
0.0105809
0.0123162
0.013822
0.0151016
0.0161579
0.0170179
0.0177119
0.0182718
0.0187251
0.0190927
0.0193946
0.0196437
0.0198495
0.0200181
0.0201516
0.0202472
0.0203042
0.00600433
0.0102529
0.0118996
0.0136608
0.0148128
0.0158166
0.0166389
0.0173244
0.0178932
0.0183646
0.0187566
0.0190848
0.0193607
0.0195933
0.0197919
0.0199613
0.0201044
0.0202216
0.0203023
0.0203659
0.0058099
0.00825925
0.0101239
0.0120496
0.0135693
0.0148863
0.0159562
0.0168264
0.017533
0.0181055
0.0185724
0.0189559
0.019274
0.0195393
0.0197629
0.0199525
0.0201128
0.0202463
0.0203375
0.0204164
0.00625817
0.00846824
0.0106677
0.0124402
0.0139459
0.0151893
0.0161982
0.0170156
0.0176784
0.0182182
0.0186595
0.0190246
0.019329
0.0195855
0.0198037
0.0199909
0.0201513
0.0202887
0.0203835
0.0204708
0.00638341
0.00833391
0.0107001
0.0123846
0.0139317
0.0151854
0.0162023
0.0170271
0.0176917
0.018233
0.0186754
0.019041
0.0193463
0.0196041
0.0198243
0.0200148
0.0201798
0.0203246
0.0204276
0.0205241
0.00651575
0.00831989
0.0108064
0.0124165
0.0139953
0.0152333
0.0162465
0.0170625
0.0177229
0.0182591
0.0186988
0.0190624
0.0193664
0.0196239
0.019845
0.0200375
0.0202062
0.020358
0.0204706
0.0205772
0.00657976
0.00830874
0.0108666
0.0124243
0.014032
0.0152589
0.016274
0.0170862
0.0177436
0.0182775
0.0187155
0.0190779
0.0193815
0.0196392
0.0198611
0.0200556
0.0202277
0.0203859
0.0205092
0.0206291
0.00660975
0.00831771
0.0108998
0.0124358
0.0140583
0.015279
0.0162927
0.0171031
0.0177582
0.0182908
0.0187274
0.019089
0.0193922
0.0196501
0.0198728
0.0200687
0.0202434
0.0204068
0.0205399
0.0206777
0.00661222
0.0083358
0.0109065
0.0124472
0.0140701
0.0152904
0.016303
0.0171121
0.0177663
0.018298
0.018734
0.0190952
0.0193983
0.0196563
0.0198794
0.0200762
0.0202524
0.020419
0.0205583
0.0207159
)
;

boundaryField
{
    down
    {
        type            symmetry;
    }
    right
    {
        type            zeroGradient;
    }
    up
    {
        type            symmetry;
    }
    left
    {
        type            zeroGradient;
    }
    cylinder
    {
        type            symmetry;
    }
    defaultFaces
    {
        type            empty;
    }
}


// ************************************************************************* //
