/*--------------------------------*- C++ -*----------------------------------*\
  =========                 |
  \\      /  F ield         | OpenFOAM: The Open Source CFD Toolbox
   \\    /   O peration     | Website:  https://openfoam.org
    \\  /    A nd           | Version:  10
     \\/     M anipulation  |
\*---------------------------------------------------------------------------*/
FoamFile
{
    format      ascii;
    class       volScalarField;
    location    "6.4416e-05";
    object      p;
}
// * * * * * * * * * * * * * * * * * * * * * * * * * * * * * * * * * * * * * //

dimensions      [0 2 -2 0 0 0 0];

internalField   nonuniform List<scalar> 
7600
(
178.446
351.534
-222.005
-38.5282
-68.764
-60.7231
-57.9845
-60.3069
-40.0403
-63.2113
162.484
320.939
-203.498
-35.1906
-62.8435
-55.732
-53.7112
-59.4542
-39.1749
-67.1409
144.06
287.195
-183.89
-31.8374
-56.4808
-49.8358
-47.4719
-52.5347
-31.6063
-55.5788
125.397
252.228
-162.615
-28.0065
-49.5384
-43.5055
-41.2076
-45.7366
-26.3505
-46.4379
105.831
215.747
-140.043
-23.8887
-42.1449
-36.7448
-34.5353
-38.2218
-21.053
-37.1431
85.6179
178.125
-116.221
-19.4432
-34.3071
-29.5906
-27.515
-30.3104
-15.6677
-28.349
64.8797
139.576
-91.3078
-14.7071
-26.0883
-22.1199
-20.2493
-22.2117
-10.4565
-20.0694
43.7216
100.322
-65.4668
-9.71694
-17.5503
-14.3996
-12.8065
-13.9998
-5.3448
-12.0438
22.7889
60.5599
-38.9125
-4.54619
-8.77896
-6.50422
-5.24641
-5.71852
-0.294881
-4.14125
0.857268
20.1325
-11.8346
0.832161
0.221687
1.55866
2.42628
2.63369
4.74787
3.72546
276.756
525.594
-316.634
-46.846
-89.3415
-74.6703
-69.112
-61.77
-56.2883
-44.8865
273.887
521.205
-315.075
-47.3034
-89.4685
-74.9786
-69.6283
-62.3792
-57.5659
-46.2638
270.354
514.752
-311.238
-47.1751
-89.0875
-75.1217
-70.3271
-63.3782
-60.0155
-49.0336
264.485
504.332
-306.069
-47.1764
-88.6473
-75.3685
-71.3427
-64.8279
-63.6851
-53.299
256.996
490.806
-299.148
-47.0332
-87.8544
-75.4446
-72.4052
-66.4835
-68.3454
-58.9188
247.842
474.137
-290.555
-46.6829
-86.6229
-75.1877
-73.2527
-68.0158
-73.4809
-65.2552
237.169
454.545
-280.233
-46.0028
-84.7801
-74.3458
-73.4946
-68.9871
-78.2386
-71.4007
225.024
432.102
-268.246
-44.9526
-82.2091
-72.6827
-72.6403
-68.7803
-81.3331
-74.3178
211.617
407.531
-254.289
-43.2279
-78.6286
-69.837
-69.7145
-65.581
-75.1561
-62.3135
196.802
380.001
-239.062
-41.4101
-74.5679
-66.8752
-67.8892
-68.2568
-80.3045
-60.9285
-30.2475
-53.9571
-34.7682
-40.3253
-43.0011
-49.1673
-57.7528
-63.7179
-64.2857
-59.1101
-51.2933
-49.0255
-44.0038
-36.3505
-29.0582
-23.1939
-18.3982
-14.6104
-11.6558
-9.36862
-7.55956
-6.08656
-4.89448
-3.93724
-3.17399
-2.56451
-2.07587
-1.684
-1.36956
-1.11712
-0.914257
-0.751184
-0.619395
-0.512222
-0.42465
-0.352806
-0.293668
-0.244842
-0.204427
-0.170895
-0.143016
-0.119793
-0.10042
-0.0842356
-0.0706999
-0.0593632
-0.0498566
-0.0418787
-0.0351824
-0.029565
-0.0248406
-0.0208644
-0.0175113
-0.0146836
-0.0122952
-0.0102797
-0.0085731
-0.00712644
-0.00589826
-0.00486364
-0.00399072
-0.0032607
-0.00264983
-0.00214471
-0.00172307
-0.00137323
-0.00108113
-0.000846055
-0.000653917
-0.000501319
-0.000376787
-0.00028057
-0.000202675
-0.000145629
-9.99834e-05
-6.89342e-05
-4.38023e-05
-2.80395e-05
-1.46125e-05
-4.84193e-06
-30.624
-53.4957
-33.9656
-39.008
-41.336
-46.7927
-54.3529
-60.7674
-61.8579
-58.6475
-50.0358
-47.8376
-43.4074
-36.1387
-28.9162
-23.1237
-18.3473
-14.5749
-11.6327
-9.35957
-7.5593
-6.09099
-4.90077
-3.94525
-3.18296
-2.57366
-2.08447
-1.69181
-1.3765
-1.12318
-0.919497
-0.755671
-0.623157
-0.515352
-0.427238
-0.354936
-0.295414
-0.246267
-0.205588
-0.171836
-0.143778
-0.120407
-0.100913
-0.0846296
-0.0710141
-0.0596126
-0.0500536
-0.0420329
-0.035302
-0.0296561
-0.0249085
-0.0209137
-0.0175461
-0.0147067
-0.0123096
-0.0102875
-0.00857646
-0.00712658
-0.0058967
-0.00486127
-0.00398794
-0.00325765
-0.00264681
-0.00214168
-0.00172039
-0.00137026
-0.00107891
-0.000844171
-0.000652343
-0.000499948
-0.000375607
-0.000279472
-0.000201838
-0.000144739
-9.94224e-05
-6.83165e-05
-4.34539e-05
-2.77083e-05
-1.44808e-05
-4.83549e-06
-31.7482
-52.7156
-32.6845
-36.6242
-38.2872
-42.4733
-48.0402
-54.9849
-56.9657
-56.0717
-48.5658
-45.4874
-41.955
-35.6701
-28.612
-22.9758
-18.2423
-14.5017
-11.5849
-9.34082
-7.55847
-6.09961
-4.9131
-3.96128
-3.20106
-2.59217
-2.10187
-1.70759
-1.39051
-1.13543
-0.930079
-0.764715
-0.630737
-0.521655
-0.432449
-0.359224
-0.298927
-0.249135
-0.207921
-0.17373
-0.145308
-0.121639
-0.101901
-0.08542
-0.0716441
-0.0601123
-0.0504478
-0.0423412
-0.0355412
-0.0298369
-0.0250428
-0.0210106
-0.017614
-0.0147513
-0.0123368
-0.0103015
-0.00858162
-0.00712543
-0.00589259
-0.00485537
-0.00398158
-0.00325103
-0.00264069
-0.00213561
-0.00171472
-0.00136443
-0.00107443
-0.00084036
-0.000649107
-0.000497128
-0.000373272
-0.000277301
-0.000200128
-0.000143095
-9.82058e-05
-6.71581e-05
-4.27356e-05
-2.70632e-05
-1.42692e-05
-4.97148e-06
-34.3235
-51.8426
-31.5406
-33.5125
-34.3734
-36.9177
-40.0066
-46.4414
-49.528
-50.45
-47.5942
-41.4701
-39.3117
-34.7611
-28.0859
-22.7315
-18.0796
-14.3861
-11.5087
-9.31062
-7.55624
-6.11175
-4.93085
-3.98534
-3.22855
-2.62042
-2.12843
-1.73167
-1.41188
-1.15411
-0.946205
-0.778451
-0.642243
-0.531219
-0.440352
-0.365723
-0.30425
-0.253479
-0.211453
-0.176593
-0.147621
-0.1235
-0.103394
-0.0866125
-0.0725935
-0.0608649
-0.0510407
-0.0428044
-0.0358995
-0.0301074
-0.0252426
-0.0211545
-0.017714
-0.0148165
-0.0123756
-0.0103209
-0.00858759
-0.00712278
-0.00588545
-0.00484568
-0.00397104
-0.00324053
-0.00263077
-0.00212618
-0.00170581
-0.00135567
-0.00106768
-0.000834616
-0.000644209
-0.000492736
-0.000369629
-0.000273919
-0.000197476
-0.000140623
-9.63558e-05
-6.54812e-05
-4.16456e-05
-2.61597e-05
-1.39781e-05
-5.185e-06
-39.1546
-51.1727
-30.8111
-30.1125
-30.0878
-30.8867
-31.651
-35.4121
-39.9375
-42.0232
-45.918
-37.6259
-35.6229
-32.6393
-27.2449
-22.353
-17.8414
-14.2177
-11.3982
-9.2655
-7.55055
-6.12436
-4.95125
-4.0162
-3.2651
-2.65855
-2.16439
-1.76433
-1.44091
-1.17949
-0.968137
-0.797065
-0.657823
-0.544164
-0.451043
-0.374511
-0.311443
-0.259344
-0.21622
-0.180456
-0.150739
-0.126007
-0.105402
-0.0882156
-0.0738686
-0.0618747
-0.0518355
-0.0434247
-0.0363775
-0.0304667
-0.0255069
-0.021344
-0.017845
-0.0149011
-0.0124249
-0.0103445
-0.00859343
-0.0071182
-0.00587502
-0.00483197
-0.0039564
-0.00322594
-0.00261702
-0.00211316
-0.00169352
-0.00134432
-0.00105861
-0.000826862
-0.000637584
-0.000486801
-0.000364528
-0.000269418
-0.000193667
-0.000137369
-9.37083e-05
-6.33053e-05
-4.00783e-05
-2.50267e-05
-1.35667e-05
-5.3988e-06
-46.8799
-50.7833
-31.0919
-27.0312
-25.8899
-25.1165
-24.0402
-24.1395
-28.371
-31.6571
-37.1546
-34.6327
-31.1542
-28.8498
-25.2634
-21.7713
-17.484
-13.9832
-11.24
-9.19564
-7.53798
-6.13662
-4.97455
-4.05514
-3.31198
-2.70782
-2.21076
-1.80635
-1.47819
-1.21207
-0.996298
-0.820813
-0.677689
-0.560665
-0.464667
-0.385705
-0.320601
-0.266808
-0.22228
-0.185362
-0.154696
-0.129186
-0.107946
-0.0902451
-0.0754814
-0.0631509
-0.0528392
-0.0442074
-0.0369829
-0.0309217
-0.0258415
-0.0215838
-0.0180109
-0.0150078
-0.0124869
-0.0103737
-0.00859956
-0.00711148
-0.00586121
-0.00481435
-0.00393825
-0.00320791
-0.00259987
-0.00209652
-0.00167765
-0.0013309
-0.00104746
-0.000817335
-0.000629399
-0.000479316
-0.000358328
-0.000263685
-0.00018911
-0.000133212
-9.05807e-05
-6.0527e-05
-3.82443e-05
-2.35648e-05
-1.30501e-05
-5.5787e-06
-57.7532
-49.6437
-33.3195
-24.4116
-21.9621
-19.8753
-17.4461
-15.2249
-16.229
-19.5395
-24.5279
-27.3784
-24.3045
-24.1546
-20.6905
-20.1245
-16.8237
-13.6599
-11.0351
-9.09477
-7.49966
-6.11841
-4.96897
-4.08027
-3.35642
-2.76039
-2.26287
-1.85497
-1.52201
-1.25084
-1.03036
-0.849704
-0.701892
-0.580782
-0.481279
-0.39935
-0.331756
-0.275891
-0.229646
-0.191312
-0.159485
-0.133026
-0.111012
-0.092684
-0.0774134
-0.0646756
-0.0540344
-0.0451362
-0.0376814
-0.0314355
-0.0262109
-0.0218423
-0.018184
-0.0151134
-0.012542
-0.0103924
-0.0085965
-0.00709959
-0.00584112
-0.00479006
-0.0039136
-0.00318409
-0.00257764
-0.00207517
-0.00165689
-0.00131423
-0.00103323
-0.0008048
-0.000618625
-0.000469621
-0.000349988
-0.000256368
-0.000183002
-0.000128013
-8.64015e-05
-5.71085e-05
-3.5791e-05
-2.17998e-05
-1.23519e-05
-5.70559e-06
-73.9274
-51.5857
-40.8945
-24.3377
-20.3769
-16.7486
-13.3403
-9.9214
-8.18075
-9.02685
-12.9486
-15.8627
-15.7661
-17.0929
-16.6064
-17.4817
-15.4279
-12.8665
-10.6486
-8.95902
-7.48537
-6.19644
-5.02447
-4.14341
-3.43035
-2.839
-2.33515
-1.91965
-1.57896
-1.30053
-1.07249
-0.885043
-0.73144
-0.605351
-0.501586
-0.416048
-0.345427
-0.287039
-0.238703
-0.198642
-0.165397
-0.137779
-0.114819
-0.0957191
-0.0798299
-0.0665973
-0.0555553
-0.0463342
-0.038623
-0.0321705
-0.0267722
-0.0222573
-0.0184846
-0.0153149
-0.0126676
-0.0104616
-0.00862454
-0.00709743
-0.00582941
-0.00477302
-0.00389493
-0.00316404
-0.0025575
-0.00205466
-0.00163831
-0.00129955
-0.00102073
-0.000793858
-0.000609162
-0.000460849
-0.000342415
-0.000249493
-0.000177296
-0.000122877
-8.23528e-05
-5.36093e-05
-3.33376e-05
-1.99591e-05
-1.16135e-05
-5.79584e-06
-81.1635
-43.8357
-41.1422
-20.4977
-15.2783
-11.1992
-7.52343
-3.85156
-1.17673
-0.193653
-1.54503
-4.42289
-5.40581
-5.97963
-10.421
-9.08223
-10.6041
-10.2172
-9.37954
-8.28774
-7.11163
-5.9633
-4.89122
-4.07504
-3.40524
-2.8418
-2.36361
-1.95975
-1.62254
-1.3435
-1.11325
-0.922056
-0.763236
-0.632021
-0.523698
-0.434217
-0.360246
-0.299046
-0.248372
-0.206383
-0.171559
-0.142656
-0.118655
-0.0987125
-0.0821082
-0.0682835
-0.0567745
-0.0471898
-0.0391995
-0.0325328
-0.0269744
-0.022342
-0.0184853
-0.0152868
-0.0126212
-0.0104047
-0.00856211
-0.00703269
-0.00576611
-0.00471302
-0.00383806
-0.00310821
-0.00250139
-0.00199985
-0.00159147
-0.00126069
-0.000988319
-0.000766534
-0.00058652
-0.000442112
-0.000326995
-0.000236863
-0.000167028
-0.000114514
-7.57097e-05
-4.83488e-05
-2.95085e-05
-1.73155e-05
-1.03104e-05
-5.67073e-06
-90.1757
-49.6429
-57.9442
-30.8216
-20.8874
-13.6507
-7.92129
-3.5848
-0.70161
0.732597
0.568148
-1.58235
-2.40869
-3.36049
-7.74789
-6.70626
-7.19385
-7.35048
-7.71683
-7.12165
-6.31949
-5.49413
-4.69761
-3.98193
-3.36973
-2.83991
-2.39473
-2.0104
-1.68087
-1.40217
-1.16734
-0.969228
-0.803809
-0.666431
-0.552577
-0.45827
-0.380157
-0.315445
-0.261821
-0.217368
-0.1805
-0.149909
-0.124518
-0.103436
-0.0859085
-0.071331
-0.059209
-0.0491267
-0.0407345
-0.0337445
-0.0279257
-0.0230838
-0.019059
-0.0157205
-0.0129452
-0.0106336
-0.00871427
-0.00712543
-0.00581517
-0.00473042
-0.00383465
-0.00309648
-0.0024855
-0.0019819
-0.00157292
-0.00124377
-0.000973526
-0.00075323
-0.000574546
-0.000431081
-0.000317224
-0.000228106
-0.000159538
-0.000107921
-7.03085e-05
-4.38289e-05
-2.61877e-05
-1.49203e-05
-9.16956e-06
-5.50898e-06
-141.223
-8.00515
-51.1932
-25.0828
-16.2956
-8.49043
-2.90491
1.20446
3.83385
5.00377
4.82161
3.60053
2.60734
1.18638
-1.75839
-3.00217
-4.32052
-5.24933
-5.20531
-4.77606
-4.32557
-3.96338
-3.69573
-3.28716
-2.87277
-2.48104
-2.12512
-1.80573
-1.52571
-1.28347
-1.07592
-0.89953
-0.750732
-0.625847
-0.521418
-0.43427
-0.361626
-0.30111
-0.250715
-0.208754
-0.173813
-0.144715
-0.120482
-0.100295
-0.0834658
-0.0694315
-0.0577305
-0.0479729
-0.0398336
-0.0330426
-0.0273783
-0.0226562
-0.0187234
-0.0154526
-0.0127303
-0.0104642
-0.00858067
-0.00701826
-0.00572483
-0.00465385
-0.00376822
-0.00303694
-0.00243393
-0.00193752
-0.00153081
-0.00120222
-0.000934858
-0.000717559
-0.000542544
-0.000402531
-0.000292208
-0.000206262
-0.000140919
-9.22191e-05
-5.74462e-05
-3.34917e-05
-1.84221e-05
-9.56665e-06
-6.25222e-06
-4.83335e-06
-80.0547
52.2348
6.74832
26.0257
27.6842
28.8489
28.0629
26.4441
24.2901
21.6147
18.4576
15.0059
11.7665
8.68194
5.46791
3.14397
1.25264
-0.155642
-1.07191
-1.52965
-1.72165
-1.7736
-1.73138
-1.62588
-1.48282
-1.32839
-1.17483
-1.02768
-0.890662
-0.765497
-0.65352
-0.555691
-0.47104
-0.398368
-0.336364
-0.283685
-0.23906
-0.20133
-0.169473
-0.1426
-0.119944
-0.10085
-0.0847644
-0.0712115
-0.0597917
-0.0501678
-0.0420597
-0.0352288
-0.0294741
-0.0246267
-0.0205454
-0.0171118
-0.0142264
-0.0118047
-0.00977263
-0.00806818
-0.00664088
-0.00544819
-0.00445353
-0.00362491
-0.00293561
-0.00236348
-0.0018891
-0.00149691
-0.00117432
-0.000910033
-0.000695116
-0.000521078
-0.000381667
-0.000271216
-0.000185206
-0.000119544
-7.09468e-05
-3.63839e-05
-1.34159e-05
3.12381e-07
6.6035e-06
7.54489e-06
3.80182e-06
-1.47923e-06
-83.2444
34.437
-8.95683
6.10571
8.27031
11.296
12.81
13.4312
13.2761
12.4553
11.0611
9.2809
7.36869
5.38848
3.37151
1.70978
0.369123
-0.634003
-1.28186
-1.6277
-1.77369
-1.80346
-1.75804
-1.65278
-1.51169
-1.35696
-1.20121
-1.05135
-0.911669
-0.784415
-0.670626
-0.570529
-0.483547
-0.408634
-0.344558
-0.290032
-0.243808
-0.204735
-0.171775
-0.144017
-0.120666
-0.101041
-0.0845589
-0.0707209
-0.0591065
-0.0493602
-0.0411841
-0.0343267
-0.0285767
-0.0237564
-0.0197176
-0.016336
-0.0135071
-0.0111431
-0.00916895
-0.00752161
-0.00614897
-0.00500729
-0.00405949
-0.00327395
-0.00262412
-0.00208783
-0.00164626
-0.001284
-0.000988579
-0.000749082
-0.000556105
-0.000401541
-0.000279232
-0.000183842
-0.000111039
-5.70298e-05
-1.87018e-05
6.72666e-06
2.15592e-05
2.79052e-05
2.74902e-05
2.21472e-05
1.26269e-05
1.74143e-06
-58.5653
34.481
1.56836
12.0055
12.8208
14.5248
15.1512
15.1242
14.52
13.4357
11.9553
10.2112
8.35137
6.47013
4.64614
3.05271
1.73411
0.703431
-0.0400144
-0.52989
-0.827465
-0.992039
-1.06241
-1.06526
-1.02142
-0.950343
-0.865186
-0.774576
-0.684298
-0.598049
-0.518108
-0.445741
-0.381379
-0.324888
-0.275807
-0.233492
-0.197228
-0.166293
-0.139996
-0.117704
-0.098849
-0.0829275
-0.0695012
-0.0581905
-0.0486698
-0.040661
-0.0339282
-0.0282711
-0.0235205
-0.0195334
-0.0161895
-0.0133874
-0.011042
-0.00908105
-0.00744337
-0.00607732
-0.00493976
-0.00399436
-0.00321041
-0.00256181
-0.00202657
-0.00158624
-0.00122523
-0.000930638
-0.000691829
-0.000499611
-0.000346399
-0.000225531
-0.000131759
-6.06103e-05
-8.41655e-06
2.79922e-05
5.12443e-05
6.36588e-05
6.71802e-05
6.3561e-05
5.42597e-05
4.08123e-05
2.38835e-05
5.86412e-06
-39.7507
28.4796
4.46786
11.7125
12.1501
13.3924
13.877
13.8498
13.3432
12.4344
11.199
9.73841
8.15821
6.54886
4.99301
3.59145
2.39851
1.43316
0.69618
0.165653
-0.196696
-0.43192
-0.572065
-0.641891
-0.660773
-0.645741
-0.609423
-0.560832
-0.506348
-0.450364
-0.395822
-0.34459
-0.297716
-0.25565
-0.218446
-0.185908
-0.157694
-0.133396
-0.112581
-0.0948239
-0.0797272
-0.0669266
-0.0560966
-0.0469496
-0.0392351
-0.0327366
-0.0272681
-0.0226708
-0.0188094
-0.015569
-0.0128526
-0.0105781
-0.00867606
-0.00708788
-0.00576376
-0.00466168
-0.00374633
-0.00298793
-0.00236133
-0.00184522
-0.00142165
-0.00107548
-0.000794006
-0.000566647
-0.000384619
-0.000240416
-0.00012782
-4.14646e-05
2.29647e-05
6.90995e-05
9.99361e-05
0.000118033
0.000125527
0.000124283
0.000115878
0.000101713
8.29697e-05
6.08864e-05
3.60283e-05
1.03263e-05
-24.4064
24.3203
7.27035
12.2335
12.3859
13.1696
13.4248
13.2936
12.7829
11.9476
10.8491
9.56494
8.17567
6.75856
5.38521
4.12519
3.02599
2.1085
1.37618
0.815848
0.402838
0.108401
-0.0930187
-0.223027
-0.299127
-0.336387
-0.34664
-0.338843
-0.319655
-0.293921
-0.26509
-0.235547
-0.206859
-0.179977
-0.155416
-0.133387
-0.113903
-0.0968559
-0.0820654
-0.0693185
-0.0583912
-0.0490642
-0.0411309
-0.0344022
-0.028709
-0.0239013
-0.0198487
-0.0164379
-0.0135715
-0.0111662
-0.00915082
-0.00746502
-0.00605751
-0.00488473
-0.00390969
-0.00310108
-0.00243245
-0.00188148
-0.00142929
-0.00105988
-0.000759764
-0.000517559
-0.000323715
-0.000170256
-5.05394e-05
4.10675e-05
0.000109229
0.000157925
0.000190393
0.000209336
0.000216988
0.000215239
0.000205675
0.000189666
0.00016838
0.000142842
0.000113923
8.2542e-05
4.91369e-05
1.514e-05
-13.0026
21.1682
9.05123
12.4314
12.4222
12.8848
12.9747
12.7717
12.269
11.5035
10.523
9.38747
8.16061
6.90609
5.68333
4.54549
3.532
2.66347
1.94584
1.37218
0.926686
0.589211
0.339969
0.161035
0.0371224
-0.0450009
-0.0961598
-0.12492
-0.137917
-0.140187
-0.13549
-0.126575
-0.115399
-0.103309
-0.0911925
-0.0796057
-0.0688688
-0.0591399
-0.0504694
-0.0428395
-0.0361912
-0.0304434
-0.0255054
-0.0212847
-0.0176925
-0.0146462
-0.0120709
-0.00989973
-0.00807414
-0.00654299
-0.00526213
-0.0041936
-0.0033049
-0.00256824
-0.00195988
-0.00145963
-0.00105036
-0.000717532
-0.000448838
-0.000233829
-6.36706e-05
6.90867e-05
0.000170701
0.000246401
0.00030054
0.000336788
0.000358176
0.000367264
0.000366135
0.000356515
0.00033982
0.000317242
0.000289776
0.000258279
0.000223481
0.000186015
0.000146423
0.000105289
6.29093e-05
2.0197e-05
-4.73277
19.0103
10.2946
12.5565
12.4343
12.6592
12.6186
12.3556
11.8569
11.1461
10.2595
9.24333
8.14858
7.02694
5.92706
4.89149
3.95286
3.13044
2.43175
1.85421
1.38797
1.01903
0.732381
0.513531
0.349492
0.228781
0.141672
0.0801812
0.0379007
0.00978283
-0.00808508
-0.0186894
-0.0242713
-0.0264807
-0.026509
-0.0251996
-0.0231361
-0.0207127
-0.0181872
-0.0157212
-0.0134098
-0.0113034
-0.00942221
-0.00776787
-0.00633045
-0.00509369
-0.00403835
-0.00314432
-0.002392
-0.00176302
-0.00124063
-0.000809841
-0.000457416
-0.000171735
5.73254e-05
0.000238532
0.000379422
0.000486465
0.000565197
0.00062035
0.000655949
0.000675397
0.00068155
0.000676787
0.000663077
0.00064206
0.00061507
0.000583215
0.000547377
0.000508265
0.000466444
0.00042238
0.000376453
0.000328991
0.000280266
0.000230511
0.000179922
0.00012874
7.71098e-05
2.54109e-05
1.15648
17.5439
11.1651
12.6238
12.4144
12.4628
12.3217
12.0115
11.516
10.8496
10.0391
9.12043
8.13414
7.1221
6.12408
5.17486
4.30175
3.52229
2.84486
2.26978
1.79135
1.40002
1.08461
0.833636
0.636302
0.482771
0.364437
0.274003
0.205418
0.153761
0.115088
0.0862832
0.064913
0.0491024
0.0374222
0.0287945
0.0224129
0.017679
0.0141517
0.0115069
0.00950814
0.00798299
0.00680613
0.00588655
0.00515811
0.00457266
0.00409504
0.00369947
0.00336691
0.00308321
0.00283775
0.00262254
0.00243148
0.00225992
0.00210428
0.00196181
0.00183036
0.00170824
0.00159413
0.00148698
0.00138595
0.00129035
0.00119958
0.00111314
0.00103056
0.000951418
0.000875333
0.000801945
0.000730909
0.000661903
0.000594623
0.000528796
0.000464177
0.000400552
0.000337731
0.00027554
0.000213823
0.000152474
9.14823e-05
3.06881e-05
5.31032
16.5375
11.7869
12.6614
12.3798
12.2941
12.0745
11.7268
11.2338
10.6032
9.85456
9.01547
8.11824
7.19675
6.28353
5.40736
4.59131
3.85121
3.19571
2.62705
2.14245
1.73562
1.39838
1.12181
0.897081
0.715868
0.570659
0.454879
0.362914
0.290058
0.232429
0.186866
0.150818
0.122252
0.0995573
0.0814688
0.0669955
0.0553647
0.0459751
0.0383587
0.0321511
0.0270677
0.0228861
0.0194311
0.0165648
0.0141775
0.0121818
0.0105076
0.00909824
0.00790792
0.00689919
0.00604145
0.00530955
0.00468278
0.00414403
0.00367912
0.00327631
0.0029258
0.00261948
0.00235053
0.00211328
0.00190298
0.00171559
0.00154771
0.00139648
0.0012594
0.00113439
0.00101961
0.000913517
0.000814742
0.000722117
0.000634632
0.000551414
0.000471712
0.000394872
0.000320313
0.000247533
0.000176075
0.000105775
3.59358e-05
8.22606
15.8259
12.2341
12.6817
12.3394
12.1503
11.8688
11.491
10.9997
10.398
9.69948
8.92541
8.10137
7.25476
6.41229
5.59794
4.83137
4.1268
3.49284
2.93293
2.44632
2.02915
1.67559
1.37883
1.13175
0.927393
0.759263
0.621508
0.50898
0.417249
0.342557
0.281758
0.232249
0.191889
0.158938
0.131981
0.109877
0.0917091
0.0767371
0.064367
0.0541206
0.0456123
0.0385305
0.0326228
0.0276842
0.0235475
0.0200757
0.0171568
0.0146982
0.0126237
0.0108701
0.00938491
0.00812463
0.00705296
0.00613963
0.00535939
0.00469112
0.00411717
0.00362274
0.00319545
0.00282488
0.0025023
0.00222033
0.00197276
0.00175432
0.00156055
0.00138764
0.00123238
0.00109198
0.00096409
0.000846683
0.000738026
0.000636631
0.000541219
0.00045068
0.000364042
0.000280454
0.000199125
0.000119733
4.10608e-05
10.2665
15.3031
12.5551
12.691
12.2989
12.0292
11.6982
11.2961
10.8059
10.2272
9.56928
8.8482
8.0842
7.29943
6.51592
5.75377
5.02987
4.35695
3.74338
3.19335
2.70752
2.28382
1.91826
1.60574
1.34058
1.11703
0.92954
0.772924
0.642513
0.534175
0.444314
0.36985
0.308166
0.257063
0.214704
0.179566
0.150386
0.126125
0.105929
0.0890936
0.0750409
0.0632955
0.0534659
0.0452293
0.0383194
0.0325158
0.0276358
0.0235279
0.0200662
0.0171457
0.0146788
0.0125926
0.0108259
0.00932764
0.00805505
0.00697227
0.00604928
0.00526086
0.00458586
0.00400654
0.00350796
0.00307757
0.00270478
0.00238068
0.00209771
0.00184949
0.00163061
0.00143647
0.00126315
0.00110732
0.000966129
0.000837163
0.00071833
0.000607853
0.000504177
0.000405958
0.00031201
0.00022122
0.000133112
4.59729e-05
11.6939
14.9055
12.7827
12.6925
12.261
11.9285
11.558
11.1361
10.6461
10.0857
9.46042
8.78234
8.06738
7.33351
6.59894
5.88064
5.1932
4.54808
3.95327
3.41339
2.93009
2.5026
2.12838
1.80366
1.52403
1.28474
1.08105
0.908434
0.762659
0.639898
0.536741
0.450198
0.377673
0.316939
0.266097
0.22354
0.187913
0.158079
0.133084
0.112134
0.0945629
0.0798176
0.0674357
0.0570318
0.0482841
0.0409243
0.034728
0.0295076
0.0251064
0.0213929
0.0182571
0.0156068
0.0133647
0.0114658
0.00985573
0.00848868
0.00732626
0.00633623
0.00549148
0.00476921
0.00415025
0.00361846
0.00316027
0.00276418
0.00242052
0.00212109
0.00185897
0.00162827
0.00142399
0.00124189
0.00107835
0.000930288
0.000795073
0.000670434
0.000554423
0.000445321
0.000341648
0.000241967
0.000145677
5.05866e-05
12.6891
14.5951
12.9413
12.6885
12.227
11.8458
11.444
11.0058
10.5157
9.96942
9.37018
8.72671
8.05153
7.35923
6.66497
5.98316
5.32655
4.70544
4.12742
3.59734
3.11752
2.68817
2.30781
1.97379
1.68269
1.43062
1.21357
1.02755
0.868769
0.733676
0.619053
0.522014
0.440007
0.370798
0.312453
0.263302
0.22192
0.187091
0.157782
0.13312
0.112368
0.0949041
0.0802043
0.0678284
0.0574062
0.0486265
0.0412277
0.0349902
0.0297292
0.0252896
0.0215409
0.0183736
0.0156955
0.0134291
0.0115093
0.00988129
0.00849908
0.00732393
0.00632328
0.00546971
0.00474019
0.00411527
0.00357861
0.00311639
0.00271698
0.00237051
0.00206866
0.00180437
0.00157166
0.00136542
0.00118136
0.00101576
0.000865506
0.000727866
0.000600531
0.000481442
0.000368843
0.000261003
0.000157204
5.48175e-05
13.3807
14.35
13.0492
12.6807
12.1973
11.7791
11.3525
10.9011
10.4105
9.87516
9.2964
8.68046
8.03716
7.3784
6.7169
6.06506
5.43406
4.83327
4.26988
3.7488
3.27283
2.84287
2.45828
2.11726
1.81719
1.55491
1.327
1.12996
0.960364
0.814928
0.690616
0.58465
0.49453
0.418033
0.353202
0.29833
0.251936
0.212741
0.179651
0.151727
0.128173
0.108309
0.0915593
0.077437
0.0655297
0.0554893
0.0470218
0.0398794
0.0338531
0.0287667
0.0244718
0.0208435
0.0177765
0.0151822
0.012986
0.0111251
0.00954661
0.00820617
0.00706628
0.00609546
0.00526716
0.00455905
0.00395229
0.003431
0.00298177
0.00259328
0.00225593
0.00196164
0.00170351
0.00147573
0.00127332
0.00109208
0.000928375
0.00077914
0.000641681
0.000513691
0.000393111
0.000277996
0.000167491
5.85916e-05
13.8582
14.1577
13.1205
12.671
12.1723
11.7264
11.2807
10.8188
10.3274
9.80032
9.23737
8.64291
8.02466
7.39244
6.75705
6.12928
5.51908
4.93502
4.38393
3.87074
3.39853
2.96872
2.5813
2.23511
1.92816
1.65789
1.42135
1.21546
1.03709
0.883209
0.75093
0.637581
0.540717
0.458134
0.387867
0.328182
0.277557
0.234668
0.198369
0.167672
0.141729
0.119817
0.101315
0.0856973
0.0725172
0.0613952
0.05201
0.0440901
0.0374056
0.0317628
0.0269978
0.0229725
0.0195706
0.0166937
0.0142593
0.0121976
0.01045
0.00896705
0.00770711
0.00663517
0.00572169
0.00494183
0.00427461
0.00370236
0.00321016
0.00278541
0.00241745
0.00209727
0.00181723
0.00157085
0.00135263
0.00115787
0.000982585
0.000823338
0.000677164
0.000541486
0.000414036
0.000292641
0.000176362
6.18446e-05
14.1791
14.0096
13.1659
12.6611
12.1522
11.6861
11.2261
10.7562
10.2639
9.74282
9.19171
8.61351
8.01435
7.40247
6.7872
6.1781
5.58418
5.01338
4.47219
3.96554
3.49668
3.06741
2.67814
2.32824
2.01618
1.73985
1.49669
1.28393
1.09871
0.938182
0.799604
0.68039
0.578146
0.490691
0.416057
0.352494
0.298451
0.25257
0.213667
0.180715
0.152829
0.129245
0.109313
0.0924731
0.0782515
0.0662438
0.0561066
0.0475491
0.0403248
0.0342252
0.0290741
0.0247228
0.0210457
0.0179366
0.0153065
0.0130797
0.011193
0.00959289
0.00823424
0.00707912
0.0060956
0.00525671
0.00453977
0.0039256
0.00339805
0.00294347
0.00255033
0.00220884
0.00191077
0.00164909
0.00141786
0.00121198
0.00102717
0.000859681
0.000706348
0.000564339
0.000431241
0.000304686
0.000183659
6.45196e-05
14.3979
13.905
13.1947
12.6529
12.1373
11.6571
11.1868
10.711
10.218
9.70108
9.15838
8.59184
8.00645
7.40931
6.80871
6.21329
5.63136
5.07041
4.53669
4.03505
3.5689
3.14026
2.74986
2.39741
2.08174
1.80105
1.55308
1.33531
1.14505
0.979605
0.836348
0.712761
0.606493
0.515382
0.437464
0.370977
0.314352
0.266207
0.22533
0.190667
0.161302
0.136447
0.115425
0.0976534
0.0826373
0.0699533
0.0592416
0.0501968
0.0425596
0.0361106
0.0306642
0.0260634
0.0221756
0.0188888
0.0161087
0.0137556
0.0117624
0.0100724
0.00863815
0.00741934
0.00638214
0.00549804
0.00474298
0.00409669
0.00354205
0.00306461
0.00265215
0.00229435
0.00198246
0.00170905
0.00146783
0.00125345
0.00106133
0.000887538
0.000728701
0.000581855
0.000444421
0.000313921
0.000189257
6.65704e-05
14.4984
13.8285
13.21
12.647
12.1275
11.6384
11.1615
10.6818
10.1882
9.6739
9.13659
8.57757
8.0011
7.41356
6.82253
6.23607
5.66205
5.10763
4.57889
4.08065
3.61639
3.18827
2.79723
2.44319
2.12522
1.84172
1.59063
1.36956
1.17599
1.00731
0.860954
0.734465
0.62552
0.531972
0.45186
0.383417
0.325062
0.275398
0.233196
0.197382
0.167022
0.141311
0.119554
0.101154
0.0856019
0.0724613
0.0613616
0.0519875
0.0440714
0.0373862
0.0317401
0.0269705
0.0229402
0.0195332
0.0166517
0.014213
0.0121477
0.0103971
0.00891162
0.00764969
0.00657616
0.00566146
0.0048806
0.00421257
0.00363959
0.00314667
0.00272114
0.00235228
0.00203102
0.00174967
0.00150169
0.00128154
0.00108446
0.000906403
0.000743844
0.000593713
0.00045335
0.000320185
0.000193056
6.79605e-05
14.5946
13.8161
13.2241
12.6461
12.1232
11.6294
11.1491
10.6675
10.1735
9.6605
9.12582
8.57049
7.99841
7.41559
6.82928
6.24726
5.67716
5.12599
4.59975
4.10323
3.63994
3.21211
2.82078
2.46599
2.14689
1.86201
1.60938
1.38669
1.19148
1.02118
0.873289
0.745353
0.635072
0.540305
0.459096
0.389672
0.33045
0.280024
0.237156
0.200763
0.169904
0.143762
0.121635
0.102919
0.0870964
0.0737259
0.0624307
0.0528907
0.0448339
0.0380297
0.0322829
0.0274282
0.023326
0.0198583
0.0169257
0.0144439
0.0123423
0.010561
0.0090497
0.00776602
0.00667417
0.00574402
0.00495016
0.00427115
0.00368891
0.00318817
0.00275603
0.00238158
0.00205558
0.00177021
0.00151882
0.00129574
0.00109617
0.000915944
0.000751501
0.000599708
0.000457872
0.000323366
0.000194989
6.86661e-05
1.465
-12.1653
-25.2769
-37.576
-48.6257
-59.1902
-66.0918
-78.5776
-73.0401
-109.926
8.93494
8.5255
7.51064
5.52899
2.55969
-2.93686
-6.32558
-20.1447
-1.08232
-23.0158
7.63065
3.09551
-1.25304
-5.31312
-8.95318
-12.5907
-14.4636
-22.8489
-8.49358
-22.5992
10.0851
9.18315
8.13392
6.83573
5.3798
3.17366
2.72199
-3.92616
4.73949
-5.97231
10.6996
9.9445
9.19262
8.43114
7.69136
6.6336
6.66068
2.88222
9.08835
1.8795
11.4503
11.3552
11.2061
10.9712
10.7276
10.1763
10.2876
7.71937
11.9473
7.00395
11.9431
12.1336
12.2905
12.3958
12.4607
12.3314
12.4863
10.8235
13.7718
10.3243
12.3335
12.7171
13.07
13.3692
13.59
13.6829
13.8689
12.7967
14.8978
12.4794
12.6209
13.1022
13.5547
13.9541
14.2831
14.4771
14.7078
14.0287
15.5448
13.836
12.8286
13.347
13.8356
14.2762
14.652
14.9131
15.1761
14.7575
15.8645
14.6496
12.9865
13.5095
14.0067
14.4587
14.8489
15.1392
15.4085
15.1682
15.9789
15.1081
13.1117
13.6222
14.1083
14.5519
14.9372
15.2346
15.4931
15.3726
15.9624
15.335
13.2126
13.7011
14.1668
14.5933
14.9661
15.2605
15.5055
15.4606
15.885
15.4258
13.2939
13.7568
14.199
14.6054
14.9609
15.2435
15.4698
15.4738
15.7704
15.4286
13.3576
13.7951
14.213
14.5965
14.9308
15.1983
15.4064
15.4423
15.646
15.3906
13.4069
13.822
14.2184
14.5814
14.8971
15.1502
15.3416
15.397
15.5308
15.336
13.4424
13.8371
14.2131
14.5561
14.8535
15.0922
15.2691
15.3377
15.4236
15.2732
13.4715
13.8622
14.2335
14.5717
14.8639
15.0972
15.264
15.3355
15.3772
15.245
13.4718
13.824
14.1608
14.4703
14.7411
14.962
15.1247
15.2104
15.246
15.1527
13.5
13.889
14.2579
14.5926
14.8795
15.1058
15.2615
15.3336
15.3324
15.2148
77.5472
55.4417
75.2702
73.0701
75.7364
83.6316
52.7502
235.296
-339.191
-173.914
81.7418
54.2239
74.2228
68.3715
70.092
76.7732
48.1676
215.113
-310.86
-161.363
70.8705
46.7486
67.2384
61.7803
63.5943
69.5287
43.6332
193.907
-279.291
-146.223
62.0079
41.4615
60.2778
55.1525
56.6936
61.7662
38.7062
171.145
-246.35
-130.628
52.7904
36.0713
52.5685
48.1283
49.4071
53.6285
33.5968
147.228
-211.71
-113.857
43.9608
30.5714
44.4552
40.7837
41.7861
45.1392
28.2867
122.234
-175.694
-96.0975
35.5907
25.2319
36.166
33.2358
33.9214
36.3774
22.8326
96.349
-138.478
-77.4163
27.4687
20.0042
27.7944
25.5675
25.893
27.4187
17.2882
69.7596
-100.252
-57.8674
19.4901
14.8676
19.3986
17.8504
17.7862
18.361
11.7409
42.6978
-61.1832
-38.0781
11.5829
9.77901
10.987
10.0974
9.6163
9.21621
6.17391
15.3689
-21.0937
-16.792
69.5116
79.6023
84.8078
91.9992
97.7488
113.053
71.1558
342.426
-497.017
-248.653
70.2251
80.424
85.0393
92.2013
97.7828
112.919
71.3416
340.561
-493.011
-246.331
71.7152
82.0002
85.3133
92.2948
97.3955
112.032
70.6901
336.121
-487.315
-243.873
74.2054
84.4578
85.7487
92.4579
96.8897
110.871
69.9754
330.078
-478.003
-239.592
77.6725
87.6603
86.1775
92.4817
96.0367
109.169
68.8651
322.03
-465.905
-234.157
81.6372
91.2119
86.3687
92.184
94.7367
106.894
67.3909
312.101
-450.943
-227.46
85.3134
94.3795
85.9931
91.2675
92.8087
103.93
65.4731
300.277
-433.285
-219.585
86.2888
96.1427
84.6303
89.3715
90.0989
100.217
63.1174
286.67
-412.948
-210.501
73.887
89.4474
80.6533
85.6253
86.3043
95.5207
60.0594
271.019
-390.607
-200.339
72.0307
93.9725
82.7103
83.1355
82.5075
90.4002
56.9169
254.065
-365.368
-188.866
29.2545
29.4005
29.7255
30.2293
30.9539
31.9347
33.1824
34.8826
37.3589
41.0314
46.4521
53.9949
64.0699
76.4067
79.4948
81.9241
70.7226
62.018
75.9349
56.7995
29.2378
29.3826
29.7068
30.209
30.9317
31.9116
33.1654
34.8692
37.3388
40.9878
46.3718
53.8463
63.7735
76.1489
79.5606
78.1632
67.6785
60.1929
75.3757
56.6117
29.2043
29.347
29.6694
30.1686
30.8875
31.865
33.1315
34.8431
37.2994
40.9007
46.2092
53.5325
63.1285
74.5253
79.8456
70.0248
62.3383
57.162
74.551
56.5677
29.1544
29.2941
29.6136
30.1079
30.821
31.7946
33.0809
34.8058
37.2427
40.769
45.959
53.0265
62.0642
68.7443
71.4353
57.5901
56.1058
54.0228
73.9372
57.5537
29.088
29.2243
29.5395
30.0269
30.7316
31.7004
33.0137
34.7581
37.1697
40.5896
45.6049
52.2975
60.548
61.8159
55.6302
46.3752
50.1074
51.94
73.7497
60.3258
29.0057
29.1383
29.4481
29.9269
30.6217
31.5878
32.9337
34.7088
37.0872
40.346
45.1131
51.3121
56.9786
49.444
39.6292
39.8961
45.6149
51.1551
74.3696
65.5028
28.9075
29.0355
29.3358
29.7998
30.4762
31.4323
32.8053
34.5962
36.934
40.0416
44.3977
48.8122
45.6213
32.7965
30.219
36.4583
42.8751
52.4345
74.2429
73.1143
28.7955
28.9239
29.223
29.6863
30.3672
31.3383
32.7749
34.9351
37.1903
39.5955
42.7039
41.5697
29.9813
26.2195
28.9409
36.1579
44.1313
60.3565
76.9492
84.6302
28.6644
28.7773
29.0389
29.4417
30.0295
30.8636
32.1252
34.0922
35.8438
36.9097
35.0834
30.5558
25.9193
23.4851
26.9189
33.7241
41.3296
60.0679
67.5654
88.4398
28.5297
28.6517
28.9243
29.3423
29.9369
30.7449
31.8149
33.0981
34.5958
35.5388
34.1283
31.0255
28.2748
28.2653
33.2356
42.0913
53.2004
77.153
69.2241
96.6538
28.2494
28.3893
28.6886
29.1432
29.7589
30.5223
31.343
31.9818
32.7062
33.4067
32.9404
31.4138
30.0446
30.9274
35.3134
42.7254
50.5629
73.3769
27.4628
151.887
27.6015
27.6377
27.7136
27.8076
27.8935
27.9183
27.7863
27.3485
26.3549
24.4818
21.4237
17.4666
13.2399
9.81266
7.90662
8.21755
7.9283
23.6757
-22.5058
95.4176
27.0152
27.0526
27.1276
27.223
27.3155
27.3636
27.304
27.0537
26.5201
25.5754
24.1273
22.3853
20.7725
19.9299
20.2147
22.0437
22.6347
34.6799
-7.0031
97.1262
26.357
26.361
26.3658
26.3537
26.2996
26.1647
25.8956
25.4259
24.683
23.5981
22.1669
20.5396
18.9797
17.8534
17.3553
17.8102
17.1398
24.9999
-6.12943
74.4405
25.6981
25.6825
25.6474
25.5772
25.4504
25.2361
24.8959
24.3864
23.6671
22.7124
21.5474
20.2817
19.088
18.1809
17.66
17.7285
16.8683
22.0009
-0.645354
57.3508
25.0457
25.0138
24.946
24.8294
24.6465
24.3739
23.9842
23.4497
22.7487
21.8767
20.8644
19.7906
18.7676
17.9219
17.3026
17.0402
16.063
19.3035
3.03656
43.8575
24.4162
24.373
24.2825
24.135
23.917
23.6117
23.2007
22.6675
22.0026
21.2111
20.3219
19.3914
18.493
17.7022
17.0415
16.5948
15.6058
17.5745
5.77267
34.0782
23.82
23.7691
23.6636
23.4967
23.2584
22.9372
22.5213
22.0019
21.3767
20.6544
19.8597
19.0326
18.2215
17.4719
16.7921
16.2361
15.2657
16.3654
7.65847
27.1543
23.2645
23.2091
23.0947
22.9171
22.6693
22.3437
21.9337
21.4352
20.8498
20.1873
19.4674
18.7189
17.9737
17.2593
16.5762
15.9583
15.0178
15.5185
8.97838
22.3332
22.7545
22.6968
22.5781
22.3962
22.1463
21.8241
21.4261
20.9516
20.4039
19.7925
19.1329
18.4458
17.7522
17.0684
16.3909
15.7397
14.8318
14.919
9.92885
19.0045
22.2928
22.2345
22.1147
21.9327
21.6857
21.3715
20.9889
20.5389
20.0258
19.458
18.8476
18.2094
17.5574
16.9007
16.2336
15.5666
14.6925
14.4966
10.6425
16.7209
21.8804
21.8226
21.7039
21.5248
21.2837
20.9799
20.6138
20.1874
19.7053
19.1745
18.6046
18.0061
17.388
16.7552
16.1011
15.4298
14.5901
14.204
11.2011
15.1679
21.5176
21.461
21.3446
21.17
20.9363
20.644
20.2943
19.8898
19.4347
18.9352
18.3985
17.8323
17.2423
16.6305
15.9905
15.3224
14.5173
14.0069
11.6516
14.1178
21.2037
21.1487
21.0353
20.8659
20.6402
20.3593
20.0249
19.6398
19.208
18.7346
18.2253
17.6854
17.1185
16.5252
15.8993
15.2391
14.468
13.8789
12.0197
13.415
20.9378
20.8845
20.7743
20.6101
20.3922
20.1218
19.8011
19.4329
19.0207
18.5688
18.0816
17.563
17.0151
16.4377
15.8254
15.1756
14.4365
13.7995
12.3201
12.9482
20.7186
20.6669
20.5598
20.4005
20.1896
19.9285
19.6195
19.2653
18.8691
18.4345
17.965
17.4634
16.9309
16.3668
15.7668
15.1281
14.4176
13.753
12.5605
12.6392
20.5449
20.4947
20.3902
20.2352
20.0302
19.7768
19.4773
19.1343
18.7507
18.3296
17.8737
17.3851
16.8646
16.3113
15.7218
15.0935
14.4072
13.7278
12.7477
12.4409
20.4158
20.3667
20.2643
20.1126
19.9122
19.6647
19.3724
19.0378
18.6635
18.2522
17.8062
17.3272
16.8155
16.2704
15.6891
15.0693
14.4015
13.7139
12.8814
12.3071
20.3302
20.2819
20.181
20.0316
19.8342
19.5908
19.3033
18.9742
18.6061
18.2012
17.7618
17.289
16.7831
16.2433
15.6676
15.0538
14.3989
13.7092
12.9786
12.2618
20.2875
20.2396
20.1395
19.9913
19.7955
19.554
19.269
18.9427
18.5776
18.1759
17.7397
17.2699
16.767
16.2298
15.6567
15.0453
14.3947
13.6984
12.9983
12.1875
126.615
90.5939
96.1905
83.73
76.5192
65.7851
54.5535
42.1307
28.94
15.274
41.5976
18.8559
37.5822
24.1029
20.5487
15.1965
12.3036
10.405
9.44492
9.09131
42.5253
28.1575
42.7401
34.3728
32.4971
28.8704
25.2069
21.1294
16.7681
12.2278
27.2253
16.0517
24.7908
18.2093
17.7033
15.5062
14.0302
12.8023
11.8068
10.9289
20.4598
12.9256
19.2395
15.5677
15.5009
14.519
13.7808
13.0055
12.2269
11.4599
16.1101
10.9278
15.236
12.7109
12.7943
12.2793
11.9933
11.7693
11.6272
11.5318
13.4934
9.87446
12.8885
11.26
11.3895
11.2411
11.2907
11.3901
11.5511
11.7413
11.9433
9.39371
11.5386
10.4691
10.6349
10.7054
10.9253
11.2169
11.5592
11.9407
11.0918
9.27672
10.8086
10.1158
10.339
10.5216
10.8333
11.2164
11.6583
12.1331
10.6764
9.36695
10.4681
10.0307
10.2702
10.5127
10.873
11.3043
11.7879
12.3024
10.5382
9.57528
10.3673
10.1024
10.3463
10.6208
10.9986
11.4421
11.9343
12.4552
10.5804
9.8678
10.4332
10.2835
10.5178
10.7974
11.1699
11.6046
12.0856
12.5936
10.7091
10.182
10.5873
10.5129
10.7301
11.0019
11.3581
11.7734
12.2323
12.7175
10.8879
10.4928
10.772
10.7448
10.9454
11.2046
11.5407
11.9329
12.3663
12.8251
11.074
10.7725
10.9566
10.9558
11.1414
11.3878
11.7042
12.0736
12.4821
12.9151
11.2413
11.0046
11.1149
11.1422
11.3106
11.5431
11.8413
12.1903
12.5769
12.9872
11.3865
11.197
11.2558
11.2976
11.4536
11.6745
11.9568
12.2874
12.6539
13.0435
11.4756
11.3091
11.3255
11.3715
11.5152
11.7275
12.0026
12.328
12.6907
13.0766
11.6048
11.4768
11.4845
11.5443
11.6841
11.8854
12.1402
12.4376
12.7664
13.1152
11.5587
11.4077
11.3788
11.4255
11.5588
11.766
12.0371
12.3599
12.7208
13.1057
178.447
162.485
144.061
125.398
105.831
85.6187
64.8804
43.7221
22.7893
0.857639
351.535
320.94
287.196
252.229
215.748
178.126
139.577
100.323
60.5604
20.1329
-222.004
-203.497
-183.889
-162.614
-140.042
-116.22
-91.307
-65.4661
-38.9119
-11.834
-38.5271
-35.1894
-31.8362
-28.0053
-23.8876
-19.4422
-14.7061
-9.7161
-4.54546
0.832771
-68.7628
-62.8423
-56.4796
-49.5372
-42.1437
-34.3059
-26.0873
-17.5494
-8.77814
0.22239
-60.7219
-55.7307
-49.8345
-43.5043
-36.7435
-29.5894
-22.1188
-14.3986
-6.50331
1.55946
-57.9833
-53.7099
-47.4706
-41.2063
-34.534
-27.5138
-20.2481
-12.8054
-5.24543
2.42716
-60.3056
-59.4529
-52.5334
-45.7353
-38.2205
-30.3091
-22.2104
-13.9986
-5.71746
2.63466
-40.0391
-39.1736
-31.605
-26.3492
-21.0517
-15.6664
-10.4553
-5.34359
-0.293739
4.74893
-63.2101
-67.1397
-55.5776
-46.4366
-37.1418
-28.3477
-20.0681
-12.0425
-4.14003
3.72663
276.756
273.887
270.355
264.486
256.997
247.843
237.17
225.025
211.618
196.802
525.594
521.205
514.753
504.332
490.806
474.138
454.546
432.103
407.532
380.002
-316.634
-315.074
-311.237
-306.068
-299.147
-290.554
-280.233
-268.245
-254.288
-239.061
-46.8459
-47.3032
-47.1748
-47.1759
-47.0326
-46.6822
-46.002
-44.9517
-43.2269
-41.409
-89.3414
-89.4683
-89.0872
-88.6468
-87.8538
-86.6222
-84.7793
-82.2082
-78.6276
-74.5668
-74.6702
-74.9784
-75.1214
-75.3681
-75.444
-75.1871
-74.345
-72.6818
-69.836
-66.874
-69.1119
-69.6282
-70.3268
-71.3422
-72.4047
-73.2521
-73.4938
-72.6394
-69.7135
-67.888
-61.7699
-62.379
-63.378
-64.8275
-66.483
-68.0152
-68.9864
-68.7795
-65.58
-68.2557
-56.2883
-57.5657
-60.0152
-63.6848
-68.345
-73.4803
-78.2379
-81.3322
-75.1551
-80.3034
-44.8864
-46.2637
-49.0334
-53.2987
-58.9184
-65.2547
-71.4
-74.317
-62.3125
-60.9274
-30.2475
-30.6239
-31.7481
-34.3233
-39.1544
-46.8795
-57.7527
-73.9267
-81.1627
-90.1748
-53.9571
-53.4957
-52.7155
-51.8426
-51.1725
-50.7831
-49.6435
-51.5854
-43.8353
-49.6423
-34.7682
-33.9656
-32.6845
-31.5406
-30.811
-31.0918
-33.3193
-40.8942
-41.1418
-57.9438
-40.3253
-39.008
-36.6242
-33.5124
-30.1125
-27.0311
-24.4115
-24.3376
-20.4975
-30.8213
-43.0011
-41.336
-38.2872
-34.3734
-30.0878
-25.8898
-21.962
-20.3768
-15.2781
-20.8872
-49.1672
-46.7927
-42.4733
-36.9177
-30.8868
-25.1165
-19.8752
-16.7485
-11.1991
-13.6506
-57.7527
-54.3529
-48.0402
-40.0066
-31.651
-24.0403
-17.446
-13.3403
-7.52337
-7.92118
-63.7179
-60.7673
-54.9849
-46.4414
-35.412
-24.1395
-15.2248
-9.92134
-3.8515
-3.58471
-64.2857
-61.8578
-56.9656
-49.5279
-39.9374
-28.3709
-16.2289
-8.18066
-1.17664
-0.701504
-59.1101
-58.6474
-56.0715
-50.4499
-42.023
-31.6569
-19.5393
-9.0267
-0.193527
0.732722
-51.2933
-50.0357
-48.5658
-47.5941
-45.9179
-37.1545
-24.5278
-12.9484
-1.54488
0.568297
-49.0255
-47.8376
-45.4874
-41.4701
-37.6258
-34.6326
-27.3783
-15.8625
-4.42273
-1.58219
-44.0038
-43.4074
-41.9549
-39.3116
-35.6229
-31.1541
-24.3044
-15.7659
-5.40567
-2.40855
-36.3505
-36.1387
-35.6701
-34.7611
-32.6392
-28.8498
-24.1546
-17.0928
-5.97954
-3.36039
-29.0582
-28.9162
-28.612
-28.0858
-27.2448
-25.2633
-20.6905
-16.6064
-10.4209
-7.74781
-23.1939
-23.1237
-22.9758
-22.7314
-22.353
-21.7713
-20.1244
-17.4817
-9.08218
-6.7062
-18.3982
-18.3473
-18.2423
-18.0796
-17.8414
-17.4839
-16.8237
-15.4278
-10.604
-7.19381
-14.6104
-14.5749
-14.5017
-14.3861
-14.2177
-13.9832
-13.6599
-12.8664
-10.2172
-7.35045
-11.6558
-11.6327
-11.5849
-11.5087
-11.3981
-11.24
-11.0351
-10.6486
-9.37952
-7.71681
-9.36862
-9.35957
-9.34082
-9.31062
-9.26549
-9.19563
-9.09476
-8.95901
-8.28773
-7.12164
-7.55956
-7.5593
-7.55847
-7.55624
-7.55055
-7.53798
-7.49966
-7.48536
-7.11163
-6.31948
-6.08656
-6.09099
-6.09961
-6.11175
-6.12436
-6.13662
-6.11841
-6.19644
-5.9633
-5.49413
-4.89448
-4.90077
-4.9131
-4.93085
-4.95126
-4.97456
-4.96897
-5.02448
-4.89122
-4.69761
-3.93724
-3.94525
-3.96129
-3.98535
-4.0162
-4.05515
-4.08028
-4.14342
-4.07504
-3.98193
-3.17399
-3.18296
-3.20106
-3.22856
-3.2651
-3.31198
-3.35642
-3.43036
-3.40525
-3.36974
-2.56451
-2.57366
-2.59217
-2.62043
-2.65855
-2.70783
-2.7604
-2.839
-2.8418
-2.83992
-2.07587
-2.08447
-2.10188
-2.12844
-2.1644
-2.21077
-2.26288
-2.33516
-2.36362
-2.39474
-1.684
-1.69181
-1.7076
-1.73168
-1.76434
-1.80636
-1.85498
-1.91966
-1.95976
-2.01041
-1.36956
-1.3765
-1.39051
-1.41189
-1.44092
-1.4782
-1.52202
-1.57898
-1.62255
-1.68088
-1.11712
-1.12318
-1.13544
-1.15412
-1.1795
-1.21207
-1.25085
-1.30054
-1.34351
-1.40218
-0.914258
-0.919499
-0.930082
-0.94621
-0.968143
-0.996305
-1.03037
-1.0725
-1.11326
-1.16735
-0.751185
-0.755673
-0.764718
-0.778455
-0.797069
-0.820819
-0.84971
-0.885051
-0.922064
-0.969236
-0.619396
-0.623159
-0.63074
-0.642246
-0.657827
-0.677693
-0.701897
-0.731446
-0.763242
-0.803816
-0.512223
-0.515353
-0.521657
-0.531221
-0.544166
-0.560668
-0.580785
-0.605355
-0.632025
-0.666436
-0.424651
-0.427239
-0.43245
-0.440353
-0.451044
-0.464668
-0.48128
-0.501588
-0.5237
-0.55258
-0.352807
-0.354936
-0.359224
-0.365723
-0.37451
-0.385704
-0.399349
-0.416047
-0.434217
-0.45827
-0.293668
-0.295413
-0.298926
-0.304248
-0.311441
-0.320598
-0.331754
-0.345424
-0.360243
-0.380154
-0.244842
-0.246266
-0.249133
-0.253476
-0.259341
-0.266804
-0.275886
-0.287034
-0.29904
-0.31544
-0.204427
-0.205586
-0.207918
-0.211449
-0.216215
-0.222274
-0.229639
-0.238696
-0.248364
-0.261813
-0.170894
-0.171834
-0.173726
-0.176588
-0.180449
-0.185354
-0.191303
-0.198632
-0.206372
-0.217357
-0.143015
-0.143775
-0.145303
-0.147615
-0.150732
-0.154687
-0.159474
-0.165386
-0.171547
-0.180487
-0.119792
-0.120404
-0.121634
-0.123493
-0.125998
-0.129175
-0.133013
-0.137766
-0.142642
-0.149893
-0.100419
-0.100909
-0.101896
-0.103386
-0.105392
-0.107934
-0.110998
-0.114804
-0.118638
-0.1245
-0.0842345
-0.0846262
-0.085414
-0.086604
-0.0882049
-0.0902321
-0.0926689
-0.0957022
-0.098694
-0.103417
-0.0706984
-0.0710104
-0.0716377
-0.0725846
-0.0738574
-0.0754679
-0.0773979
-0.0798127
-0.0820877
-0.0858871
-0.059362
-0.059609
-0.0601058
-0.0608557
-0.0618631
-0.0631369
-0.0646594
-0.0665793
-0.0682619
-0.0713082
-0.049855
-0.0500496
-0.0504409
-0.0510311
-0.0518234
-0.0528246
-0.0540175
-0.0555366
-0.0567517
-0.059185
-0.0418773
-0.0420288
-0.042334
-0.0427943
-0.0434119
-0.0441919
-0.0451183
-0.0463143
-0.0471657
-0.0491013
-0.0351811
-0.0352982
-0.0355338
-0.0358887
-0.0363633
-0.0369656
-0.0376607
-0.0386009
-0.0391736
-0.0407075
-0.0295641
-0.0296518
-0.0298291
-0.0300959
-0.0304518
-0.0309034
-0.0314137
-0.0321472
-0.0325058
-0.0337163
-0.0248394
-0.0249042
-0.0250346
-0.0252308
-0.0254916
-0.0258229
-0.026189
-0.0267474
-0.0269464
-0.0278964
-0.0208634
-0.0209092
-0.0210023
-0.0211424
-0.0213284
-0.0215647
-0.02182
-0.022232
-0.0223135
-0.023054
-0.01751
-0.0175415
-0.0176055
-0.0177018
-0.0178291
-0.0179915
-0.0181612
-0.0184585
-0.0184571
-0.0190292
-0.0146825
-0.0147021
-0.0147428
-0.0148043
-0.0148853
-0.0149883
-0.0150906
-0.0152883
-0.015259
-0.0156909
-0.0122939
-0.0123052
-0.0123285
-0.0123637
-0.0124095
-0.0124679
-0.0125197
-0.0126414
-0.0125938
-0.0129159
-0.0102788
-0.0102832
-0.0102937
-0.0103096
-0.0103299
-0.0103557
-0.0103713
-0.0104368
-0.0103787
-0.0106043
-0.00857195
-0.00857248
-0.00857424
-0.00857701
-0.00857968
-0.00858213
-0.00857781
-0.00860159
-0.00853794
-0.00868639
-0.0071247
-0.0071223
-0.00711856
-0.00711334
-0.00710629
-0.00709713
-0.00708296
-0.00707845
-0.00701154
-0.00709949
-0.00589631
-0.00589269
-0.00588612
-0.00587664
-0.00586394
-0.00584791
-0.00582579
-0.00581166
-0.00574568
-0.00578957
-0.00486169
-0.0048571
-0.0048488
-0.00483679
-0.00482085
-0.00480087
-0.00477426
-0.00475474
-0.00469227
-0.00470499
-0.00398833
-0.00398384
-0.00397485
-0.00396159
-0.00394411
-0.00392309
-0.00389559
-0.00387415
-0.00381532
-0.00381054
-0.00325846
-0.00325348
-0.00324402
-0.0032305
-0.00321312
-0.00319196
-0.0031653
-0.00314251
-0.00308507
-0.00307229
-0.00264741
-0.0026426
-0.00263352
-0.00262078
-0.00260417
-0.00258432
-0.00255945
-0.00253717
-0.002479
-0.00246173
-0.00214244
-0.00213738
-0.00212846
-0.0021161
-0.00210041
-0.00208127
-0.00205796
-0.00203589
-0.00197906
-0.00195964
-0.00172074
-0.00171557
-0.00170691
-0.00169552
-0.00168097
-0.00166355
-0.00164133
-0.00162154
-0.00157252
-0.00155254
-0.00137148
-0.00136602
-0.00135714
-0.00134573
-0.00133223
-0.00131697
-0.00129909
-0.00128318
-0.00124291
-0.00122494
-0.00107945
-0.00107499
-0.00106807
-0.00105917
-0.00104804
-0.00103525
-0.00101916
-0.0010055
-0.000971768
-0.000956025
-0.000844921
-0.000841294
-0.000835263
-0.000827237
-0.000817488
-0.000805783
-0.000791448
-0.000779116
-0.000750943
-0.000736813
-0.000652947
-0.000649931
-0.000644751
-0.000637855
-0.000629238
-0.000619209
-0.000606666
-0.000595786
-0.000572442
-0.000559677
-0.000500509
-0.000497819
-0.000493194
-0.000486958
-0.000479398
-0.000470249
-0.000459161
-0.00044919
-0.000429855
-0.000418143
-0.000376097
-0.000373934
-0.000370115
-0.000364966
-0.000358441
-0.000350826
-0.000341298
-0.000332689
-0.000316721
-0.000306326
-0.000280146
-0.000278139
-0.000274759
-0.000270183
-0.000264599
-0.000257762
-0.000249537
-0.000241718
-0.000228532
-0.000219132
-0.000202174
-0.000200822
-0.000198232
-0.000194702
-0.000190044
-0.00018465
-0.000177801
-0.000171335
-0.000160554
-0.000152518
-0.000145342
-0.00014397
-0.000141697
-0.000138567
-0.000134737
-0.000129927
-0.000124205
-0.000118478
-0.000109628
-0.000102582
-9.96705e-05
-9.88948e-05
-9.72487e-05
-9.49747e-05
-9.18734e-05
-8.83157e-05
-8.37214e-05
-7.92456e-05
-7.22155e-05
-6.647e-05
-6.89731e-05
-6.80348e-05
-6.65658e-05
-6.4546e-05
-6.21031e-05
-5.89713e-05
-5.52887e-05
-5.14563e-05
-4.59084e-05
-4.11053e-05
-4.36363e-05
-4.32326e-05
-4.23657e-05
-4.10847e-05
-3.93235e-05
-3.72789e-05
-3.46291e-05
-3.19568e-05
-2.79179e-05
-2.43879e-05
-2.82297e-05
-2.76874e-05
-2.69027e-05
-2.58574e-05
-2.46279e-05
-2.30026e-05
-2.11289e-05
-1.91283e-05
-1.63533e-05
-1.3801e-05
-1.44621e-05
-1.44098e-05
-1.42006e-05
-1.38791e-05
-1.34082e-05
-1.28169e-05
-1.20371e-05
-1.12158e-05
-9.82455e-06
-8.58512e-06
-5.18924e-06
-5.17383e-06
-5.2671e-06
-5.39949e-06
-5.52249e-06
-5.61944e-06
-5.67446e-06
-5.69865e-06
-5.52538e-06
-5.31666e-06
-141.222
-80.0535
-83.2431
-58.564
-39.7492
-24.4047
-13.0009
-4.73091
1.15846
5.31239
8.2282
10.2687
11.6961
12.6914
13.3831
13.8606
14.1815
14.4003
14.5008
14.5971
-8.00435
52.2358
34.4381
34.4821
28.4809
24.3217
21.1697
19.012
17.5457
16.5393
15.8278
15.3051
14.9076
14.5972
14.3522
14.1599
14.0118
13.9072
13.8308
13.8183
-51.1926
6.74906
-8.95596
1.56937
4.46898
7.2716
9.05259
10.2961
11.1667
11.7885
12.2359
12.5568
12.7846
12.9432
13.0511
13.1224
13.1679
13.1967
13.212
13.2262
-25.0824
26.0263
6.10642
12.0064
11.7134
12.2346
12.4326
12.5577
12.6252
12.6629
12.6832
12.6926
12.6942
12.6902
12.6825
12.6728
12.6629
12.6547
12.6488
12.648
-16.2953
27.6847
8.27091
12.8215
12.1509
12.3869
12.4232
12.4354
12.4156
12.381
12.3407
12.3003
12.2625
12.2285
12.1989
12.1739
12.1538
12.1389
12.1291
12.1249
-8.49018
28.8493
11.2965
14.5254
13.3931
13.1704
12.8857
12.6601
12.4638
12.2952
12.1515
12.0304
11.9297
11.8472
11.7805
11.7278
11.6876
11.6586
11.6399
11.6309
-2.90472
28.0632
12.8104
15.1517
13.8775
13.4255
12.9755
12.6194
12.3226
12.0755
11.8698
11.6993
11.5592
11.4452
11.3537
11.2819
11.2274
11.1881
11.1628
11.1504
1.20462
26.4444
13.4315
15.1247
13.8503
13.2941
12.7724
12.3564
12.0123
11.7277
11.4919
11.2971
11.1371
11.0068
10.9022
10.82
10.7573
10.7122
10.6829
10.6686
3.83401
24.2903
13.2764
14.5204
13.3437
12.7834
12.2696
11.8575
11.5167
11.2345
11.0005
10.8067
10.647
10.5166
10.4114
10.3284
10.2649
10.219
10.1892
10.1745
5.00392
21.6149
12.4556
13.436
12.4348
11.948
11.504
11.1467
10.8502
10.6039
10.3987
10.2279
10.0865
9.97022
9.87599
9.80117
9.74369
9.70196
9.67479
9.6614
4.82176
18.4578
11.0614
11.9556
11.1994
10.8495
10.5235
10.2599
10.0396
9.85512
9.70009
9.56992
9.46109
9.37088
9.29713
9.23811
9.19247
9.15915
9.13737
9.12661
3.60068
15.006
9.28113
10.2114
9.73871
9.56528
9.38785
9.24375
9.12089
9.01596
8.92594
8.84876
8.78292
8.72732
8.68109
8.64356
8.61417
8.59251
8.57825
8.57117
2.60748
11.7667
7.36889
8.3516
8.15848
8.17596
8.16095
8.14895
8.13454
8.11867
8.10183
8.08468
8.06789
8.05206
8.0377
8.02522
8.01492
8.00703
8.0017
7.99901
1.18649
8.68208
5.38865
6.47033
6.54909
6.75882
6.90638
7.02726
7.12244
7.19712
7.25515
7.29985
7.33395
7.35969
7.37887
7.39293
7.40296
7.40982
7.41407
7.4161
-1.7583
5.46802
3.37165
4.6463
4.9932
5.38543
5.68357
5.92733
6.12438
6.28385
6.41262
6.51628
6.59932
6.66536
6.71731
6.75747
6.78764
6.80914
6.82297
6.82973
-3.0021
3.14406
1.7099
3.05285
3.59161
4.12537
4.5457
4.89172
5.17511
5.40763
5.59823
5.75408
5.88096
5.9835
6.06541
6.12964
6.17847
6.21366
6.23645
6.24765
-4.32047
1.25271
0.369216
1.73422
2.39864
3.02615
3.53217
3.95305
4.30196
4.59154
4.83162
5.03013
5.19348
5.32683
5.43436
5.51938
5.5845
5.63168
5.66238
5.67749
-5.24929
-0.15559
-0.63393
0.703522
1.43327
2.10863
2.66361
3.1306
3.52247
3.8514
4.12701
4.35717
4.54831
4.70568
4.83353
4.93528
5.01364
5.07069
5.1079
5.12627
-5.20529
-1.07187
-1.2818
-0.0399424
0.696268
1.37629
1.94596
2.43188
2.84501
3.19587
3.49301
3.74356
3.95346
4.12762
4.27009
4.38415
4.47242
4.53692
4.57912
4.59998
-4.77605
-1.52962
-1.62766
-0.529835
0.165722
0.81593
1.37228
1.85432
2.2699
2.62719
2.93307
3.1935
3.41355
3.59751
3.74898
3.87092
3.96573
4.03525
4.08085
4.10343
-4.32556
-1.72163
-1.77366
-0.827423
-0.196642
0.402902
0.926761
1.38805
1.79144
2.14255
2.44644
2.70765
2.93022
3.11767
3.27298
3.39869
3.49684
3.56907
3.61656
3.64011
-3.96338
-1.77359
-1.80344
-0.992008
-0.43188
0.10845
0.58927
1.0191
1.4001
1.7357
2.02924
2.28392
2.50271
2.68828
2.84299
2.96885
3.06754
3.14039
3.18841
3.21225
-3.69573
-1.73138
-1.75803
-1.06239
-0.572036
-0.0929819
0.340014
0.732434
1.08467
1.39845
1.67567
1.91835
2.12847
2.30791
2.45838
2.5814
2.67825
2.74997
2.79735
2.8209
-3.28717
-1.62588
-1.65277
-1.06525
-0.641872
-0.223001
0.161068
0.513571
0.833682
1.12186
1.37889
1.6058
1.80373
1.97387
2.11734
2.23519
2.32833
2.3975
2.44329
2.46608
-2.87278
-1.48283
-1.51169
-1.02142
-0.660761
-0.299109
0.0371459
0.349522
0.636337
0.897121
1.1318
1.34063
1.52408
1.68275
1.81726
1.92823
2.01626
2.08181
2.1253
2.14697
-2.48105
-1.32839
-1.35696
-0.950341
-0.645734
-0.336376
-0.0449851
0.228802
0.482796
0.715898
0.927429
1.11707
1.28478
1.43067
1.55496
1.65795
1.73991
1.80111
1.84179
1.86208
-2.12513
-1.17484
-1.20122
-0.865188
-0.609421
-0.346634
-0.09615
0.141686
0.364456
0.570682
0.75929
0.929571
1.08109
1.21361
1.32704
1.4214
1.49674
1.55313
1.59068
1.60943
-1.80574
-1.02769
-1.05136
-0.77458
-0.560833
-0.338841
-0.124915
0.0801901
0.274016
0.454896
0.621528
0.772948
0.908462
1.02759
1.13
1.2155
1.28397
1.33535
1.36961
1.38674
-1.52572
-0.890673
-0.911678
-0.684305
-0.506351
-0.319655
-0.137914
0.0379059
0.205427
0.362926
0.508996
0.642532
0.762681
0.868795
0.960392
1.03712
1.09874
1.14508
1.17603
1.19152
-1.28348
-0.765508
-0.784424
-0.598056
-0.450369
-0.293923
-0.140186
0.0097857
0.153767
0.290067
0.417261
0.53419
0.639916
0.733697
0.814952
0.883236
0.938211
0.979637
1.00734
1.02122
-1.07593
-0.65353
-0.670634
-0.518115
-0.395827
-0.265093
-0.135491
-0.00808348
0.115092
0.232436
0.342567
0.444327
0.536757
0.619071
0.690637
0.750953
0.79963
0.836376
0.860984
0.87332
-0.899539
-0.5557
-0.570536
-0.445747
-0.344595
-0.23555
-0.126576
-0.0186881
0.0862869
0.186872
0.281767
0.369861
0.450212
0.522031
0.584669
0.637602
0.680413
0.712788
0.734492
0.745381
-0.750739
-0.471048
-0.483553
-0.381384
-0.29772
-0.206861
-0.1154
-0.0242695
0.064917
0.150824
0.232257
0.308177
0.377686
0.440023
0.494548
0.540737
0.578169
0.606518
0.625547
0.635099
-0.625852
-0.398374
-0.408638
-0.324891
-0.255652
-0.179978
-0.103308
-0.0264776
0.0491074
0.122259
0.191899
0.257074
0.316953
0.370815
0.418051
0.458155
0.490713
0.515407
0.531998
0.540332
-0.521421
-0.336367
-0.34456
-0.275807
-0.218446
-0.155414
-0.0911893
-0.0265041
0.037429
0.0995661
0.158948
0.214717
0.266112
0.31247
0.353222
0.387889
0.416081
0.437489
0.451887
0.459123
-0.43427
-0.283686
-0.290031
-0.23349
-0.185905
-0.133383
-0.0796001
-0.0251923
0.0288035
0.0814797
0.131993
0.17958
0.223557
0.263321
0.298351
0.328205
0.352518
0.371004
0.383445
0.389701
-0.361624
-0.239057
-0.243805
-0.197224
-0.157689
-0.113896
-0.0688605
-0.0231262
0.0224245
0.0670089
0.109893
0.150403
0.187933
0.221942
0.251959
0.277582
0.298478
0.31438
0.325093
0.330481
-0.301105
-0.201324
-0.204728
-0.166285
-0.133388
-0.0968461
-0.0591286
-0.0206999
0.0176936
0.055381
0.0917272
0.126145
0.158101
0.187115
0.212767
0.234695
0.252599
0.266239
0.275431
0.280057
-0.250707
-0.169465
-0.171766
-0.139985
-0.112569
-0.0820525
-0.050455
-0.0181712
0.0141693
0.0459945
0.0767583
0.105952
0.133109
0.157809
0.179679
0.198399
0.213699
0.225364
0.233231
0.237191
-0.208743
-0.142588
-0.144004
-0.117691
-0.0948092
-0.0693024
-0.0428219
-0.015702
0.0115278
0.0383813
0.0643914
0.0891198
0.112162
0.13315
0.151759
0.167705
0.18075
0.190704
0.197419
0.200801
-0.1738
-0.11993
-0.120651
-0.0988326
-0.0797094
-0.058372
-0.0361704
-0.0133874
0.00953226
0.0321769
0.0541483
0.0750703
0.094594
0.112401
0.128208
0.141766
0.152867
0.161342
0.167063
0.169945
-0.144699
-0.100834
-0.101023
-0.0829081
-0.0669058
-0.0490418
-0.0304195
-0.0112778
0.00801032
0.0270968
0.0456431
0.0633281
0.079852
0.0949402
0.108347
0.119856
0.129286
0.13649
0.141355
0.143806
-0.120463
-0.0847451
-0.0845382
-0.0694791
-0.0560729
-0.0411056
-0.0254784
-0.00939353
0.00683658
0.0229183
0.0385645
0.0535016
0.0674732
0.0802434
0.0916002
0.101357
0.109357
0.11547
0.119601
0.121682
-0.100274
-0.0711899
-0.0706977
-0.0581658
-0.0469232
-0.0343742
-0.0212549
-0.00773625
0.00591997
0.0194663
0.0326598
0.0452681
0.0570722
0.0678705
0.0774808
0.0857428
0.09252
0.097702
0.101204
0.102969
-0.0834432
-0.0597679
-0.059081
-0.0486427
-0.0392062
-0.0286783
-0.01766
-0.0062961
0.0051943
0.0166028
0.0277241
0.038361
0.0483274
0.0574511
0.0655763
0.0725653
0.0783013
0.0826884
0.085654
0.0871488
-0.0694074
-0.0501422
-0.0493327
-0.0406317
-0.0327054
-0.0238683
-0.0146112
-0.00505682
0.00461141
0.0142181
0.0235899
0.0325599
0.0409702
0.048674
0.0555384
0.0614459
0.066296
0.070007
0.0725159
0.0737807
-0.0577047
-0.0420323
-0.0411548
-0.0338969
-0.0272349
-0.0198135
-0.0120337
-0.00399922
0.00413609
0.0122247
0.0201205
0.0276823
0.0347762
0.0412776
0.0470733
0.052063
0.0561612
0.0592975
0.0614185
0.0624878
-0.0479457
-0.0351999
-0.0342957
-0.0282381
-0.0226358
-0.0164008
-0.00986059
-0.00310318
0.00374257
0.0105526
0.0172037
0.0235766
0.029558
0.0350422
0.039933
0.0441452
0.0476057
0.0502547
0.0520464
0.0529498
-0.0398049
-0.0294437
-0.0285441
-0.023486
-0.0187727
-0.0135328
-0.0080333
-0.00234912
0.00341179
0.00914506
0.0147469
0.0201167
0.0251585
0.029783
0.0339085
0.0374626
0.0403832
0.0426194
0.044132
0.0448947
-0.0330126
-0.024595
-0.0237226
-0.0194975
-0.015531
-0.011126
-0.0065007
-0.00171865
0.00312961
0.00795628
0.012674
0.0171977
0.0214466
0.025345
0.0288236
0.0318213
0.0342852
0.0361719
0.0374484
0.038092
-0.0273473
-0.0205127
-0.0196828
-0.0161525
-0.0128135
-0.0091095
-0.00521864
-0.00119502
0.00288543
0.00694885
0.0109216
0.0147322
0.0183122
0.0215977
0.0245302
0.0270576
0.0291354
0.0307269
0.0318035
0.0323464
-0.0226246
-0.0170785
-0.0163004
-0.0133497
-0.0105381
-0.00742279
-0.00414916
-0.000763234
0.00267125
0.00609217
0.00943754
0.0126471
0.015663
0.0184314
0.0209029
0.0230334
0.0247852
0.0261269
0.027035
0.0274928
-0.0186917
-0.0141927
-0.0134711
-0.0110037
-0.00863546
-0.00601461
-0.00325974
-0.000410047
0.00248098
0.00536109
0.0081781
0.0108812
0.0134217
0.0157541
0.0178367
0.0196322
0.0211087
0.02224
0.0230053
0.0233913
-0.0154209
-0.0117709
-0.0111069
-0.00904248
-0.00704691
-0.00484139
-0.00252259
-0.000123828
0.00230999
0.00473491
0.00710703
0.00938354
0.0115234
0.0134883
0.0152429
0.0167559
0.0180003
0.0189535
0.0195989
0.0199241
-0.012699
-0.009739
-0.00913279
-0.00740473
-0.00572264
-0.00386614
-0.00191395
0.000105547
0.00215469
0.00419651
0.00619406
0.00811129
0.00991367
0.0115688
0.013047
0.0143218
0.0153702
0.0161738
0.0167173
0.0169916
-0.0104333
-0.00803491
-0.00748571
-0.00603883
-0.00462062
-0.00305751
-0.00141364
0.000286844
0.00201233
0.00373172
0.00541392
0.0070286
0.00854667
0.00994085
0.0111861
0.0122601
0.0131436
0.0138203
0.0142787
0.0145096
-0.00855089
-0.00660835
-0.00611359
-0.00490163
-0.00370553
-0.00238908
-0.00100453
0.000427593
0.00188074
0.00332875
0.00474548
0.0061054
0.00738402
0.00855835
0.00960734
0.0105121
0.0112563
0.011827
0.0122127
0.0124075
-0.00698994
-0.00541659
-0.00497259
-0.00395677
-0.00294758
-0.00183852
-0.000672088
0.00053425
0.00175822
0.00297782
0.00417106
0.00531646
0.00639342
0.00738259
0.00826617
0.00902836
0.00965553
0.0101358
0.0104614
0.0106253
-0.00569726
-0.00442262
-0.00402543
-0.00317342
-0.00232157
-0.00138692
-0.000404008
0.000612337
0.00164342
0.00267075
0.00367583
0.00464061
0.00554773
0.00638093
0.00712527
0.00776732
0.00829548
0.00870073
0.00897448
0.00911275
-0.00462655
-0.0035945
-0.00324051
-0.00252551
-0.00180621
-0.00101832
-0.00018986
0.000666564
0.00153527
0.00240073
0.00324738
0.00406005
0.00482415
0.00552598
0.00615294
0.00669383
0.00713901
0.00747981
0.0077111
0.00782739
-0.00374123
-0.0029058
-0.00259138
-0.0019911
-0.00138357
-0.000719234
-2.08385e-05
0.000700926
0.00143291
0.00216205
0.00287528
0.00355984
0.00420346
0.00479464
0.0053228
0.00577843
0.00615323
0.00644103
0.00663524
0.00673342
-0.00301001
-0.00233417
-0.00205587
-0.00155176
-0.00103856
-0.000478336
0.000110476
0.000718802
0.00133561
0.00194992
0.00255077
0.00312741
0.00366954
0.00416749
0.00461233
0.00499615
0.00531215
0.00555392
0.00571824
0.00580073
-0.00240703
-0.0018606
-0.00161536
-0.00119202
-0.000758542
-0.000286112
0.000210313
0.000723027
0.00124277
0.00176032
0.00226646
0.00275216
0.00320877
0.00362816
0.00400286
0.00432614
0.00459205
0.00479646
0.00493418
0.00500391
-0.00191199
-0.00146974
-0.00125454
-0.000899023
-0.000532956
-0.000134602
0.000283891
0.000715977
0.00115388
0.00158986
0.00201616
0.0024252
0.00280971
0.00316288
0.00347838
0.00375064
0.00397489
0.00414632
0.00426308
0.00432157
-0.00150717
-0.00114879
-0.000960875
-0.000662127
-0.000353018
-1.71582e-05
0.000335577
0.000699638
0.00106851
0.00143567
0.00179463
0.00213901
0.00246272
0.00276003
0.00302569
0.0032549
0.00344343
0.00358858
0.00368615
0.00373566
-0.00118044
-0.000886417
-0.000723425
-0.000472109
-0.000211195
7.18833e-05
0.000369075
0.000675693
0.00098627
0.00129535
0.00159746
0.00188727
0.00215967
0.00240984
0.00263335
0.00282625
0.00298524
0.00310662
0.00318955
0.00323098
-0.000914808
-0.000673428
-0.000532622
-0.000321288
-0.000101196
0.000137249
0.000387478
0.000645539
0.000906855
0.00116685
0.00142094
0.00166465
0.00189369
0.00210405
0.00229203
0.00245426
0.00258766
0.00269061
0.00275958
0.00279469
-0.000699303
-0.000501447
-0.000380385
-0.000202971
-1.76015e-05
0.000182988
0.000393422
0.000610366
0.000829986
0.00104844
0.0012619
0.00146662
0.001659
0.00183568
0.00199354
0.00212982
0.00224226
0.00232792
0.00238673
0.00241599
-0.000526208
-0.000364193
-0.000260488
-0.000111836
4.39846e-05
0.000212421
0.000389079
0.000571146
0.000755412
0.000938666
0.00111769
0.00128937
0.00145069
0.00159884
0.00173127
0.00184559
0.00193957
0.00201234
0.00206086
0.00208569
-0.000388352
-0.000256035
-0.000167584
-4.33616e-05
8.72625e-05
0.000228333
0.000376261
0.00052868
0.000682906
0.000836256
0.000986043
0.00112966
0.00126461
0.00138855
0.00149931
0.00159497
0.001674
0.00173405
0.00177556
0.0017961
-0.000280216
-0.000172334
-9.72496e-05
6.20282e-06
0.000115309
0.000233039
0.000356471
0.00048362
0.000612251
0.000740128
0.000865016
0.000984746
0.00109724
0.00120057
0.00129297
0.00137277
0.00143835
0.00148938
0.00152316
0.00154061
-0.000196441
-0.000108927
-4.56223e-05
4.00972e-05
0.000130757
0.000228505
0.000330976
0.00043651
0.000543255
0.000649356
0.00075296
0.000852273
0.000945585
0.0010313
0.00110792
0.00117415
0.00122899
0.00127047
0.00129944
0.00131367
-0.000133092
-6.24209e-05
-9.498e-06
6.10285e-05
0.000135811
0.000216383
0.000300835
0.000387795
0.000475737
0.000563131
0.000648457
0.00073024
0.000807076
0.000877668
0.000940835
0.000995432
0.00104028
0.00107543
0.00109845
0.00111048
-8.61927e-05
-2.97345e-05
1.39516e-05
7.13623e-05
0.000132384
0.00019809
0.000266954
0.00033785
0.000409533
0.000480759
0.000550285
0.000616917
0.000679521
0.000737048
0.000788498
0.000833013
0.000869979
0.000897733
0.000917421
0.000926964
-5.29251e-05
-8.37399e-06
2.70718e-05
7.30777e-05
0.000122082
0.00017482
0.000230087
0.000286976
0.000344486
0.000401619
0.00045738
0.000510814
0.000561016
0.000607156
0.000648479
0.000684215
0.000713499
0.000736701
0.000751579
0.000759514
-3.02593e-05
3.99446e-06
3.19721e-05
6.79289e-05
0.00010631
0.000147603
0.000190877
0.000235417
0.000280437
0.000325154
0.00036879
0.000410601
0.000449885
0.000485996
0.000518293
0.000546241
0.000569522
0.000586683
0.000599142
0.000605048
-1.62028e-05
9.19468e-06
3.03667e-05
5.73605e-05
8.62338e-05
0.000117294
0.000149849
0.000183353
0.000217217
0.000250847
0.00028366
0.000315098
0.000344634
0.000371785
0.000396112
0.00041714
0.000434188
0.000447878
0.000456216
0.000460802
-8.15338e-06
9.24071e-06
2.40483e-05
4.28699e-05
6.30536e-05
8.47754e-05
0.000107549
0.000130988
0.000154678
0.000178204
0.000201153
0.00022314
0.000243804
0.000262812
0.000279821
0.000294475
0.000306713
0.00031515
0.000321378
0.000324569
-5.46617e-06
4.76681e-06
1.37193e-05
2.507e-05
3.72794e-05
5.04249e-05
6.421e-05
7.83994e-05
9.27408e-05
0.000106981
0.000120874
0.000134187
0.000146711
0.000158255
0.000168609
0.000177613
0.000184533
0.000189945
0.000193348
0.000195394
-4.56183e-06
-1.14065e-06
2.12434e-06
6.28031e-06
1.07663e-05
1.5595e-05
2.06594e-05
2.58732e-05
3.11444e-05
3.638e-05
4.14892e-05
4.63857e-05
5.09916e-05
5.52674e-05
5.91212e-05
6.26676e-05
6.53136e-05
6.76071e-05
6.86016e-05
6.9131e-05
1.46635
8.93644
7.63231
10.0869
10.7016
11.4526
11.9455
12.336
12.6236
12.8314
12.9894
13.1146
13.2156
13.2968
13.3607
13.41
13.4454
13.4746
13.4749
13.5031
-12.164
8.52699
3.09715
9.185
9.94655
11.3574
12.136
12.7196
13.1049
13.3498
13.5123
13.625
13.704
13.7598
13.7981
13.825
13.8401
13.8652
13.8271
13.892
-25.2755
7.51211
-1.25143
8.13574
9.19465
11.2083
12.2928
13.0725
13.5574
13.8383
14.0095
14.1111
14.1696
14.2019
14.2159
14.2213
14.2161
14.2365
14.1638
14.2609
-37.5746
5.53043
-5.31153
6.83753
8.43314
10.9734
12.3981
13.3716
13.9566
14.2788
14.4614
14.5546
14.596
14.6082
14.5993
14.5843
14.559
14.5747
14.4732
14.5956
-48.6243
2.5611
-8.95163
5.38156
7.6933
10.7297
12.4629
13.5924
14.2856
14.6546
14.8515
14.9399
14.9688
14.9637
14.9336
14.8999
14.8564
14.8668
14.744
14.8824
-59.1889
-2.93549
-12.5892
3.17535
6.63548
10.1783
12.3335
13.6852
14.4796
14.9156
15.1418
15.2372
15.2631
15.2462
15.2011
15.153
15.095
15.1
14.9649
15.1087
-66.0906
-6.32426
-14.4622
2.72362
6.66251
10.2896
12.4884
13.8712
14.7102
15.1785
15.411
15.4957
15.5081
15.4725
15.409
15.3443
15.2719
15.2668
15.1274
15.2643
-78.5764
-20.1434
-22.8475
-3.9246
2.88397
7.72126
10.8255
12.7989
14.031
14.7598
15.1707
15.3751
15.4631
15.4763
15.4449
15.3997
15.3404
15.3382
15.2131
15.3363
-73.039
-1.08109
-8.49229
4.74099
9.09003
11.9491
13.7738
14.8999
15.5471
15.8668
15.9813
15.9648
15.8875
15.7729
15.6486
15.5334
15.4262
15.3798
15.2486
15.335
-109.925
-23.0145
-22.5979
-5.97088
1.8811
7.0057
10.3262
12.4814
13.8382
14.6519
15.1104
15.3373
15.4282
15.431
15.3931
15.3385
15.2758
15.2476
15.1552
15.2174
77.5475
81.7422
70.871
62.0084
52.7911
43.9615
35.5915
27.4696
19.4911
11.584
55.4417
54.2241
46.7488
41.4618
36.0717
30.572
25.2326
20.005
14.8684
9.77999
75.2702
74.2228
67.2384
60.278
52.5687
44.4556
36.1665
27.7951
19.3994
10.9879
73.0699
68.3713
61.7802
55.1525
48.1284
40.784
33.2362
25.568
17.851
10.0982
75.7361
70.0918
63.5941
56.6935
49.4072
41.7863
33.9217
25.8934
17.7867
9.61698
83.6312
76.7729
69.5285
61.7661
53.6285
45.1393
36.3776
27.419
18.3614
9.21679
52.7498
48.1673
43.633
38.706
33.5967
28.2867
22.8327
17.2884
11.7413
6.1744
235.295
215.113
193.906
171.145
147.227
122.234
96.3491
69.7597
42.6981
15.3693
-339.191
-310.861
-279.291
-246.351
-211.71
-175.694
-138.478
-100.251
-61.183
-21.0934
-173.915
-161.364
-146.223
-130.628
-113.857
-96.0976
-77.4163
-57.8673
-38.078
-16.7918
69.5116
70.2252
71.7153
74.2055
77.6727
81.6374
85.3136
86.289
73.8871
72.0309
79.6023
80.424
82.0003
84.4578
87.6603
91.2119
94.3795
96.1428
89.4474
93.9726
84.8078
85.0393
85.3133
85.7487
86.1775
86.3687
85.993
84.6302
80.6532
82.7102
91.9992
92.2013
92.2948
92.4578
92.4816
92.1838
91.2674
89.3713
85.6251
83.1353
97.7487
97.7827
97.3954
96.8896
96.0366
94.7365
92.8085
90.0987
86.304
82.5072
113.053
112.919
112.032
110.871
109.169
106.894
103.93
100.217
95.5203
90.3999
71.1557
71.3415
70.69
69.9752
68.8649
67.3906
65.4728
63.117
60.059
56.9165
342.426
340.561
336.121
330.078
322.03
312.101
300.277
286.669
271.018
254.065
-497.017
-493.011
-487.315
-478.003
-465.906
-450.943
-433.285
-412.949
-390.607
-365.368
-248.653
-246.331
-243.873
-239.592
-234.157
-227.46
-219.585
-210.501
-200.339
-188.866
29.2546
29.2379
29.2045
29.1546
29.0884
29.0061
28.908
28.796
28.6651
28.5304
29.4005
29.3827
29.3472
29.2944
29.2246
29.1388
29.036
28.9244
28.7779
28.6525
29.7256
29.7069
29.6696
29.6139
29.5398
29.4485
29.3363
29.2236
29.0396
28.925
30.2293
30.2091
30.1687
30.1082
30.0272
29.9273
29.8003
29.6869
29.4423
29.343
30.9539
30.9319
30.8877
30.8212
30.732
30.6221
30.4767
30.3678
30.0302
29.9377
31.9347
31.9117
31.8652
31.7949
31.7008
31.5883
31.4329
31.3389
30.8643
30.7456
33.1825
33.1655
33.1317
33.0812
33.0141
32.9342
32.8058
32.7756
32.1259
31.8157
34.8826
34.8693
34.8434
34.8061
34.7585
34.7093
34.5968
34.9358
34.093
33.099
37.359
37.3389
37.2997
37.243
37.1701
37.0877
36.9346
37.1911
35.8447
34.5968
41.0314
40.988
40.9009
40.7693
40.59
40.3466
40.0422
39.5963
36.9107
35.5399
46.4522
46.372
46.2095
45.9594
45.6054
45.1137
44.3984
42.7047
35.0843
34.1293
53.995
53.8465
53.5328
53.0268
52.298
51.3126
48.8129
41.5706
30.5569
31.0266
64.0699
63.7737
63.1287
62.0645
60.5485
56.979
45.6219
29.9824
25.9205
28.2761
76.4067
76.1491
74.5258
68.745
61.8165
49.4442
32.7969
26.2203
23.4862
28.2665
79.4948
79.5609
79.8459
71.4357
55.6307
39.6299
30.22
28.942
26.9201
33.2369
81.9241
78.1634
70.025
57.5905
46.376
39.897
36.4593
36.159
33.7253
42.0925
70.7227
67.6787
62.3387
56.1064
50.1081
45.6157
42.8761
44.1324
41.3307
53.2016
62.0181
60.1931
57.1623
54.0233
51.9406
51.1558
52.4353
60.3574
60.0688
77.154
75.935
75.3759
74.5513
73.9376
73.7502
74.3702
74.2435
76.9499
67.5662
69.2249
56.7996
56.6119
56.5679
57.554
60.3262
65.5032
73.1148
84.6306
88.4403
96.6542
28.2502
27.6026
27.0165
26.3585
25.6997
25.0475
24.4182
23.8222
23.2669
22.757
22.2954
21.8831
21.5204
21.2066
20.9407
20.7216
20.548
20.4189
20.3333
20.2907
28.3902
27.6388
27.0539
26.3624
25.6842
25.0157
24.375
23.7713
23.2114
22.6993
22.2371
21.8253
21.4638
21.1516
20.8874
20.6699
20.4978
20.3698
20.285
20.2427
28.6895
27.7147
27.1289
26.3673
25.6491
24.9479
24.2845
23.6658
23.0971
22.5806
22.1173
21.7066
21.3474
21.0382
20.7772
20.5628
20.3933
20.2674
20.1841
20.1426
29.1441
27.8087
27.2243
26.3552
25.5789
24.8313
24.137
23.4989
22.9195
22.3987
21.9353
21.5275
21.1728
20.8688
20.6131
20.4036
20.2383
20.1158
20.0347
19.9944
29.7598
27.8946
27.3168
26.3012
25.4521
24.6484
23.9191
23.2607
22.6717
22.1488
21.6884
21.2864
20.9392
20.6431
20.3952
20.1926
20.0333
19.9153
19.8374
19.7987
30.5233
27.9195
27.365
26.1663
25.2379
24.3759
23.6139
22.9394
22.3461
21.8267
21.3742
20.9827
20.6469
20.3623
20.1249
19.9316
19.78
19.6679
19.5939
19.5572
31.344
27.7875
27.3054
25.8972
24.8977
23.9862
23.2029
22.5236
21.9361
21.4287
20.9916
20.6167
20.2972
20.0279
19.8042
19.6227
19.4805
19.3756
19.3065
19.2722
31.9828
27.3498
27.0551
25.4275
24.3883
23.4517
22.6697
22.0043
21.4377
20.9542
20.5416
20.1903
19.8927
19.6428
19.436
19.2685
19.1375
19.041
18.9775
18.9459
32.7073
26.3562
26.5216
24.6847
23.669
22.7508
22.0049
21.3791
20.8524
20.4066
20.0286
19.7082
19.4377
19.2111
19.0238
18.8723
18.7539
18.6667
18.6093
18.5808
33.4079
24.4832
25.577
23.5999
22.7144
21.8788
21.2134
20.6569
20.1899
19.7952
19.4608
19.1774
18.9382
18.7377
18.5719
18.4377
18.3328
18.2555
18.2045
18.1792
32.9416
21.4252
24.1289
22.1687
21.5494
20.8665
20.3242
19.8622
19.47
19.1357
18.8505
18.6076
18.4016
18.2284
18.0848
17.9683
17.877
17.8096
17.7651
17.743
31.4151
17.4681
22.387
20.5415
20.2838
19.7928
19.3938
19.0351
18.7216
18.4486
18.2124
18.0091
17.8354
17.6885
17.5662
17.4666
17.3884
17.3305
17.2923
17.2733
30.046
13.2415
20.7743
18.9816
19.0901
18.7699
18.4954
18.2241
17.9764
17.755
17.5603
17.391
17.2454
17.1217
17.0184
16.9342
16.8679
16.8189
16.7865
16.7703
30.9288
9.81425
19.9317
17.8553
18.1831
17.9242
17.7047
17.4746
17.262
17.0713
16.9036
16.7582
16.6337
16.5284
16.441
16.3701
16.3146
16.2737
16.2467
16.2332
35.3148
7.90822
20.2165
17.3573
17.6622
17.3049
17.044
16.7947
16.579
16.3938
16.2366
16.1042
15.9937
15.9026
15.8287
15.7702
15.7252
15.6925
15.671
15.6601
42.7268
8.21913
22.0455
17.8122
17.7307
17.0426
16.5973
16.2387
15.9611
15.7426
15.5697
15.4329
15.3256
15.2424
15.1789
15.1314
15.0969
15.0727
15.0572
15.0487
50.5642
7.9298
22.6364
17.1418
16.8705
16.0654
15.6083
15.2684
15.0207
14.8348
14.6955
14.5932
14.5205
14.4713
14.4398
14.421
14.4106
14.4049
14.4023
14.3981
73.378
23.6771
34.6815
25.0018
22.0031
19.3058
17.5771
16.3681
15.5213
14.9219
14.4996
14.2071
14.0101
13.8821
13.8028
13.7563
13.7311
13.7173
13.7126
13.7018
27.4637
-22.5045
-7.00156
-6.12761
-0.643268
3.03888
5.77519
7.66115
8.98121
9.9318
10.6455
11.2042
11.6548
12.0229
12.3234
12.5638
12.7511
12.8847
12.9819
13.0017
151.887
95.4186
97.1276
74.4422
57.3528
43.8598
34.0807
27.157
22.336
19.0074
16.724
15.171
14.121
13.4182
12.9514
12.6425
12.4442
12.3104
12.2651
12.1909
126.616
41.5987
42.5267
27.2271
20.4618
16.1124
13.4959
11.946
11.0947
10.6794
10.5413
10.5835
10.7123
10.8912
11.0772
11.2445
11.3898
11.4789
11.6081
11.562
90.5947
18.8571
28.159
16.0536
12.9277
10.9302
9.87704
9.39644
9.2796
9.36994
9.57835
9.87095
10.1852
10.496
10.7758
11.0079
11.2003
11.3124
11.4801
11.411
96.1913
37.5835
42.7416
24.7927
19.2417
15.2384
12.8911
11.5413
10.8115
10.4711
10.3704
10.4364
10.5905
10.7752
10.9598
11.1182
11.2591
11.3288
11.4878
11.3821
83.731
24.1043
34.3744
18.2112
15.57
12.7133
11.2627
10.4719
10.1187
10.0337
10.1054
10.2866
10.5161
10.748
10.9591
11.1455
11.3009
11.3747
11.5476
11.4287
76.5203
20.5501
32.4986
17.7051
15.503
12.7967
11.3921
10.6376
10.3418
10.2731
10.3493
10.5209
10.7332
10.9486
11.1447
11.3138
11.4568
11.5184
11.6874
11.562
65.7862
15.1979
28.872
15.5081
14.5211
12.2817
11.2436
10.7081
10.5244
10.5156
10.6239
10.8005
11.0051
11.2078
11.391
11.5463
11.6777
11.7307
11.8886
11.7692
54.5546
12.3051
25.2085
14.0321
13.7829
11.9956
11.2932
10.928
10.836
10.8759
11.0016
11.173
11.3612
11.5439
11.7073
11.8445
11.96
12.0058
12.1434
12.0403
42.132
10.4065
21.131
12.8042
13.0076
11.7716
11.3926
11.2195
11.2191
11.3072
11.4451
11.6077
11.7765
11.936
12.0768
12.1934
12.2905
12.3312
12.4407
12.3631
28.9413
9.4464
16.7698
11.8087
12.229
11.6295
11.5535
11.5618
11.661
11.7907
11.9372
12.0886
12.2354
12.3694
12.4852
12.58
12.657
12.6938
12.7696
12.724
15.2753
9.0928
12.2294
10.9307
11.462
11.5341
11.7437
11.9433
12.1358
12.3052
12.4581
12.5965
12.7205
12.8282
12.9181
12.9903
13.0466
13.0797
13.1183
13.1089
)
;

boundaryField
{
    down
    {
        type            symmetry;
    }
    right
    {
        type            fixedValue;
        value           uniform 0;
    }
    up
    {
        type            symmetry;
    }
    left
    {
        type            zeroGradient;
    }
    cylinder
    {
        type            symmetry;
    }
    defaultFaces
    {
        type            empty;
    }
}


// ************************************************************************* //
