/*--------------------------------*- C++ -*----------------------------------*\
  =========                 |
  \\      /  F ield         | OpenFOAM: The Open Source CFD Toolbox
   \\    /   O peration     | Website:  https://openfoam.org
    \\  /    A nd           | Version:  10
     \\/     M anipulation  |
\*---------------------------------------------------------------------------*/
FoamFile
{
    format      ascii;
    class       volScalarField;
    location    "2.64e-05";
    object      nut;
}
// * * * * * * * * * * * * * * * * * * * * * * * * * * * * * * * * * * * * * //

dimensions      [0 2 -1 0 0 0 0];

internalField   nonuniform List<scalar> 
7600
(
0.000394635
0.00069391
0.000718735
0.00114713
0.00159996
0.00214709
0.00281965
0.00371504
0.00647888
0.0044455
0.000406395
0.0006535
0.000728599
0.00114837
0.00159737
0.00213174
0.00275418
0.0034359
0.00462274
0.00383693
0.000419653
0.000619304
0.000739312
0.0011495
0.00159286
0.0021118
0.00269461
0.00329517
0.00427689
0.00396031
0.000433196
0.000590387
0.000749788
0.00115022
0.0015886
0.0020972
0.00266135
0.00324266
0.00417295
0.00413126
0.000446782
0.000565944
0.000760047
0.00115122
0.00158656
0.00209075
0.0026509
0.00323987
0.00415199
0.0043055
0.000459926
0.000545377
0.000769869
0.00115268
0.00158696
0.00209092
0.00265508
0.00326181
0.00415499
0.00446463
0.00047198
0.000528106
0.000778886
0.00115462
0.00158895
0.00209476
0.00266672
0.00329319
0.00415961
0.00459863
0.000482163
0.000513806
0.000787115
0.00115689
0.00159161
0.00210043
0.00268058
0.00332424
0.0041577
0.0047024
0.000490144
0.000502066
0.000794336
0.00115911
0.00159457
0.0021064
0.00269254
0.00334894
0.00414719
0.00477385
0.000494691
0.000492227
0.000799816
0.00116058
0.00159703
0.00211053
0.00269982
0.00336345
0.00412791
0.00481279
0.000330905
0.00124194
0.000646555
0.0011057
0.00154385
0.00205417
0.00263079
0.00326638
0.00393297
0.00497881
0.00033287
0.00122602
0.000649303
0.00110827
0.00154676
0.00205758
0.00263499
0.00327264
0.00392283
0.00497255
0.000335265
0.00117534
0.000651944
0.00110964
0.00154867
0.00206042
0.00263956
0.0032817
0.00389994
0.00495857
0.000339024
0.00111205
0.0006563
0.00111245
0.00155219
0.00206514
0.00264619
0.00329335
0.00386391
0.00493606
0.000343975
0.0010417
0.000662006
0.00111607
0.00155671
0.00207091
0.00265325
0.00330473
0.00381178
0.00490025
0.000350184
0.000970722
0.000669017
0.00112044
0.00156225
0.00207766
0.00266038
0.00331308
0.00373857
0.0048396
0.000357715
0.000903184
0.000677207
0.00112547
0.00156881
0.002086
0.00266872
0.00331746
0.00363958
0.00473386
0.00036664
0.000841361
0.000686439
0.00113106
0.00157655
0.00209733
0.00268257
0.00332432
0.00351315
0.00455162
0.000376929
0.000785788
0.000696324
0.00113637
0.00158482
0.00211331
0.00271067
0.00335943
0.00336805
0.0042291
0.000388828
0.000738793
0.000707433
0.0011422
0.00159401
0.00213384
0.0027666
0.00351453
0.0033471
0.00434377
0.00684976
0.00925824
0.0118701
0.0139813
0.0156054
0.0168184
0.0177171
0.0183852
0.0188874
0.019268
0.019568
0.019797
0.0199781
0.0201231
0.0202397
0.0203341
0.0204111
0.0204744
0.0205266
0.0205698
0.0206058
0.0206357
0.0206608
0.0206818
0.0206994
0.0207142
0.0207267
0.0207372
0.020746
0.0207535
0.0207598
0.0207651
0.0207696
0.0207734
0.0207767
0.0207794
0.0207816
0.0207836
0.0207852
0.0207866
0.0207877
0.0207887
0.0207895
0.0207902
0.0207907
0.0207912
0.0207916
0.020792
0.0207923
0.0207925
0.0207927
0.0207929
0.020793
0.0207931
0.0207931
0.0207932
0.0207932
0.0207932
0.0207932
0.0207932
0.0207932
0.0207932
0.0207932
0.0207932
0.0207933
0.0207933
0.0207933
0.0207933
0.0207933
0.0207934
0.0207934
0.0207934
0.0207934
0.0207934
0.0207934
0.0207934
0.0207932
0.0207913
0.0207895
0.0207851
0.00688437
0.00922192
0.0118522
0.0139603
0.0155857
0.0168012
0.0177027
0.0183737
0.018878
0.0192622
0.019559
0.0197917
0.0199736
0.0201194
0.0202368
0.0203317
0.0204091
0.0204727
0.0205252
0.0205687
0.0206049
0.020635
0.0206602
0.0206813
0.020699
0.0207139
0.0207264
0.020737
0.0207459
0.0207534
0.0207597
0.0207651
0.0207696
0.0207734
0.0207766
0.0207793
0.0207816
0.0207835
0.0207852
0.0207865
0.0207877
0.0207887
0.0207895
0.0207902
0.0207907
0.0207912
0.0207916
0.020792
0.0207923
0.0207925
0.0207927
0.0207929
0.020793
0.0207931
0.0207931
0.0207932
0.0207932
0.0207932
0.0207932
0.0207932
0.0207932
0.0207932
0.0207932
0.0207932
0.0207933
0.0207933
0.0207933
0.0207933
0.0207933
0.0207934
0.0207934
0.0207934
0.0207934
0.0207934
0.0207934
0.0207934
0.0207932
0.0207913
0.0207895
0.0207851
0.00695664
0.00915145
0.0118176
0.0139192
0.0155467
0.016767
0.017674
0.0183502
0.0188589
0.0192479
0.0195408
0.0197806
0.0199646
0.0201121
0.0202309
0.0203268
0.0204051
0.0204695
0.0205226
0.0205665
0.0206031
0.0206335
0.020659
0.0206803
0.0206982
0.0207132
0.0207259
0.0207365
0.0207455
0.0207531
0.0207595
0.0207649
0.0207694
0.0207733
0.0207765
0.0207792
0.0207815
0.0207835
0.0207851
0.0207865
0.0207877
0.0207886
0.0207895
0.0207901
0.0207907
0.0207912
0.0207916
0.020792
0.0207923
0.0207925
0.0207927
0.0207929
0.020793
0.0207931
0.0207931
0.0207932
0.0207932
0.0207932
0.0207932
0.0207932
0.0207932
0.0207932
0.0207932
0.0207932
0.0207933
0.0207933
0.0207933
0.0207933
0.0207933
0.0207934
0.0207934
0.0207934
0.0207934
0.0207934
0.0207934
0.0207934
0.0207932
0.0207913
0.0207896
0.0207851
0.00707222
0.00905134
0.0117686
0.0138597
0.0154896
0.0167164
0.0176309
0.0183146
0.0188299
0.0192246
0.0195225
0.0197608
0.019951
0.0201009
0.0202218
0.0203194
0.020399
0.0204644
0.0205184
0.0205631
0.0206003
0.0206312
0.0206571
0.0206788
0.0206969
0.0207122
0.020725
0.0207358
0.0207449
0.0207526
0.0207591
0.0207646
0.0207692
0.0207731
0.0207763
0.0207791
0.0207814
0.0207834
0.0207851
0.0207865
0.0207876
0.0207886
0.0207894
0.0207901
0.0207907
0.0207912
0.0207916
0.020792
0.0207922
0.0207925
0.0207927
0.0207929
0.020793
0.0207931
0.0207931
0.0207932
0.0207932
0.0207932
0.0207932
0.0207932
0.0207932
0.0207932
0.0207932
0.0207932
0.0207933
0.0207933
0.0207933
0.0207933
0.0207933
0.0207934
0.0207934
0.0207934
0.0207934
0.0207934
0.0207934
0.0207934
0.0207932
0.0207913
0.0207896
0.0207851
0.00723801
0.00892816
0.0117084
0.0137843
0.015416
0.0166502
0.0175739
0.0182668
0.0187909
0.0191919
0.0195037
0.0197348
0.0199312
0.0200855
0.0202094
0.0203092
0.0203906
0.0204576
0.0205128
0.0205585
0.0205965
0.0206282
0.0206546
0.0206767
0.0206952
0.0207108
0.0207239
0.0207349
0.0207442
0.020752
0.0207586
0.0207642
0.0207688
0.0207728
0.0207761
0.0207789
0.0207813
0.0207833
0.020785
0.0207864
0.0207876
0.0207886
0.0207894
0.0207901
0.0207907
0.0207912
0.0207916
0.0207919
0.0207922
0.0207925
0.0207927
0.0207929
0.020793
0.0207931
0.0207931
0.0207932
0.0207932
0.0207932
0.0207932
0.0207932
0.0207932
0.0207932
0.0207932
0.0207932
0.0207933
0.0207933
0.0207933
0.0207933
0.0207933
0.0207933
0.0207934
0.0207934
0.0207934
0.0207934
0.0207934
0.0207934
0.0207932
0.0207913
0.0207896
0.0207852
0.00745759
0.00879095
0.0116397
0.0136963
0.0153283
0.0165697
0.0175034
0.0182067
0.0187406
0.0191495
0.0194713
0.0197122
0.0199047
0.0200632
0.0201931
0.020296
0.0203797
0.0204487
0.0205056
0.0205526
0.0205917
0.0206242
0.0206513
0.020674
0.020693
0.020709
0.0207224
0.0207337
0.0207432
0.0207512
0.020758
0.0207636
0.0207684
0.0207725
0.0207759
0.0207787
0.0207811
0.0207832
0.0207849
0.0207863
0.0207875
0.0207885
0.0207894
0.0207901
0.0207907
0.0207912
0.0207916
0.0207919
0.0207922
0.0207925
0.0207927
0.0207929
0.020793
0.0207931
0.0207931
0.0207932
0.0207932
0.0207932
0.0207932
0.0207932
0.0207932
0.0207932
0.0207932
0.0207932
0.0207933
0.0207933
0.0207933
0.0207933
0.0207933
0.0207933
0.0207934
0.0207934
0.0207934
0.0207934
0.0207934
0.0207934
0.0207932
0.0207913
0.0207896
0.0207852
0.00771443
0.00865119
0.0115646
0.0135995
0.0152294
0.0164764
0.0174197
0.0181339
0.0186786
0.0190976
0.0194247
0.0196851
0.0198796
0.0200389
0.020168
0.0202773
0.0203656
0.0204374
0.0204964
0.0205451
0.0205855
0.0206192
0.0206472
0.0206707
0.0206903
0.0207068
0.0207206
0.0207322
0.020742
0.0207502
0.0207572
0.020763
0.0207679
0.020772
0.0207755
0.0207785
0.0207809
0.020783
0.0207847
0.0207862
0.0207874
0.0207885
0.0207893
0.0207901
0.0207907
0.0207912
0.0207916
0.0207919
0.0207922
0.0207925
0.0207927
0.0207928
0.020793
0.0207931
0.0207931
0.0207932
0.0207932
0.0207932
0.0207932
0.0207932
0.0207932
0.0207932
0.0207932
0.0207932
0.0207933
0.0207933
0.0207933
0.0207933
0.0207933
0.0207933
0.0207934
0.0207934
0.0207934
0.0207934
0.0207934
0.0207934
0.0207932
0.0207913
0.0207896
0.0207853
0.00791663
0.00852068
0.0114877
0.0135188
0.0151527
0.0164052
0.0173556
0.0180779
0.0186306
0.0190571
0.0193896
0.0196564
0.0198643
0.0200276
0.0201554
0.0202657
0.0203557
0.0204295
0.0204901
0.02054
0.0205814
0.0206159
0.0206446
0.0206686
0.0206887
0.0207055
0.0207196
0.0207315
0.0207415
0.0207498
0.0207569
0.0207628
0.0207678
0.020772
0.0207755
0.0207785
0.020781
0.0207831
0.0207848
0.0207863
0.0207875
0.0207886
0.0207894
0.0207902
0.0207908
0.0207912
0.0207917
0.020792
0.0207923
0.0207925
0.0207927
0.0207929
0.020793
0.0207931
0.0207931
0.0207931
0.0207931
0.0207931
0.0207931
0.0207931
0.0207931
0.0207932
0.0207932
0.0207932
0.0207932
0.0207932
0.0207933
0.0207933
0.0207933
0.0207933
0.0207933
0.0207934
0.0207934
0.0207934
0.0207934
0.0207934
0.0207932
0.0207913
0.0207896
0.0207853
0.00835752
0.00858514
0.0112874
0.0129558
0.0143234
0.0154518
0.0163885
0.017164
0.0178032
0.0183281
0.0187583
0.0191121
0.019406
0.0196445
0.0198415
0.0199994
0.0201311
0.0202408
0.0203321
0.0204081
0.0204713
0.020524
0.0205678
0.0206044
0.020635
0.0206605
0.0206819
0.0206997
0.0207147
0.0207272
0.0207377
0.0207465
0.0207539
0.0207601
0.0207653
0.0207696
0.0207733
0.0207764
0.020779
0.0207812
0.020783
0.0207846
0.0207859
0.020787
0.0207879
0.0207887
0.0207893
0.0207899
0.0207903
0.0207907
0.0207911
0.0207914
0.0207916
0.0207919
0.0207921
0.0207922
0.0207924
0.0207925
0.0207926
0.0207927
0.0207928
0.0207929
0.0207929
0.020793
0.020793
0.0207931
0.0207931
0.0207931
0.0207932
0.0207932
0.0207933
0.0207933
0.0207933
0.0207933
0.0207934
0.0207934
0.0207932
0.0207913
0.0207896
0.0207854
0.00636359
0.00795224
0.0107509
0.0128593
0.0145885
0.0159556
0.0170154
0.0178289
0.0184519
0.0189303
0.0193001
0.0195889
0.0198165
0.019996
0.020141
0.0202554
0.0203474
0.0204227
0.0204846
0.0205355
0.0205775
0.0206123
0.0206412
0.0206652
0.0206853
0.020702
0.0207161
0.0207278
0.0207377
0.020746
0.020753
0.0207589
0.0207639
0.0207681
0.0207716
0.0207746
0.0207772
0.0207793
0.0207812
0.0207827
0.0207841
0.0207852
0.0207862
0.0207871
0.0207878
0.0207884
0.020789
0.0207894
0.0207898
0.0207902
0.0207905
0.0207908
0.020791
0.0207913
0.0207915
0.0207917
0.0207919
0.020792
0.0207922
0.0207923
0.0207924
0.0207925
0.0207926
0.0207927
0.0207928
0.0207929
0.0207929
0.020793
0.020793
0.0207931
0.0207931
0.0207932
0.0207932
0.0207933
0.0207933
0.0207934
0.0207932
0.0207913
0.0207897
0.0207854
0.00632471
0.00866212
0.011142
0.0132616
0.0150152
0.0163949
0.0174457
0.0182327
0.0188192
0.0192576
0.019588
0.0198397
0.0200329
0.0201822
0.0202999
0.0203926
0.0204659
0.0205249
0.0205726
0.0206112
0.0206426
0.0206683
0.0206893
0.0207066
0.0207208
0.0207326
0.0207423
0.0207504
0.0207571
0.0207627
0.0207674
0.0207713
0.0207746
0.0207774
0.0207797
0.0207816
0.0207833
0.0207847
0.0207859
0.0207869
0.0207878
0.0207885
0.0207892
0.0207897
0.0207902
0.0207906
0.0207909
0.0207912
0.0207915
0.0207917
0.0207919
0.0207921
0.0207922
0.0207924
0.0207925
0.0207926
0.0207927
0.0207927
0.0207928
0.0207929
0.0207929
0.020793
0.020793
0.0207931
0.0207931
0.0207931
0.0207932
0.0207932
0.0207932
0.0207933
0.0207933
0.0207933
0.0207933
0.0207934
0.0207934
0.0207934
0.0207932
0.0207913
0.0207897
0.0207855
0.0118864
0.0114043
0.0133969
0.0148707
0.0160607
0.0170096
0.0177606
0.0183535
0.0188215
0.0191919
0.0194864
0.0197221
0.0199116
0.0200647
0.0201892
0.0202911
0.0203745
0.0204433
0.0205002
0.0205475
0.0205869
0.0206198
0.0206473
0.0206703
0.0206896
0.0207059
0.0207196
0.0207311
0.0207408
0.0207489
0.0207558
0.0207617
0.0207666
0.0207707
0.0207743
0.0207772
0.0207797
0.0207818
0.0207836
0.0207851
0.0207864
0.0207875
0.0207884
0.0207892
0.0207899
0.0207904
0.0207909
0.0207913
0.0207916
0.0207919
0.0207922
0.0207924
0.0207925
0.0207927
0.0207928
0.0207929
0.020793
0.020793
0.0207931
0.0207932
0.0207932
0.0207932
0.0207933
0.0207933
0.0207933
0.0207933
0.0207933
0.0207934
0.0207934
0.0207934
0.0207934
0.0207934
0.0207934
0.0207934
0.0207934
0.0207934
0.0207932
0.0207913
0.0207897
0.0207854
0.0133236
0.0124763
0.0141384
0.0154011
0.0164566
0.0173138
0.0179993
0.0185428
0.018973
0.0193141
0.0195855
0.0198026
0.0199772
0.0201184
0.0202333
0.0203272
0.0204043
0.0204679
0.0205206
0.0205643
0.0206008
0.0206313
0.0206568
0.0206782
0.0206962
0.0207113
0.0207241
0.0207348
0.0207439
0.0207515
0.020758
0.0207635
0.0207681
0.020772
0.0207753
0.0207781
0.0207804
0.0207824
0.0207841
0.0207855
0.0207868
0.0207878
0.0207886
0.0207894
0.02079
0.0207905
0.020791
0.0207914
0.0207917
0.020792
0.0207922
0.0207924
0.0207925
0.0207927
0.0207928
0.0207929
0.020793
0.020793
0.0207931
0.0207932
0.0207932
0.0207932
0.0207933
0.0207933
0.0207933
0.0207933
0.0207933
0.0207934
0.0207934
0.0207934
0.0207934
0.0207934
0.0207934
0.0207934
0.0207934
0.0207934
0.0207932
0.0207913
0.0207897
0.0207854
0.0145615
0.0137757
0.0151009
0.0160986
0.0169512
0.017659
0.0182377
0.0187068
0.0190856
0.0193913
0.0196385
0.019839
0.0200022
0.0201356
0.0202451
0.0203353
0.0204099
0.0204717
0.0205232
0.0205661
0.020602
0.0206321
0.0206573
0.0206785
0.0206964
0.0207114
0.0207241
0.0207348
0.0207439
0.0207515
0.020758
0.0207634
0.020768
0.0207719
0.0207752
0.020778
0.0207804
0.0207824
0.0207841
0.0207855
0.0207867
0.0207878
0.0207886
0.0207894
0.02079
0.0207905
0.020791
0.0207913
0.0207917
0.0207919
0.0207922
0.0207924
0.0207925
0.0207927
0.0207928
0.0207929
0.020793
0.020793
0.0207931
0.0207931
0.0207932
0.0207932
0.0207933
0.0207933
0.0207933
0.0207933
0.0207933
0.0207934
0.0207934
0.0207934
0.0207934
0.0207934
0.0207934
0.0207934
0.0207934
0.0207934
0.0207932
0.0207913
0.0207897
0.0207854
0.0154956
0.0148912
0.0159285
0.0167106
0.0173952
0.0179767
0.0184628
0.0188654
0.0191969
0.0194694
0.0196933
0.0198774
0.0200292
0.0201546
0.0202585
0.0203447
0.0204165
0.0204764
0.0205265
0.0205684
0.0206036
0.0206332
0.0206581
0.0206791
0.0206968
0.0207117
0.0207243
0.020735
0.020744
0.0207516
0.020758
0.0207634
0.0207681
0.0207719
0.0207752
0.020778
0.0207804
0.0207824
0.0207841
0.0207855
0.0207867
0.0207878
0.0207886
0.0207894
0.02079
0.0207905
0.020791
0.0207914
0.0207917
0.0207919
0.0207922
0.0207924
0.0207925
0.0207927
0.0207928
0.0207929
0.020793
0.020793
0.0207931
0.0207931
0.0207932
0.0207932
0.0207933
0.0207933
0.0207933
0.0207933
0.0207933
0.0207934
0.0207934
0.0207934
0.0207934
0.0207934
0.0207934
0.0207934
0.0207934
0.0207934
0.0207932
0.0207913
0.0207897
0.0207854
0.0162715
0.0158472
0.0166439
0.0172506
0.0177951
0.0182687
0.0186739
0.0190168
0.019305
0.0195463
0.0197478
0.0199162
0.0200567
0.0201741
0.0202723
0.0203545
0.0204234
0.0204813
0.02053
0.0205709
0.0206054
0.0206345
0.020659
0.0206797
0.0206972
0.020712
0.0207245
0.0207351
0.0207441
0.0207516
0.0207581
0.0207635
0.0207681
0.020772
0.0207753
0.020778
0.0207804
0.0207824
0.0207841
0.0207855
0.0207867
0.0207878
0.0207886
0.0207894
0.02079
0.0207905
0.020791
0.0207914
0.0207917
0.0207919
0.0207922
0.0207924
0.0207925
0.0207927
0.0207928
0.0207929
0.020793
0.020793
0.0207931
0.0207931
0.0207932
0.0207932
0.0207933
0.0207933
0.0207933
0.0207933
0.0207933
0.0207934
0.0207934
0.0207934
0.0207934
0.0207934
0.0207934
0.0207934
0.0207934
0.0207934
0.0207932
0.0207913
0.0207897
0.0207854
0.0169371
0.0166534
0.0172549
0.0177207
0.01815
0.0185327
0.0188682
0.0191585
0.0194078
0.0196204
0.0198012
0.0199544
0.020084
0.0201936
0.0202862
0.0203644
0.0204305
0.0204863
0.0205335
0.0205735
0.0206072
0.0206358
0.0206599
0.0206804
0.0206977
0.0207123
0.0207248
0.0207353
0.0207442
0.0207517
0.0207581
0.0207635
0.0207681
0.020772
0.0207753
0.020778
0.0207804
0.0207824
0.0207841
0.0207855
0.0207867
0.0207878
0.0207886
0.0207894
0.02079
0.0207905
0.020791
0.0207914
0.0207917
0.0207919
0.0207922
0.0207924
0.0207925
0.0207927
0.0207928
0.0207929
0.020793
0.020793
0.0207931
0.0207932
0.0207932
0.0207932
0.0207933
0.0207933
0.0207933
0.0207933
0.0207933
0.0207934
0.0207934
0.0207934
0.0207934
0.0207934
0.0207934
0.0207934
0.0207934
0.0207934
0.0207932
0.0207913
0.0207897
0.0207854
0.0175111
0.0173255
0.0177725
0.0181262
0.0184614
0.0187685
0.0190445
0.0192892
0.0195039
0.0196907
0.0198522
0.0199913
0.0201107
0.0202128
0.0203
0.0203743
0.0204376
0.0204914
0.0205372
0.020576
0.020609
0.0206371
0.0206608
0.020681
0.0206981
0.0207127
0.020725
0.0207354
0.0207443
0.0207518
0.0207581
0.0207635
0.0207681
0.020772
0.0207753
0.020778
0.0207804
0.0207824
0.0207841
0.0207855
0.0207867
0.0207878
0.0207886
0.0207894
0.02079
0.0207905
0.020791
0.0207914
0.0207917
0.0207919
0.0207922
0.0207924
0.0207925
0.0207927
0.0207928
0.0207929
0.020793
0.020793
0.0207931
0.0207932
0.0207932
0.0207932
0.0207933
0.0207933
0.0207933
0.0207933
0.0207933
0.0207934
0.0207934
0.0207934
0.0207934
0.0207934
0.0207934
0.0207934
0.0207934
0.0207934
0.0207932
0.0207913
0.0207897
0.0207854
0.018004
0.0178821
0.0182084
0.0184734
0.0187325
0.0189769
0.0192028
0.0194082
0.0195925
0.0197562
0.0199004
0.0200266
0.0201363
0.0202314
0.0203134
0.020384
0.0204446
0.0204964
0.0205407
0.0205786
0.0206108
0.0206383
0.0206617
0.0206817
0.0206986
0.020713
0.0207252
0.0207356
0.0207444
0.0207519
0.0207582
0.0207636
0.0207681
0.020772
0.0207753
0.0207781
0.0207804
0.0207824
0.0207841
0.0207855
0.0207867
0.0207878
0.0207886
0.0207894
0.02079
0.0207905
0.020791
0.0207914
0.0207917
0.0207919
0.0207922
0.0207924
0.0207925
0.0207927
0.0207928
0.0207929
0.020793
0.020793
0.0207931
0.0207932
0.0207932
0.0207932
0.0207933
0.0207933
0.0207933
0.0207933
0.0207933
0.0207934
0.0207934
0.0207934
0.0207934
0.0207934
0.0207934
0.0207934
0.0207934
0.0207934
0.0207932
0.0207913
0.0207897
0.0207854
0.018425
0.0183413
0.0185741
0.0187691
0.0189668
0.0191597
0.0193434
0.0195152
0.0196731
0.0198165
0.0199451
0.0200596
0.0201606
0.0202491
0.0203263
0.0203933
0.0204513
0.0205013
0.0205442
0.0205811
0.0206126
0.0206396
0.0206626
0.0206823
0.020699
0.0207133
0.0207254
0.0207357
0.0207445
0.0207519
0.0207582
0.0207636
0.0207681
0.020772
0.0207753
0.0207781
0.0207804
0.0207824
0.0207841
0.0207855
0.0207867
0.0207878
0.0207886
0.0207894
0.02079
0.0207905
0.020791
0.0207914
0.0207917
0.0207919
0.0207922
0.0207924
0.0207925
0.0207927
0.0207928
0.0207929
0.020793
0.020793
0.0207931
0.0207932
0.0207932
0.0207932
0.0207933
0.0207933
0.0207933
0.0207933
0.0207933
0.0207934
0.0207934
0.0207934
0.0207934
0.0207934
0.0207934
0.0207934
0.0207934
0.0207934
0.0207932
0.0207913
0.0207897
0.0207854
0.0187831
0.0187199
0.0188803
0.0190199
0.019168
0.0193186
0.0194672
0.0196104
0.0197457
0.0198712
0.0199861
0.0200901
0.0201831
0.0202657
0.0203384
0.0204021
0.0204577
0.0205059
0.0205475
0.0205835
0.0206143
0.0206408
0.0206635
0.0206829
0.0206995
0.0207136
0.0207256
0.0207359
0.0207446
0.020752
0.0207583
0.0207636
0.0207682
0.020772
0.0207753
0.0207781
0.0207804
0.0207824
0.0207841
0.0207855
0.0207867
0.0207878
0.0207886
0.0207894
0.02079
0.0207905
0.020791
0.0207914
0.0207917
0.0207919
0.0207922
0.0207924
0.0207925
0.0207927
0.0207928
0.0207929
0.020793
0.020793
0.0207931
0.0207932
0.0207932
0.0207932
0.0207933
0.0207933
0.0207933
0.0207933
0.0207933
0.0207934
0.0207934
0.0207934
0.0207934
0.0207934
0.0207934
0.0207934
0.0207934
0.0207934
0.0207932
0.0207913
0.0207897
0.0207854
0.0190867
0.0190323
0.0191363
0.0192317
0.0193398
0.0194557
0.0195751
0.0196943
0.0198101
0.0199203
0.0200232
0.0201178
0.0202037
0.0202809
0.0203496
0.0204104
0.0204637
0.0205102
0.0205507
0.0205857
0.0206159
0.020642
0.0206643
0.0206835
0.0206999
0.0207139
0.0207258
0.020736
0.0207447
0.020752
0.0207583
0.0207637
0.0207682
0.020772
0.0207753
0.0207781
0.0207804
0.0207824
0.0207841
0.0207855
0.0207867
0.0207878
0.0207886
0.0207894
0.02079
0.0207905
0.020791
0.0207913
0.0207917
0.0207919
0.0207922
0.0207924
0.0207925
0.0207927
0.0207928
0.0207929
0.020793
0.020793
0.0207931
0.0207932
0.0207932
0.0207932
0.0207933
0.0207933
0.0207933
0.0207933
0.0207933
0.0207934
0.0207934
0.0207934
0.0207934
0.0207934
0.0207934
0.0207934
0.0207934
0.0207934
0.0207932
0.0207913
0.0207897
0.0207854
0.0193433
0.0192902
0.0193498
0.0194098
0.0194855
0.019573
0.0196682
0.0197673
0.0198667
0.0199637
0.0200562
0.0201427
0.0202223
0.0202947
0.0203598
0.0204179
0.0204691
0.0205142
0.0205536
0.0205878
0.0206174
0.020643
0.0206651
0.020684
0.0207002
0.0207141
0.020726
0.0207361
0.0207448
0.0207521
0.0207584
0.0207637
0.0207682
0.020772
0.0207753
0.0207781
0.0207804
0.0207824
0.0207841
0.0207855
0.0207867
0.0207878
0.0207886
0.0207894
0.02079
0.0207905
0.020791
0.0207913
0.0207917
0.0207919
0.0207922
0.0207924
0.0207925
0.0207927
0.0207928
0.0207929
0.020793
0.020793
0.0207931
0.0207932
0.0207932
0.0207932
0.0207933
0.0207933
0.0207933
0.0207933
0.0207933
0.0207934
0.0207934
0.0207934
0.0207934
0.0207934
0.0207934
0.0207934
0.0207934
0.0207934
0.0207932
0.0207913
0.0207897
0.0207854
0.0195598
0.0195032
0.0195271
0.0195583
0.0196078
0.0196721
0.0197474
0.0198298
0.0199155
0.0200014
0.020085
0.0201645
0.0202388
0.020307
0.0203689
0.0204246
0.0204741
0.0205178
0.0205562
0.0205897
0.0206188
0.020644
0.0206658
0.0206845
0.0207006
0.0207144
0.0207262
0.0207362
0.0207448
0.0207522
0.0207584
0.0207637
0.0207682
0.020772
0.0207753
0.0207781
0.0207804
0.0207824
0.0207841
0.0207855
0.0207867
0.0207878
0.0207886
0.0207894
0.02079
0.0207905
0.020791
0.0207913
0.0207917
0.0207919
0.0207922
0.0207924
0.0207925
0.0207927
0.0207928
0.0207929
0.020793
0.020793
0.0207931
0.0207932
0.0207932
0.0207932
0.0207933
0.0207933
0.0207933
0.0207933
0.0207933
0.0207934
0.0207934
0.0207934
0.0207934
0.0207934
0.0207934
0.0207934
0.0207934
0.0207934
0.0207932
0.0207913
0.0207897
0.0207854
0.0197414
0.0196784
0.0196732
0.0196809
0.019709
0.0197546
0.0198137
0.0198824
0.0199568
0.0200335
0.0201096
0.0201833
0.020253
0.0203176
0.0203769
0.0204304
0.0204784
0.0205209
0.0205585
0.0205913
0.02062
0.0206449
0.0206664
0.0206849
0.0207009
0.0207146
0.0207263
0.0207363
0.0207449
0.0207522
0.0207584
0.0207637
0.0207682
0.0207721
0.0207753
0.0207781
0.0207804
0.0207824
0.0207841
0.0207855
0.0207867
0.0207878
0.0207886
0.0207894
0.02079
0.0207905
0.020791
0.0207913
0.0207917
0.0207919
0.0207922
0.0207924
0.0207925
0.0207927
0.0207928
0.0207929
0.020793
0.020793
0.0207931
0.0207932
0.0207932
0.0207932
0.0207933
0.0207933
0.0207933
0.0207933
0.0207933
0.0207934
0.0207934
0.0207934
0.0207934
0.0207934
0.0207934
0.0207934
0.0207934
0.0207934
0.0207932
0.0207913
0.0207897
0.0207854
0.019892
0.0198209
0.0197917
0.0197802
0.0197911
0.0198216
0.0198679
0.0199256
0.0199908
0.02006
0.0201301
0.020199
0.0202648
0.0203266
0.0203835
0.0204354
0.020482
0.0205236
0.0205604
0.0205927
0.020621
0.0206456
0.0206669
0.0206853
0.0207012
0.0207148
0.0207264
0.0207364
0.020745
0.0207522
0.0207584
0.0207637
0.0207682
0.0207721
0.0207753
0.0207781
0.0207804
0.0207824
0.0207841
0.0207855
0.0207867
0.0207878
0.0207886
0.0207894
0.02079
0.0207905
0.020791
0.0207913
0.0207917
0.0207919
0.0207922
0.0207924
0.0207925
0.0207927
0.0207928
0.0207929
0.020793
0.020793
0.0207931
0.0207932
0.0207932
0.0207932
0.0207933
0.0207933
0.0207933
0.0207933
0.0207933
0.0207934
0.0207934
0.0207934
0.0207934
0.0207934
0.0207934
0.0207934
0.0207934
0.0207934
0.0207932
0.0207913
0.0207897
0.0207854
0.020014
0.0199342
0.019885
0.0198581
0.0198555
0.0198743
0.0199105
0.0199597
0.0200178
0.0200811
0.0201465
0.0202115
0.0202744
0.0203338
0.0203889
0.0204394
0.020485
0.0205258
0.020562
0.0205939
0.0206218
0.0206462
0.0206673
0.0206856
0.0207014
0.0207149
0.0207265
0.0207365
0.020745
0.0207523
0.0207585
0.0207637
0.0207682
0.0207721
0.0207753
0.0207781
0.0207804
0.0207824
0.0207841
0.0207855
0.0207867
0.0207878
0.0207886
0.0207894
0.02079
0.0207905
0.020791
0.0207913
0.0207917
0.0207919
0.0207922
0.0207924
0.0207925
0.0207927
0.0207928
0.0207929
0.020793
0.020793
0.0207931
0.0207932
0.0207932
0.0207932
0.0207933
0.0207933
0.0207933
0.0207933
0.0207933
0.0207934
0.0207934
0.0207934
0.0207934
0.0207934
0.0207934
0.0207934
0.0207934
0.0207934
0.0207932
0.0207913
0.0207897
0.0207854
0.0201082
0.0200198
0.0199547
0.0199158
0.0199031
0.0199132
0.019942
0.019985
0.0200379
0.0200969
0.0201587
0.0202209
0.0202816
0.0203392
0.020393
0.0204424
0.0204872
0.0205274
0.0205632
0.0205948
0.0206225
0.0206466
0.0206677
0.0206858
0.0207015
0.020715
0.0207266
0.0207366
0.020745
0.0207523
0.0207585
0.0207638
0.0207682
0.0207721
0.0207753
0.0207781
0.0207804
0.0207824
0.0207841
0.0207855
0.0207867
0.0207878
0.0207886
0.0207894
0.02079
0.0207905
0.020791
0.0207913
0.0207917
0.0207919
0.0207922
0.0207924
0.0207925
0.0207927
0.0207928
0.0207929
0.020793
0.020793
0.0207931
0.0207932
0.0207932
0.0207932
0.0207933
0.0207933
0.0207933
0.0207933
0.0207933
0.0207934
0.0207934
0.0207934
0.0207934
0.0207934
0.0207934
0.0207934
0.0207934
0.0207934
0.0207932
0.0207913
0.0207897
0.0207854
0.0201742
0.0200782
0.0200012
0.0199541
0.0199346
0.019939
0.0199629
0.0200018
0.0200512
0.0201073
0.0201669
0.0202272
0.0202864
0.0203428
0.0203957
0.0204444
0.0204887
0.0205285
0.020564
0.0205954
0.0206229
0.020647
0.0206679
0.020686
0.0207016
0.0207151
0.0207267
0.0207366
0.0207451
0.0207523
0.0207585
0.0207638
0.0207683
0.0207721
0.0207753
0.0207781
0.0207804
0.0207824
0.0207841
0.0207855
0.0207867
0.0207878
0.0207886
0.0207894
0.02079
0.0207905
0.020791
0.0207913
0.0207917
0.0207919
0.0207922
0.0207924
0.0207925
0.0207927
0.0207928
0.0207929
0.020793
0.020793
0.0207931
0.0207932
0.0207932
0.0207932
0.0207933
0.0207933
0.0207933
0.0207933
0.0207933
0.0207934
0.0207934
0.0207934
0.0207934
0.0207934
0.0207934
0.0207934
0.0207934
0.0207934
0.0207932
0.0207913
0.0207897
0.0207854
0.02021
0.0201084
0.0200248
0.0199732
0.0199502
0.0199518
0.0199733
0.0200101
0.0200578
0.0201125
0.0201709
0.0202304
0.0202888
0.0203447
0.0203971
0.0204455
0.0204895
0.0205291
0.0205644
0.0205957
0.0206231
0.0206471
0.020668
0.0206861
0.0207017
0.0207151
0.0207267
0.0207366
0.0207451
0.0207523
0.0207585
0.0207638
0.0207683
0.0207721
0.0207753
0.0207781
0.0207804
0.0207824
0.0207841
0.0207855
0.0207867
0.0207878
0.0207886
0.0207894
0.02079
0.0207905
0.020791
0.0207913
0.0207917
0.0207919
0.0207922
0.0207924
0.0207925
0.0207927
0.0207928
0.0207929
0.020793
0.020793
0.0207931
0.0207932
0.0207932
0.0207932
0.0207933
0.0207933
0.0207933
0.0207933
0.0207933
0.0207934
0.0207934
0.0207934
0.0207934
0.0207934
0.0207934
0.0207934
0.0207934
0.0207934
0.0207932
0.0207913
0.0207897
0.0207854
0.00694749
0.0068207
0.00662087
0.00636118
0.00605491
0.00571353
0.00534445
0.00498369
0.00389066
0.00390605
0.00862991
0.00870012
0.00875652
0.00879321
0.00880024
0.00876401
0.00866449
0.00853767
0.00669867
0.00807705
0.0104822
0.0105132
0.0105236
0.0105094
0.0104641
0.0103776
0.0102382
0.0100963
0.00833114
0.0101173
0.012166
0.0121954
0.0122054
0.012194
0.012155
0.012079
0.0119567
0.0118325
0.0101463
0.0119805
0.0136401
0.013666
0.0136752
0.0136654
0.0136328
0.0135715
0.0134743
0.0133786
0.0118867
0.0136147
0.014895
0.0149176
0.0149257
0.014919
0.0148947
0.0148483
0.0147757
0.0147087
0.0134654
0.0149772
0.0159416
0.0159622
0.01597
0.0159659
0.0159483
0.0159153
0.0158644
0.01582
0.0148313
0.0160821
0.0168052
0.0168232
0.0168308
0.0168289
0.0168169
0.016794
0.0167584
0.0167302
0.0159739
0.0169658
0.0175147
0.0175296
0.0175361
0.0175355
0.0175272
0.0175111
0.0174869
0.0174689
0.0169056
0.0176676
0.0180965
0.0181091
0.0181145
0.0181139
0.0181075
0.0180953
0.0180774
0.018065
0.0176549
0.0182261
0.0185754
0.0185858
0.0185896
0.0185881
0.0185823
0.0185718
0.0185571
0.0185475
0.0182532
0.0186725
0.0189723
0.0189802
0.0189822
0.0189798
0.0189731
0.0189625
0.0189493
0.0189398
0.0187294
0.0190315
0.0193036
0.0193097
0.0193102
0.0193059
0.0192971
0.0192853
0.019272
0.0192609
0.01911
0.0193232
0.0195842
0.0195883
0.0195865
0.0195797
0.0195691
0.0195553
0.0195394
0.0195254
0.0194156
0.0195621
0.0198256
0.0198277
0.0198234
0.0198137
0.0197998
0.0197825
0.0197631
0.0197448
0.0196623
0.0197586
0.0200369
0.0200367
0.0200295
0.0200159
0.0199971
0.0199753
0.0199515
0.0199278
0.0198621
0.0199199
0.0202266
0.0202235
0.0202115
0.0201922
0.0201673
0.0201386
0.0201081
0.0200782
0.0200227
0.0200509
0.0204018
0.0203947
0.0203749
0.020346
0.0203115
0.0202737
0.0202348
0.0201977
0.0201476
0.0201525
0.0205663
0.0205474
0.020509
0.0204612
0.02041
0.0203593
0.0203121
0.0202699
0.0202262
0.0202212
0.0207389
0.0206982
0.020642
0.0205832
0.0205243
0.020466
0.020409
0.0203536
0.020298
0.0202699
0.00479155
0.00517292
0.00369013
0.00282723
0.00216546
0.00162174
0.00117107
0.000779318
0.000542225
0.000431306
0.00430302
0.00419081
0.00345856
0.00276729
0.00214819
0.00161612
0.00116906
0.000784136
0.000525361
0.000440173
0.00422024
0.00394619
0.00332353
0.00271074
0.00212828
0.00161051
0.00116851
0.000790808
0.000512901
0.000452337
0.00431558
0.00388851
0.00327002
0.00267734
0.0021126
0.00160453
0.00116703
0.000796192
0.00050267
0.00046385
0.00443773
0.00390057
0.00326412
0.00266546
0.00210429
0.00160039
0.00116578
0.000800689
0.000494794
0.000474715
0.00455821
0.00393794
0.00328214
0.00266762
0.00210218
0.00159836
0.00116491
0.000804114
0.0004891
0.000484369
0.00466258
0.00398269
0.00330921
0.00267679
0.00210405
0.00159797
0.00116429
0.000806361
0.000485523
0.000492198
0.00474316
0.00402669
0.00333567
0.00268772
0.00210742
0.00159835
0.00116377
0.000807158
0.000483952
0.000497487
0.00479582
0.00406589
0.00335514
0.00269652
0.00211012
0.0015985
0.00116303
0.000806244
0.000484099
0.000499211
0.00481942
0.00409987
0.00336501
0.00270083
0.00211124
0.00159801
0.00116159
0.000803468
0.000485955
0.00049963
0.00483105
0.00397057
0.00329473
0.00265912
0.00208286
0.00157364
0.00113713
0.000719431
0.000711216
0.000367109
0.00483557
0.00397038
0.0033017
0.00266479
0.00208798
0.00157847
0.00114164
0.000723662
0.000711257
0.000369943
0.00484147
0.00396545
0.00330927
0.00266846
0.00208989
0.00157945
0.00114208
0.000725382
0.00069676
0.00037208
0.00484629
0.00395603
0.00331938
0.00267435
0.00209398
0.00158237
0.00114433
0.000729211
0.000679237
0.000375917
0.0048419
0.0039376
0.00332857
0.00268064
0.00209887
0.00158612
0.00114731
0.000734089
0.000658607
0.000380965
0.00480974
0.00390324
0.00333365
0.0026866
0.0021047
0.00159087
0.00115089
0.000740011
0.000636687
0.000387215
0.00471807
0.00384613
0.00333415
0.00269357
0.00211203
0.00159645
0.00115489
0.000746874
0.00061489
0.000394724
0.00452028
0.00376399
0.00333742
0.0027061
0.0021222
0.00160296
0.00115921
0.000754446
0.000594137
0.000403637
0.00410586
0.00366684
0.00337121
0.00273368
0.00213656
0.00160972
0.00116279
0.000761757
0.000574343
0.000413724
0.00435983
0.00388077
0.00354897
0.00279301
0.0021571
0.0016186
0.00116854
0.000771503
0.000559484
0.000425085
0.0201651
0.0201497
0.0201092
0.0200465
0.0199593
0.0198439
0.0196945
0.0195035
0.0192617
0.0189564
0.01857
0.018081
0.0174577
0.0166639
0.0156018
0.014295
0.0127159
0.0107805
0.00854562
0.00634176
0.0201354
0.0201522
0.0201115
0.0200485
0.0199609
0.0198451
0.0196951
0.0195032
0.0192604
0.0189537
0.0185653
0.0180741
0.0174471
0.0166402
0.0155807
0.0142953
0.0127097
0.0107749
0.00853228
0.00637091
0.0200809
0.0201572
0.0201159
0.0200524
0.019964
0.0198473
0.0196962
0.0195025
0.0192574
0.0189479
0.0185554
0.0180594
0.0174221
0.0165614
0.0155395
0.0142915
0.0126971
0.0107645
0.00850703
0.00643118
0.0200088
0.0201643
0.0201223
0.0200579
0.0199684
0.0198504
0.0196974
0.0195009
0.0192523
0.0189383
0.0185387
0.018034
0.0173716
0.0164686
0.0154835
0.0142817
0.012678
0.0107513
0.00847276
0.00652684
0.0199255
0.0201732
0.0201303
0.0200646
0.0199735
0.0198536
0.019698
0.0194973
0.0192435
0.0189224
0.0185104
0.0179864
0.0172367
0.0164326
0.0155042
0.014271
0.012654
0.010738
0.00843356
0.00666204
0.0198358
0.0201829
0.0201388
0.0200714
0.0199779
0.0198554
0.0196959
0.0194886
0.0192263
0.0188915
0.0184466
0.0178301
0.0171223
0.0164728
0.0155905
0.0142495
0.0126279
0.0107283
0.00839485
0.00683907
0.0197414
0.0201905
0.0201445
0.0200744
0.0199771
0.0198499
0.0196826
0.0194601
0.0191704
0.0187655
0.0182816
0.0177
0.0172391
0.0165932
0.015586
0.0142092
0.0126006
0.0107259
0.00836382
0.00704291
0.0196289
0.0201712
0.0201201
0.0200406
0.019926
0.0197643
0.0195623
0.0193361
0.0190478
0.0187037
0.0183352
0.0179774
0.0175288
0.0167221
0.0155787
0.0142434
0.0126491
0.0107855
0.00837819
0.00722137
0.0195026
0.0201415
0.0200707
0.0199599
0.0198012
0.0195833
0.0193167
0.0190207
0.0186659
0.0183075
0.017859
0.0172884
0.0164038
0.0153284
0.0141261
0.0128529
0.0114702
0.00997665
0.00800119
0.00711166
0.0194124
0.0202056
0.0201711
0.0201178
0.0200429
0.0199481
0.0198298
0.0196673
0.0194697
0.0192272
0.0188705
0.0183628
0.0176665
0.0168133
0.0157749
0.0144947
0.0129135
0.0109994
0.00855177
0.00608989
0.0192758
0.0202807
0.0202658
0.0202437
0.0202148
0.0201792
0.0201235
0.0200327
0.0199072
0.0197168
0.0194596
0.019103
0.0185985
0.017881
0.0168723
0.0154885
0.0136557
0.0113758
0.0082743
0.0083675
0.0190347
0.0203199
0.0202708
0.0201976
0.0200997
0.0199736
0.0198158
0.0196226
0.0193843
0.0190912
0.0187306
0.0182814
0.0177264
0.0170438
0.0162111
0.015204
0.0140012
0.01261
0.0104798
0.0139504
0.0188356
0.0203913
0.0203435
0.0202739
0.0201829
0.0200688
0.0199286
0.0197581
0.0195503
0.0192962
0.0189846
0.0185998
0.0181249
0.0175408
0.016827
0.0159652
0.0149451
0.0137866
0.0119849
0.0154008
0.0186739
0.0204626
0.0204087
0.0203337
0.0202391
0.0201244
0.0199871
0.0198232
0.0196274
0.0193924
0.0191095
0.0187677
0.0183549
0.0178583
0.0172654
0.0165664
0.0157577
0.0148605
0.0134162
0.0167463
0.0185517
0.020534
0.0204716
0.0203899
0.0202918
0.0201769
0.0200432
0.0198872
0.0197043
0.0194891
0.019235
0.0189342
0.0185786
0.0181601
0.0176715
0.0171082
0.0164704
0.0157791
0.0146392
0.0177876
0.0184692
0.0205998
0.0205255
0.0204367
0.0203357
0.0202217
0.0200924
0.0199449
0.0197753
0.0195795
0.0193528
0.0190899
0.0187858
0.0184356
0.0180358
0.017585
0.0170859
0.0165568
0.0156725
0.0179853
0.0184255
0.0206487
0.0205626
0.020469
0.0203676
0.0202563
0.0201328
0.0199945
0.0198384
0.0196615
0.0194605
0.0192321
0.0189734
0.018682
0.0183568
0.0179984
0.0176105
0.0172084
0.0165333
0.0182166
0.0184193
0.0206628
0.0205755
0.0204836
0.0203857
0.0202796
0.0201635
0.0200353
0.0198929
0.019734
0.0195568
0.0193594
0.0191404
0.0188992
0.0186361
0.0183531
0.018054
0.0177511
0.0172435
0.0184671
0.018449
0.0206379
0.020564
0.0204808
0.0203903
0.020292
0.0201848
0.0200674
0.0199385
0.0197969
0.0196416
0.0194718
0.0192873
0.0190886
0.0188772
0.0186555
0.0184271
0.0182019
0.0178265
0.0187168
0.0185124
0.0205938
0.0205358
0.0204646
0.020384
0.020295
0.0201977
0.0200916
0.0199761
0.0198507
0.0197152
0.0195698
0.0194152
0.0192525
0.0190839
0.018912
0.0187402
0.018576
0.0183041
0.0189538
0.0186076
0.0205453
0.0204999
0.0204403
0.0203701
0.0202912
0.0202041
0.0201091
0.0200064
0.019896
0.0197785
0.0196546
0.0195256
0.0193934
0.0192602
0.0191289
0.0190025
0.0188866
0.0186957
0.0191718
0.0187323
0.0204986
0.0204623
0.0204126
0.0203522
0.0202829
0.0202057
0.0201215
0.0200307
0.019934
0.0198325
0.0197273
0.0196203
0.0195136
0.0194098
0.0193117
0.019222
0.0191447
0.0190173
0.0193683
0.018884
0.0204562
0.0204265
0.0203847
0.0203328
0.0202723
0.0202043
0.0201299
0.02005
0.0199656
0.0198781
0.0197892
0.0197009
0.0196156
0.0195361
0.0194652
0.0194052
0.0193592
0.019282
0.0195432
0.0190602
0.0204189
0.0203942
0.0203587
0.0203139
0.020261
0.0202012
0.0201356
0.0200653
0.0199917
0.0199164
0.0198413
0.0197687
0.0197013
0.0196419
0.0195932
0.0195575
0.0195371
0.0195001
0.0196969
0.0192579
0.0203872
0.0203661
0.0203356
0.0202966
0.0202502
0.0201974
0.0201394
0.0200774
0.0200131
0.019948
0.0198845
0.019825
0.0197723
0.0197293
0.0196987
0.0196829
0.0196836
0.0196792
0.0198305
0.0194734
0.0203611
0.0203428
0.0203161
0.0202817
0.0202405
0.0201936
0.0201419
0.0200869
0.0200302
0.0199737
0.0199197
0.0198708
0.0198299
0.0198001
0.0197841
0.0197844
0.0198026
0.019825
0.019945
0.0197014
0.0203404
0.0203242
0.0203004
0.0202696
0.0202326
0.0201902
0.0201436
0.0200941
0.0200435
0.0199937
0.0199472
0.0199066
0.019875
0.0198555
0.0198511
0.0198642
0.0198965
0.0199408
0.0200403
0.0199325
0.0203251
0.0203104
0.0202886
0.0202605
0.0202265
0.0201875
0.0201447
0.0200994
0.0200533
0.0200086
0.0199676
0.0199332
0.0199084
0.0198965
0.0199006
0.0199234
0.0199669
0.0200285
0.0201153
0.0201466
0.020315
0.0203012
0.0202808
0.0202543
0.0202223
0.0201856
0.0201453
0.0201028
0.0200598
0.0200183
0.019981
0.0199507
0.0199304
0.0199236
0.0199334
0.0199629
0.0200142
0.0200885
0.020169
0.0202941
0.02031
0.0202966
0.0202769
0.0202513
0.0202203
0.0201847
0.0201457
0.0201045
0.020063
0.0200232
0.0199877
0.0199594
0.0199414
0.0199371
0.0199498
0.0199826
0.0200382
0.0201199
0.020199
0.00433225
0.00351846
0.00528903
0.00564786
0.00602658
0.00635283
0.00662167
0.00682392
0.006949
0.00699099
0.00833532
0.00525203
0.00764934
0.00777697
0.00796027
0.00811295
0.00824343
0.00835698
0.00845712
0.00854798
0.0101561
0.00676252
0.00935464
0.00957078
0.00981842
0.0100117
0.0101618
0.0102772
0.0103648
0.0104321
0.0118943
0.00846655
0.0110606
0.0112718
0.0115134
0.0117026
0.0118502
0.0119652
0.0120524
0.012118
0.0134388
0.0102179
0.012654
0.0128362
0.0130491
0.0132181
0.013352
0.0134571
0.013537
0.0135972
0.0147545
0.0119066
0.0140676
0.0142128
0.0143884
0.0145297
0.0146431
0.0147338
0.0148038
0.0148567
0.0158474
0.0134489
0.0152738
0.0153844
0.0155232
0.0156372
0.0157298
0.0158047
0.0158636
0.0159084
0.0167404
0.014796
0.0162761
0.0163587
0.0164657
0.0165558
0.0166307
0.0166919
0.0167402
0.0167774
0.0174641
0.015935
0.0170972
0.0171579
0.0172399
0.0173103
0.0173702
0.0174208
0.0174613
0.0174919
0.0180484
0.0168745
0.0177638
0.0178095
0.0178728
0.0179286
0.0179773
0.0180184
0.0180518
0.0180773
0.0185206
0.0176371
0.0183041
0.0183401
0.0183899
0.0184344
0.0184746
0.0185098
0.0185378
0.0185591
0.0189035
0.0182509
0.0187428
0.0187728
0.018814
0.018851
0.0188845
0.0189149
0.01894
0.0189587
0.0192149
0.0187421
0.0191005
0.0191275
0.0191633
0.0191968
0.0192268
0.0192532
0.0192754
0.0192922
0.0194702
0.0191355
0.0193939
0.0194203
0.0194527
0.0194843
0.019514
0.0195395
0.0195597
0.0195744
0.0196798
0.0194504
0.0196351
0.0196636
0.0196963
0.0197274
0.0197565
0.0197826
0.0198033
0.0198174
0.0198506
0.0197016
0.0198343
0.0198657
0.0199002
0.0199343
0.0199661
0.0199937
0.0200153
0.0200297
0.0199875
0.0198987
0.0199959
0.020033
0.0200718
0.0201103
0.0201467
0.0201789
0.0202041
0.0202202
0.0200931
0.0200486
0.0201216
0.0201653
0.0202117
0.020258
0.0203024
0.0203426
0.0203744
0.0203947
0.0201649
0.0201472
0.0202038
0.0202525
0.0203069
0.0203645
0.0204226
0.020479
0.0205276
0.0205591
0.0202081
0.0202104
0.0202665
0.0203235
0.0203845
0.0204496
0.0205174
0.0205868
0.0206562
0.0207184
0.000394638
0.000406389
0.000419644
0.000433181
0.000446781
0.000459943
0.000471985
0.000482152
0.000490113
0.000494659
0.000693856
0.000653459
0.000619288
0.000590372
0.000565952
0.000545379
0.00052809
0.000513787
0.000502026
0.000492253
0.000718701
0.000728589
0.000739335
0.000749812
0.000760038
0.000769831
0.000778879
0.00078713
0.000794357
0.00079994
0.00114715
0.00114842
0.00114955
0.00115025
0.00115119
0.00115269
0.00115463
0.0011569
0.00115918
0.00116062
0.0016
0.0015974
0.00159289
0.00158859
0.00158648
0.00158688
0.00158887
0.0015916
0.00159475
0.00159694
0.0021472
0.00213177
0.0021118
0.00209717
0.00209062
0.00209066
0.00209463
0.00210058
0.00210662
0.00211025
0.00281979
0.00275412
0.00269451
0.00266124
0.00265077
0.00265505
0.00266682
0.00268061
0.00269243
0.00269972
0.00371509
0.00343588
0.00329513
0.0032426
0.00323996
0.00326203
0.00329322
0.00332401
0.00334871
0.00336345
0.0064801
0.0046227
0.00427666
0.00417299
0.00415232
0.00415507
0.00415941
0.00415744
0.00414703
0.00412797
0.00444509
0.0038368
0.00396022
0.00413142
0.00430553
0.00446445
0.00459855
0.00470222
0.00477369
0.00481288
0.000330905
0.00033287
0.000335268
0.000339022
0.000343978
0.000350187
0.000357717
0.000366642
0.000376932
0.000388836
0.00124196
0.00122599
0.00117533
0.00111206
0.00104172
0.000970732
0.00090322
0.000841402
0.000785821
0.000738788
0.000646557
0.0006493
0.000651935
0.000656311
0.000662011
0.000669017
0.000677204
0.000686428
0.000696308
0.000707405
0.00110568
0.00110828
0.00110967
0.00111246
0.00111608
0.00112044
0.00112546
0.00113099
0.00113629
0.00114218
0.00154386
0.00154675
0.00154866
0.00155218
0.00155668
0.00156218
0.00156871
0.00157648
0.00158482
0.00159408
0.00205419
0.00205755
0.0020603
0.00206504
0.00207077
0.00207748
0.00208591
0.00209732
0.0021133
0.00213389
0.00263075
0.00263493
0.00263949
0.00264608
0.00265319
0.00266043
0.00266879
0.00268252
0.00271063
0.00276667
0.00326639
0.0032727
0.00328183
0.00329345
0.00330486
0.00331319
0.00331744
0.00332418
0.00335927
0.00351434
0.00393313
0.00392318
0.00390039
0.00386447
0.00381222
0.00373888
0.00363977
0.00351331
0.00336795
0.00334686
0.00497894
0.00497295
0.00495914
0.00493673
0.00490082
0.00484002
0.00473413
0.00455156
0.00422843
0.00434371
0.00684974
0.00688441
0.00695676
0.00707234
0.0072381
0.00745751
0.00771401
0.0079152
0.00835617
0.00636495
0.00925818
0.00922177
0.00915127
0.00905117
0.00892805
0.008791
0.00865145
0.00852107
0.00858608
0.00795384
0.0118702
0.0118523
0.0118177
0.0117688
0.0117086
0.01164
0.0115651
0.0114885
0.0112882
0.0107516
0.0139813
0.0139604
0.0139195
0.0138601
0.0137848
0.0136968
0.0135999
0.0135192
0.0129561
0.0128599
0.0156055
0.0155858
0.0155469
0.01549
0.0154164
0.0153288
0.0152299
0.0151533
0.0143237
0.0145891
0.0168185
0.0168013
0.0167672
0.0167167
0.0166506
0.0165702
0.0164769
0.0164058
0.015452
0.0159561
0.0177171
0.0177028
0.0176742
0.0176312
0.0175743
0.0175039
0.0174201
0.0173562
0.0163887
0.0170157
0.0183853
0.0183737
0.0183503
0.0183148
0.0182671
0.0182071
0.0181344
0.0180785
0.0171642
0.0178291
0.0188874
0.0188781
0.018859
0.0188301
0.0187911
0.0187409
0.0186789
0.0186311
0.0178033
0.018452
0.019268
0.0192623
0.019248
0.0192247
0.0191921
0.0191497
0.0190979
0.0190574
0.0183282
0.0189304
0.019568
0.019559
0.0195409
0.0195226
0.0195038
0.0194715
0.019425
0.0193899
0.0187583
0.0193002
0.019797
0.0197918
0.0197806
0.0197609
0.0197349
0.0197124
0.0196853
0.0196566
0.0191122
0.019589
0.0199781
0.0199736
0.0199646
0.0199511
0.0199313
0.0199048
0.0198798
0.0198645
0.0194061
0.0198165
0.0201231
0.0201195
0.0201121
0.020101
0.0200856
0.0200633
0.020039
0.0200277
0.0196445
0.019996
0.0202397
0.0202368
0.0202309
0.0202218
0.0202095
0.0201932
0.0201681
0.0201555
0.0198416
0.0201411
0.0203341
0.0203317
0.0203268
0.0203194
0.0203092
0.020296
0.0202774
0.0202657
0.0199995
0.0202554
0.0204111
0.0204091
0.0204051
0.020399
0.0203906
0.0203798
0.0203656
0.0203558
0.0201311
0.0203475
0.0204744
0.0204727
0.0204695
0.0204644
0.0204576
0.0204487
0.0204374
0.0204295
0.0202408
0.0204227
0.0205266
0.0205252
0.0205225
0.0205184
0.0205128
0.0205056
0.0204964
0.0204901
0.0203321
0.0204846
0.0205698
0.0205687
0.0205665
0.0205631
0.0205585
0.0205526
0.0205451
0.02054
0.0204081
0.0205355
0.0206058
0.0206049
0.020603
0.0206003
0.0205965
0.0205916
0.0205855
0.0205814
0.0204713
0.0205775
0.0206357
0.020635
0.0206335
0.0206312
0.0206281
0.0206242
0.0206191
0.0206159
0.020524
0.0206123
0.0206608
0.0206602
0.020659
0.0206571
0.0206546
0.0206513
0.0206472
0.0206446
0.0205678
0.0206412
0.0206818
0.0206813
0.0206803
0.0206787
0.0206767
0.020674
0.0206706
0.0206686
0.0206044
0.0206653
0.0206994
0.020699
0.0206982
0.0206969
0.0206952
0.020693
0.0206903
0.0206886
0.020635
0.0206853
0.0207142
0.0207139
0.0207132
0.0207122
0.0207108
0.020709
0.0207068
0.0207055
0.0206605
0.0207021
0.0207267
0.0207264
0.0207258
0.020725
0.0207239
0.0207224
0.0207206
0.0207196
0.0206819
0.0207161
0.0207372
0.020737
0.0207365
0.0207358
0.0207349
0.0207337
0.0207322
0.0207314
0.0206997
0.0207279
0.020746
0.0207459
0.0207455
0.0207449
0.0207442
0.0207432
0.020742
0.0207414
0.0207147
0.0207378
0.0207535
0.0207534
0.0207531
0.0207526
0.020752
0.0207512
0.0207502
0.0207498
0.0207272
0.0207461
0.0207598
0.0207597
0.0207594
0.0207591
0.0207586
0.0207579
0.0207571
0.0207568
0.0207377
0.0207531
0.0207651
0.020765
0.0207648
0.0207645
0.0207641
0.0207636
0.020763
0.0207628
0.0207465
0.0207589
0.0207696
0.0207696
0.0207694
0.0207691
0.0207688
0.0207684
0.0207679
0.0207678
0.0207539
0.0207639
0.0207734
0.0207734
0.0207732
0.020773
0.0207728
0.0207724
0.020772
0.020772
0.0207601
0.0207681
0.0207766
0.0207766
0.0207765
0.0207763
0.0207761
0.0207758
0.0207755
0.0207755
0.0207653
0.0207716
0.0207794
0.0207793
0.0207792
0.0207791
0.0207789
0.0207787
0.0207784
0.0207785
0.0207696
0.0207746
0.0207816
0.0207816
0.0207815
0.0207814
0.0207813
0.0207811
0.0207809
0.020781
0.0207733
0.0207772
0.0207836
0.0207835
0.0207835
0.0207834
0.0207833
0.0207832
0.020783
0.0207831
0.0207764
0.0207793
0.0207852
0.0207852
0.0207851
0.0207851
0.020785
0.0207849
0.0207847
0.0207848
0.020779
0.0207812
0.0207866
0.0207865
0.0207865
0.0207865
0.0207864
0.0207863
0.0207862
0.0207863
0.0207812
0.0207827
0.0207877
0.0207877
0.0207877
0.0207876
0.0207876
0.0207875
0.0207874
0.0207875
0.020783
0.0207841
0.0207887
0.0207887
0.0207886
0.0207886
0.0207886
0.0207885
0.0207885
0.0207886
0.0207846
0.0207852
0.0207895
0.0207895
0.0207895
0.0207894
0.0207894
0.0207894
0.0207893
0.0207894
0.0207859
0.0207862
0.0207902
0.0207902
0.0207902
0.0207901
0.0207901
0.0207901
0.0207901
0.0207902
0.020787
0.0207871
0.0207907
0.0207907
0.0207907
0.0207907
0.0207907
0.0207907
0.0207907
0.0207908
0.0207879
0.0207878
0.0207912
0.0207912
0.0207912
0.0207912
0.0207912
0.0207912
0.0207912
0.0207913
0.0207887
0.0207884
0.0207916
0.0207916
0.0207916
0.0207916
0.0207916
0.0207916
0.0207916
0.0207917
0.0207893
0.020789
0.020792
0.020792
0.020792
0.020792
0.020792
0.020792
0.0207919
0.020792
0.0207899
0.0207894
0.0207923
0.0207923
0.0207923
0.0207923
0.0207923
0.0207922
0.0207922
0.0207923
0.0207903
0.0207898
0.0207925
0.0207925
0.0207925
0.0207925
0.0207925
0.0207925
0.0207925
0.0207925
0.0207907
0.0207901
0.0207927
0.0207927
0.0207927
0.0207927
0.0207927
0.0207927
0.0207927
0.0207927
0.0207911
0.0207905
0.0207929
0.0207929
0.0207929
0.0207929
0.0207929
0.0207929
0.0207929
0.0207929
0.0207914
0.0207908
0.020793
0.020793
0.020793
0.020793
0.020793
0.020793
0.020793
0.020793
0.0207916
0.020791
0.0207931
0.0207931
0.0207931
0.0207931
0.0207931
0.0207931
0.0207931
0.020793
0.0207919
0.0207913
0.0207931
0.0207931
0.0207931
0.0207931
0.0207931
0.0207931
0.0207931
0.0207931
0.0207921
0.0207915
0.0207932
0.0207932
0.0207932
0.0207932
0.0207932
0.0207932
0.0207932
0.0207931
0.0207922
0.0207917
0.0207932
0.0207932
0.0207932
0.0207932
0.0207932
0.0207932
0.0207932
0.0207931
0.0207924
0.0207918
0.0207932
0.0207932
0.0207932
0.0207932
0.0207932
0.0207932
0.0207932
0.0207931
0.0207925
0.020792
0.0207932
0.0207932
0.0207932
0.0207932
0.0207932
0.0207932
0.0207932
0.0207931
0.0207926
0.0207922
0.0207932
0.0207932
0.0207932
0.0207932
0.0207932
0.0207932
0.0207932
0.0207931
0.0207927
0.0207923
0.0207932
0.0207932
0.0207932
0.0207932
0.0207932
0.0207932
0.0207932
0.0207931
0.0207928
0.0207924
0.0207932
0.0207932
0.0207932
0.0207932
0.0207932
0.0207932
0.0207932
0.0207932
0.0207929
0.0207925
0.0207932
0.0207932
0.0207932
0.0207932
0.0207932
0.0207932
0.0207932
0.0207932
0.0207929
0.0207926
0.0207932
0.0207932
0.0207932
0.0207932
0.0207932
0.0207932
0.0207932
0.0207932
0.020793
0.0207927
0.0207933
0.0207933
0.0207933
0.0207933
0.0207933
0.0207933
0.0207933
0.0207932
0.020793
0.0207928
0.0207933
0.0207933
0.0207933
0.0207933
0.0207933
0.0207933
0.0207933
0.0207932
0.0207931
0.0207929
0.0207933
0.0207933
0.0207933
0.0207933
0.0207933
0.0207933
0.0207933
0.0207933
0.0207931
0.0207929
0.0207933
0.0207933
0.0207933
0.0207933
0.0207933
0.0207933
0.0207933
0.0207933
0.0207931
0.020793
0.0207933
0.0207933
0.0207933
0.0207933
0.0207933
0.0207933
0.0207933
0.0207933
0.0207932
0.020793
0.0207934
0.0207934
0.0207934
0.0207933
0.0207933
0.0207933
0.0207933
0.0207933
0.0207932
0.0207931
0.0207934
0.0207934
0.0207934
0.0207934
0.0207934
0.0207934
0.0207934
0.0207933
0.0207933
0.0207931
0.0207934
0.0207934
0.0207934
0.0207934
0.0207934
0.0207934
0.0207934
0.0207934
0.0207933
0.0207932
0.0207934
0.0207934
0.0207934
0.0207934
0.0207934
0.0207934
0.0207934
0.0207934
0.0207933
0.0207932
0.0207934
0.0207934
0.0207934
0.0207934
0.0207934
0.0207934
0.0207934
0.0207934
0.0207933
0.0207933
0.0207934
0.0207934
0.0207934
0.0207934
0.0207934
0.0207934
0.0207934
0.0207934
0.0207934
0.0207933
0.0207934
0.0207934
0.0207934
0.0207934
0.0207934
0.0207934
0.0207934
0.0207934
0.0207934
0.0207933
0.0207932
0.0207932
0.0207932
0.0207932
0.0207932
0.0207932
0.0207932
0.0207932
0.0207932
0.0207932
0.0207913
0.0207913
0.0207913
0.0207913
0.0207913
0.0207913
0.0207913
0.0207913
0.0207913
0.0207913
0.0207895
0.0207895
0.0207896
0.0207896
0.0207896
0.0207896
0.0207896
0.0207896
0.0207896
0.0207897
0.0207851
0.0207851
0.0207851
0.0207851
0.0207852
0.0207852
0.0207852
0.0207853
0.0207853
0.0207854
0.00632526
0.0118854
0.0133226
0.0145609
0.0154952
0.0162713
0.0169367
0.0175107
0.0180037
0.0184247
0.0187829
0.0190866
0.0193433
0.0195597
0.0197413
0.0198919
0.020014
0.0201082
0.0201742
0.0202101
0.00866216
0.0114041
0.0124761
0.0137757
0.0148913
0.0158472
0.0166534
0.0173255
0.017882
0.0183411
0.0187197
0.0190322
0.0192901
0.0195031
0.0196783
0.0198208
0.0199341
0.0200198
0.0200782
0.0201084
0.0111421
0.0133968
0.0141383
0.015101
0.0159285
0.0166439
0.0172549
0.0177725
0.0182083
0.018574
0.0188802
0.0191362
0.0193497
0.0195271
0.0196731
0.0197916
0.019885
0.0199546
0.0200012
0.0200247
0.0132623
0.0148707
0.0154011
0.0160986
0.0167106
0.0172506
0.0177207
0.0181262
0.0184733
0.018769
0.0190198
0.0192317
0.0194097
0.0195583
0.0196809
0.0197802
0.0198581
0.0199158
0.0199541
0.0199732
0.0150159
0.0160607
0.0164567
0.0169512
0.0173953
0.0177951
0.0181499
0.0184614
0.0187324
0.0189667
0.019168
0.0193398
0.0194854
0.0196077
0.019709
0.0197911
0.0198555
0.0199031
0.0199345
0.0199502
0.0163954
0.0170097
0.0173138
0.0176591
0.0179767
0.0182687
0.0185327
0.0187685
0.0189769
0.0191596
0.0193186
0.0194557
0.0195729
0.0196721
0.0197545
0.0198216
0.0198743
0.0199132
0.0199389
0.0199517
0.0174461
0.0177606
0.0179993
0.0182377
0.0184628
0.0186739
0.0188682
0.0190445
0.0192028
0.0193434
0.0194672
0.0195751
0.0196682
0.0197474
0.0198137
0.0198679
0.0199105
0.019942
0.0199629
0.0199733
0.018233
0.0183535
0.0185429
0.0187068
0.0188654
0.0190168
0.0191585
0.0192892
0.0194082
0.0195152
0.0196104
0.0196943
0.0197672
0.0198298
0.0198824
0.0199256
0.0199597
0.019985
0.0200017
0.0200101
0.0188194
0.0188215
0.018973
0.0190856
0.0191969
0.019305
0.0194078
0.0195039
0.0195925
0.0196731
0.0197457
0.0198101
0.0198667
0.0199155
0.0199568
0.0199908
0.0200178
0.0200379
0.0200512
0.0200578
0.0192578
0.0191919
0.0193141
0.0193913
0.0194694
0.0195463
0.0196204
0.0196907
0.0197562
0.0198165
0.0198712
0.0199203
0.0199637
0.0200014
0.0200335
0.02006
0.0200811
0.0200969
0.0201073
0.0201125
0.0195882
0.0194864
0.0195855
0.0196385
0.0196933
0.0197478
0.0198012
0.0198522
0.0199004
0.0199451
0.0199861
0.0200232
0.0200562
0.020085
0.0201096
0.0201301
0.0201465
0.0201587
0.0201669
0.0201709
0.0198399
0.0197221
0.0198026
0.019839
0.0198774
0.0199162
0.0199544
0.0199914
0.0200266
0.0200596
0.0200901
0.0201178
0.0201427
0.0201645
0.0201833
0.020199
0.0202115
0.0202209
0.0202272
0.0202304
0.020033
0.0199116
0.0199773
0.0200023
0.0200292
0.0200567
0.020084
0.0201107
0.0201363
0.0201606
0.0201831
0.0202037
0.0202223
0.0202388
0.020253
0.0202648
0.0202744
0.0202816
0.0202864
0.0202888
0.0201823
0.0200647
0.0201185
0.0201357
0.0201546
0.0201741
0.0201936
0.0202128
0.0202314
0.0202491
0.0202657
0.0202809
0.0202947
0.020307
0.0203177
0.0203266
0.0203338
0.0203392
0.0203428
0.0203447
0.0202999
0.0201892
0.0202333
0.0202451
0.0202585
0.0202723
0.0202862
0.0203
0.0203134
0.0203263
0.0203384
0.0203496
0.0203599
0.020369
0.0203769
0.0203836
0.0203889
0.020393
0.0203957
0.0203971
0.0203926
0.0202911
0.0203272
0.0203353
0.0203447
0.0203545
0.0203644
0.0203743
0.020384
0.0203933
0.0204022
0.0204104
0.0204179
0.0204246
0.0204304
0.0204354
0.0204394
0.0204424
0.0204445
0.0204455
0.020466
0.0203745
0.0204043
0.0204099
0.0204165
0.0204234
0.0204305
0.0204376
0.0204446
0.0204513
0.0204577
0.0204637
0.0204692
0.0204741
0.0204784
0.020482
0.020485
0.0204872
0.0204887
0.0204895
0.0205249
0.0204433
0.0204679
0.0204717
0.0204764
0.0204813
0.0204863
0.0204914
0.0204964
0.0205013
0.0205059
0.0205102
0.0205142
0.0205178
0.0205209
0.0205236
0.0205258
0.0205274
0.0205285
0.0205291
0.0205726
0.0205002
0.0205206
0.0205232
0.0205265
0.02053
0.0205336
0.0205372
0.0205407
0.0205442
0.0205475
0.0205507
0.0205536
0.0205562
0.0205585
0.0205604
0.020562
0.0205632
0.020564
0.0205644
0.0206112
0.0205475
0.0205643
0.0205661
0.0205684
0.0205709
0.0205735
0.020576
0.0205786
0.0205811
0.0205835
0.0205857
0.0205878
0.0205897
0.0205913
0.0205928
0.0205939
0.0205948
0.0205954
0.0205957
0.0206426
0.0205869
0.0206008
0.020602
0.0206037
0.0206054
0.0206072
0.020609
0.0206109
0.0206126
0.0206143
0.020616
0.0206174
0.0206188
0.02062
0.020621
0.0206218
0.0206225
0.0206229
0.0206231
0.0206683
0.0206198
0.0206313
0.0206321
0.0206332
0.0206345
0.0206358
0.0206371
0.0206384
0.0206396
0.0206408
0.020642
0.020643
0.020644
0.0206449
0.0206456
0.0206462
0.0206467
0.020647
0.0206471
0.0206893
0.0206473
0.0206568
0.0206573
0.0206582
0.020659
0.0206599
0.0206608
0.0206618
0.0206627
0.0206635
0.0206643
0.0206651
0.0206658
0.0206664
0.0206669
0.0206673
0.0206677
0.0206679
0.020668
0.0207066
0.0206703
0.0206782
0.0206785
0.0206791
0.0206797
0.0206804
0.020681
0.0206817
0.0206823
0.0206829
0.0206835
0.020684
0.0206845
0.0206849
0.0206853
0.0206856
0.0206858
0.020686
0.0206861
0.0207208
0.0206896
0.0206962
0.0206964
0.0206968
0.0206972
0.0206977
0.0206981
0.0206986
0.020699
0.0206995
0.0206999
0.0207003
0.0207006
0.0207009
0.0207012
0.0207014
0.0207015
0.0207016
0.0207017
0.0207326
0.0207059
0.0207114
0.0207114
0.0207117
0.020712
0.0207123
0.0207127
0.020713
0.0207133
0.0207136
0.0207139
0.0207141
0.0207144
0.0207146
0.0207148
0.0207149
0.020715
0.0207151
0.0207152
0.0207423
0.0207196
0.0207241
0.0207241
0.0207243
0.0207245
0.0207248
0.020725
0.0207252
0.0207254
0.0207256
0.0207258
0.020726
0.0207262
0.0207263
0.0207264
0.0207265
0.0207266
0.0207267
0.0207267
0.0207504
0.0207311
0.0207348
0.0207348
0.020735
0.0207351
0.0207353
0.0207354
0.0207356
0.0207357
0.0207359
0.020736
0.0207361
0.0207362
0.0207363
0.0207364
0.0207365
0.0207366
0.0207366
0.0207366
0.0207571
0.0207408
0.0207439
0.0207439
0.020744
0.0207441
0.0207442
0.0207443
0.0207444
0.0207445
0.0207446
0.0207447
0.0207448
0.0207448
0.0207449
0.020745
0.020745
0.020745
0.0207451
0.0207451
0.0207627
0.0207489
0.0207515
0.0207515
0.0207516
0.0207516
0.0207517
0.0207518
0.0207519
0.0207519
0.020752
0.0207521
0.0207521
0.0207522
0.0207522
0.0207522
0.0207523
0.0207523
0.0207523
0.0207523
0.0207674
0.0207558
0.020758
0.020758
0.020758
0.0207581
0.0207581
0.0207581
0.0207582
0.0207582
0.0207583
0.0207583
0.0207584
0.0207584
0.0207584
0.0207585
0.0207585
0.0207585
0.0207585
0.0207585
0.0207713
0.0207617
0.0207635
0.0207634
0.0207635
0.0207635
0.0207635
0.0207635
0.0207636
0.0207636
0.0207636
0.0207637
0.0207637
0.0207637
0.0207637
0.0207637
0.0207638
0.0207638
0.0207638
0.0207638
0.0207746
0.0207666
0.0207681
0.020768
0.0207681
0.0207681
0.0207681
0.0207681
0.0207681
0.0207682
0.0207682
0.0207682
0.0207682
0.0207682
0.0207682
0.0207682
0.0207682
0.0207683
0.0207683
0.0207683
0.0207774
0.0207707
0.020772
0.0207719
0.0207719
0.020772
0.020772
0.020772
0.020772
0.020772
0.020772
0.020772
0.020772
0.020772
0.0207721
0.0207721
0.0207721
0.0207721
0.0207721
0.0207721
0.0207797
0.0207743
0.0207753
0.0207752
0.0207752
0.0207753
0.0207753
0.0207753
0.0207753
0.0207753
0.0207753
0.0207753
0.0207753
0.0207753
0.0207753
0.0207753
0.0207753
0.0207753
0.0207753
0.0207753
0.0207816
0.0207772
0.0207781
0.020778
0.020778
0.020778
0.020778
0.0207781
0.0207781
0.0207781
0.0207781
0.0207781
0.0207781
0.0207781
0.0207781
0.0207781
0.0207781
0.0207781
0.0207781
0.0207781
0.0207833
0.0207797
0.0207804
0.0207804
0.0207804
0.0207804
0.0207804
0.0207804
0.0207804
0.0207804
0.0207804
0.0207804
0.0207804
0.0207804
0.0207804
0.0207804
0.0207804
0.0207804
0.0207804
0.0207804
0.0207847
0.0207818
0.0207824
0.0207824
0.0207824
0.0207824
0.0207824
0.0207824
0.0207824
0.0207824
0.0207824
0.0207824
0.0207824
0.0207824
0.0207824
0.0207824
0.0207824
0.0207824
0.0207824
0.0207824
0.0207859
0.0207836
0.0207841
0.0207841
0.0207841
0.0207841
0.0207841
0.0207841
0.0207841
0.0207841
0.0207841
0.0207841
0.0207841
0.0207841
0.0207841
0.0207841
0.0207841
0.0207841
0.0207841
0.0207841
0.0207869
0.0207852
0.0207855
0.0207855
0.0207855
0.0207855
0.0207855
0.0207855
0.0207855
0.0207855
0.0207855
0.0207855
0.0207855
0.0207855
0.0207855
0.0207855
0.0207855
0.0207855
0.0207855
0.0207855
0.0207878
0.0207864
0.0207868
0.0207867
0.0207867
0.0207867
0.0207867
0.0207867
0.0207867
0.0207867
0.0207867
0.0207867
0.0207867
0.0207867
0.0207867
0.0207867
0.0207867
0.0207867
0.0207867
0.0207867
0.0207885
0.0207875
0.0207878
0.0207878
0.0207878
0.0207878
0.0207878
0.0207878
0.0207878
0.0207878
0.0207878
0.0207878
0.0207878
0.0207878
0.0207878
0.0207878
0.0207878
0.0207878
0.0207878
0.0207878
0.0207892
0.0207884
0.0207887
0.0207886
0.0207886
0.0207886
0.0207886
0.0207886
0.0207886
0.0207886
0.0207886
0.0207886
0.0207886
0.0207886
0.0207886
0.0207886
0.0207886
0.0207886
0.0207886
0.0207886
0.0207897
0.0207892
0.0207894
0.0207894
0.0207894
0.0207894
0.0207894
0.0207894
0.0207894
0.0207894
0.0207894
0.0207894
0.0207894
0.0207894
0.0207894
0.0207894
0.0207894
0.0207894
0.0207894
0.0207894
0.0207902
0.0207899
0.02079
0.02079
0.02079
0.02079
0.02079
0.02079
0.02079
0.02079
0.02079
0.02079
0.02079
0.02079
0.02079
0.02079
0.02079
0.02079
0.02079
0.02079
0.0207906
0.0207904
0.0207905
0.0207905
0.0207905
0.0207905
0.0207905
0.0207905
0.0207905
0.0207905
0.0207905
0.0207905
0.0207905
0.0207905
0.0207905
0.0207905
0.0207905
0.0207905
0.0207905
0.0207905
0.0207909
0.0207909
0.020791
0.020791
0.020791
0.020791
0.020791
0.020791
0.020791
0.020791
0.020791
0.020791
0.020791
0.020791
0.020791
0.020791
0.020791
0.020791
0.020791
0.020791
0.0207912
0.0207913
0.0207914
0.0207913
0.0207914
0.0207914
0.0207914
0.0207914
0.0207914
0.0207914
0.0207914
0.0207914
0.0207913
0.0207913
0.0207913
0.0207913
0.0207913
0.0207913
0.0207913
0.0207913
0.0207915
0.0207916
0.0207917
0.0207917
0.0207917
0.0207917
0.0207917
0.0207917
0.0207917
0.0207917
0.0207917
0.0207917
0.0207917
0.0207917
0.0207917
0.0207917
0.0207917
0.0207917
0.0207917
0.0207917
0.0207917
0.0207919
0.020792
0.0207919
0.0207919
0.0207919
0.0207919
0.0207919
0.0207919
0.0207919
0.0207919
0.0207919
0.0207919
0.0207919
0.0207919
0.0207919
0.0207919
0.0207919
0.0207919
0.0207919
0.0207919
0.0207922
0.0207922
0.0207922
0.0207922
0.0207922
0.0207922
0.0207922
0.0207922
0.0207922
0.0207922
0.0207922
0.0207922
0.0207922
0.0207922
0.0207922
0.0207922
0.0207922
0.0207922
0.0207922
0.0207921
0.0207924
0.0207924
0.0207924
0.0207924
0.0207924
0.0207924
0.0207924
0.0207924
0.0207924
0.0207924
0.0207924
0.0207924
0.0207924
0.0207924
0.0207924
0.0207924
0.0207924
0.0207924
0.0207924
0.0207922
0.0207925
0.0207925
0.0207925
0.0207925
0.0207925
0.0207925
0.0207925
0.0207925
0.0207925
0.0207925
0.0207925
0.0207925
0.0207925
0.0207925
0.0207925
0.0207925
0.0207925
0.0207925
0.0207925
0.0207924
0.0207927
0.0207927
0.0207927
0.0207927
0.0207927
0.0207927
0.0207927
0.0207927
0.0207927
0.0207927
0.0207927
0.0207927
0.0207927
0.0207927
0.0207927
0.0207927
0.0207927
0.0207927
0.0207927
0.0207925
0.0207928
0.0207928
0.0207928
0.0207928
0.0207928
0.0207928
0.0207928
0.0207928
0.0207928
0.0207928
0.0207928
0.0207928
0.0207928
0.0207928
0.0207928
0.0207928
0.0207928
0.0207928
0.0207928
0.0207926
0.0207929
0.0207929
0.0207929
0.0207929
0.0207929
0.0207929
0.0207929
0.0207929
0.0207929
0.0207929
0.0207929
0.0207929
0.0207929
0.0207929
0.0207929
0.0207929
0.0207929
0.0207929
0.0207929
0.0207927
0.020793
0.020793
0.020793
0.020793
0.020793
0.020793
0.020793
0.020793
0.020793
0.020793
0.020793
0.020793
0.020793
0.020793
0.020793
0.020793
0.020793
0.020793
0.020793
0.0207927
0.020793
0.020793
0.020793
0.020793
0.020793
0.020793
0.020793
0.020793
0.020793
0.020793
0.020793
0.020793
0.020793
0.020793
0.020793
0.020793
0.020793
0.020793
0.020793
0.0207928
0.0207931
0.0207931
0.0207931
0.0207931
0.0207931
0.0207931
0.0207931
0.0207931
0.0207931
0.0207931
0.0207931
0.0207931
0.0207931
0.0207931
0.0207931
0.0207931
0.0207931
0.0207931
0.0207931
0.0207929
0.0207932
0.0207932
0.0207931
0.0207931
0.0207931
0.0207932
0.0207932
0.0207932
0.0207932
0.0207932
0.0207932
0.0207932
0.0207932
0.0207932
0.0207932
0.0207932
0.0207932
0.0207932
0.0207932
0.0207929
0.0207932
0.0207932
0.0207932
0.0207932
0.0207932
0.0207932
0.0207932
0.0207932
0.0207932
0.0207932
0.0207932
0.0207932
0.0207932
0.0207932
0.0207932
0.0207932
0.0207932
0.0207932
0.0207932
0.020793
0.0207932
0.0207932
0.0207932
0.0207932
0.0207932
0.0207932
0.0207932
0.0207932
0.0207932
0.0207932
0.0207932
0.0207932
0.0207932
0.0207932
0.0207932
0.0207932
0.0207932
0.0207932
0.0207932
0.020793
0.0207933
0.0207933
0.0207933
0.0207933
0.0207933
0.0207933
0.0207933
0.0207933
0.0207933
0.0207933
0.0207933
0.0207933
0.0207933
0.0207933
0.0207933
0.0207933
0.0207933
0.0207933
0.0207933
0.020793
0.0207933
0.0207933
0.0207933
0.0207933
0.0207933
0.0207933
0.0207933
0.0207933
0.0207933
0.0207933
0.0207933
0.0207933
0.0207933
0.0207933
0.0207933
0.0207933
0.0207933
0.0207933
0.0207933
0.0207931
0.0207933
0.0207933
0.0207933
0.0207933
0.0207933
0.0207933
0.0207933
0.0207933
0.0207933
0.0207933
0.0207933
0.0207933
0.0207933
0.0207933
0.0207933
0.0207933
0.0207933
0.0207933
0.0207933
0.0207931
0.0207933
0.0207933
0.0207933
0.0207933
0.0207933
0.0207933
0.0207933
0.0207933
0.0207933
0.0207933
0.0207933
0.0207933
0.0207933
0.0207933
0.0207933
0.0207933
0.0207933
0.0207933
0.0207933
0.0207932
0.0207933
0.0207933
0.0207933
0.0207933
0.0207933
0.0207933
0.0207933
0.0207933
0.0207933
0.0207933
0.0207933
0.0207933
0.0207933
0.0207933
0.0207933
0.0207933
0.0207933
0.0207933
0.0207933
0.0207932
0.0207934
0.0207934
0.0207934
0.0207934
0.0207934
0.0207934
0.0207934
0.0207934
0.0207934
0.0207934
0.0207934
0.0207934
0.0207934
0.0207934
0.0207934
0.0207934
0.0207934
0.0207934
0.0207934
0.0207932
0.0207934
0.0207934
0.0207934
0.0207934
0.0207934
0.0207934
0.0207934
0.0207934
0.0207934
0.0207934
0.0207934
0.0207934
0.0207934
0.0207934
0.0207934
0.0207934
0.0207934
0.0207934
0.0207934
0.0207933
0.0207934
0.0207934
0.0207934
0.0207934
0.0207934
0.0207934
0.0207934
0.0207934
0.0207934
0.0207934
0.0207934
0.0207934
0.0207934
0.0207934
0.0207934
0.0207934
0.0207934
0.0207934
0.0207934
0.0207933
0.0207934
0.0207934
0.0207934
0.0207934
0.0207934
0.0207934
0.0207934
0.0207934
0.0207934
0.0207934
0.0207934
0.0207934
0.0207934
0.0207934
0.0207934
0.0207934
0.0207934
0.0207934
0.0207934
0.0207933
0.0207934
0.0207934
0.0207934
0.0207934
0.0207934
0.0207934
0.0207934
0.0207934
0.0207934
0.0207934
0.0207934
0.0207934
0.0207934
0.0207934
0.0207934
0.0207934
0.0207934
0.0207934
0.0207934
0.0207933
0.0207934
0.0207934
0.0207934
0.0207934
0.0207934
0.0207934
0.0207934
0.0207934
0.0207934
0.0207934
0.0207934
0.0207934
0.0207934
0.0207934
0.0207934
0.0207934
0.0207934
0.0207934
0.0207934
0.0207933
0.0207934
0.0207934
0.0207934
0.0207934
0.0207934
0.0207934
0.0207934
0.0207934
0.0207934
0.0207934
0.0207934
0.0207934
0.0207934
0.0207934
0.0207934
0.0207934
0.0207934
0.0207934
0.0207934
0.0207934
0.0207934
0.0207934
0.0207934
0.0207934
0.0207934
0.0207934
0.0207934
0.0207934
0.0207934
0.0207934
0.0207934
0.0207934
0.0207934
0.0207934
0.0207934
0.0207934
0.0207934
0.0207934
0.0207934
0.0207934
0.0207934
0.0207934
0.0207934
0.0207934
0.0207934
0.0207934
0.0207934
0.0207934
0.0207934
0.0207934
0.0207934
0.0207934
0.0207934
0.0207934
0.0207934
0.0207934
0.0207934
0.0207934
0.0207934
0.0207932
0.0207932
0.0207932
0.0207932
0.0207932
0.0207932
0.0207932
0.0207932
0.0207932
0.0207932
0.0207932
0.0207932
0.0207932
0.0207932
0.0207932
0.0207932
0.0207932
0.0207932
0.0207932
0.0207932
0.0207913
0.0207913
0.0207913
0.0207913
0.0207913
0.0207913
0.0207913
0.0207913
0.0207913
0.0207913
0.0207913
0.0207913
0.0207913
0.0207913
0.0207913
0.0207913
0.0207913
0.0207913
0.0207913
0.0207913
0.0207897
0.0207897
0.0207897
0.0207897
0.0207897
0.0207897
0.0207897
0.0207897
0.0207897
0.0207897
0.0207897
0.0207897
0.0207897
0.0207897
0.0207897
0.0207897
0.0207897
0.0207897
0.0207897
0.0207897
0.0207855
0.0207854
0.0207854
0.0207854
0.0207854
0.0207854
0.0207854
0.0207854
0.0207854
0.0207854
0.0207854
0.0207854
0.0207854
0.0207854
0.0207854
0.0207854
0.0207854
0.0207854
0.0207854
0.0207854
0.00694743
0.00862997
0.0104825
0.0121657
0.0136398
0.0148944
0.0159411
0.0168054
0.0175154
0.018097
0.0185755
0.0189725
0.019304
0.0195843
0.0198267
0.0200374
0.020227
0.020402
0.0205668
0.020739
0.00682074
0.0087004
0.0105135
0.0121956
0.0136657
0.0149175
0.0159615
0.0168225
0.0175301
0.0181093
0.0185855
0.0189802
0.0193098
0.0195881
0.0198281
0.0200372
0.0202238
0.0203949
0.0205475
0.020698
0.00662101
0.0087568
0.0105242
0.0122063
0.0136749
0.0149251
0.0159693
0.01683
0.0175361
0.0181145
0.0185893
0.0189821
0.0193102
0.0195864
0.0198233
0.0200295
0.0202115
0.0203749
0.020509
0.0206417
0.00636135
0.00879363
0.0105104
0.0121946
0.0136651
0.0149179
0.0159653
0.0168284
0.0175352
0.0181139
0.0185881
0.0189796
0.0193059
0.0195799
0.0198137
0.0200158
0.020192
0.0203459
0.0204613
0.0205832
0.00605502
0.00880074
0.0104647
0.0121548
0.0136321
0.0148937
0.0159481
0.0168162
0.0175268
0.0181072
0.018582
0.0189728
0.019297
0.0195691
0.0197997
0.0199971
0.0201671
0.0203113
0.0204101
0.0205243
0.00571363
0.00876429
0.0103778
0.0120788
0.0135709
0.0148481
0.0159153
0.0167932
0.0175107
0.0180946
0.0185714
0.0189624
0.0192852
0.0195552
0.0197823
0.0199751
0.0201385
0.0202735
0.0203593
0.0204659
0.00534461
0.00866464
0.0102384
0.0119569
0.0134741
0.0147761
0.0158642
0.0167581
0.0174862
0.0180766
0.0185571
0.0189491
0.0192715
0.0195393
0.0197629
0.0199511
0.020108
0.0202349
0.0203119
0.0204088
0.00498388
0.00853795
0.0100964
0.0118329
0.013379
0.0147088
0.0158195
0.01673
0.0174679
0.0180644
0.0185475
0.0189393
0.0192603
0.019525
0.0197446
0.0199276
0.0200781
0.0201976
0.0202695
0.0203534
0.00389056
0.0066982
0.00833041
0.0101455
0.0118859
0.0134639
0.0148299
0.0159723
0.016904
0.0176539
0.0182523
0.0187287
0.0191094
0.0194153
0.019662
0.0198621
0.0200227
0.0201474
0.020226
0.0202979
0.00390573
0.00807666
0.010116
0.0119789
0.0136129
0.0149749
0.0160801
0.0169638
0.017666
0.0182249
0.0186715
0.019031
0.0193228
0.0195618
0.0197583
0.01992
0.0200509
0.0201525
0.0202213
0.0202699
0.00479102
0.00430288
0.00422014
0.00431549
0.00443771
0.00455829
0.00466263
0.00474298
0.0047956
0.00481944
0.00517211
0.00419076
0.00394605
0.0038883
0.00390055
0.00393828
0.00398298
0.00402658
0.00406581
0.00410003
0.00368996
0.00345843
0.00332344
0.00326995
0.00326406
0.00328216
0.00330932
0.00333571
0.00335524
0.00336517
0.00282719
0.00276714
0.00271064
0.00267734
0.00266549
0.00266752
0.00267667
0.0026877
0.00269668
0.00270104
0.00216545
0.00214814
0.00212821
0.00211259
0.00210431
0.00210212
0.0021039
0.00210738
0.00211047
0.00211126
0.00162173
0.0016161
0.00161049
0.00160453
0.00160042
0.00159838
0.00159797
0.00159842
0.00159867
0.00159783
0.00117103
0.001169
0.00116849
0.00116708
0.00116585
0.00116496
0.00116436
0.00116385
0.00116299
0.00116145
0.000779304
0.000784085
0.000790752
0.000796188
0.000800754
0.000804195
0.000806394
0.000807135
0.000806146
0.000803489
0.000542212
0.000525329
0.000512881
0.0005027
0.000494814
0.000489086
0.000485506
0.00048393
0.000484082
0.000486009
0.000431301
0.000440163
0.000452331
0.00046387
0.000474717
0.000484346
0.000492194
0.000497494
0.000499227
0.000499643
0.00483119
0.00483566
0.00484152
0.00484617
0.00484158
0.00480943
0.00471795
0.00452039
0.0041064
0.00436026
0.00397065
0.00397054
0.00396561
0.00395598
0.00393739
0.00390317
0.00384616
0.00376416
0.00366706
0.00388073
0.00329475
0.00330186
0.0033094
0.00331939
0.00332848
0.0033337
0.00333437
0.00333775
0.00337147
0.00354904
0.00265913
0.00266475
0.00266846
0.00267437
0.00268059
0.00268662
0.00269366
0.00270623
0.0027338
0.00279313
0.00208281
0.00208788
0.00208989
0.00209406
0.00209892
0.00210465
0.00211203
0.00212224
0.00213654
0.00215712
0.00157362
0.00157843
0.00157944
0.00158245
0.00158619
0.00159082
0.0015964
0.00160295
0.00160969
0.00161858
0.00113716
0.00114164
0.00114206
0.00114437
0.00114734
0.00115087
0.00115487
0.0011592
0.00116277
0.00116851
0.000719436
0.000723659
0.000725374
0.000729196
0.000734104
0.000740035
0.00074688
0.000754444
0.000761748
0.0007715
0.0007112
0.000711267
0.000696767
0.000679227
0.000658605
0.000636698
0.000614916
0.000594177
0.000574354
0.000559465
0.000367106
0.000369946
0.000372085
0.000375921
0.000380964
0.000387217
0.000394741
0.000403654
0.000413718
0.000425069
0.0201651
0.0201355
0.020081
0.0200089
0.0199256
0.0198358
0.0197413
0.0196287
0.0195023
0.0194122
0.0201497
0.0201521
0.0201571
0.0201641
0.020173
0.0201827
0.0201902
0.0201708
0.0201412
0.0202054
0.0201092
0.0201114
0.0201158
0.0201222
0.0201301
0.0201386
0.0201443
0.0201198
0.0200703
0.0201709
0.0200465
0.0200484
0.0200523
0.0200577
0.0200644
0.0200712
0.0200742
0.0200403
0.0199595
0.0201175
0.0199593
0.0199608
0.0199639
0.0199682
0.0199733
0.0199777
0.0199769
0.0199257
0.0198009
0.0200427
0.0198438
0.019845
0.0198472
0.0198502
0.0198534
0.0198552
0.0198497
0.0197639
0.0195829
0.0199479
0.0196944
0.019695
0.019696
0.0196972
0.0196978
0.0196957
0.0196824
0.0195621
0.0193164
0.0198297
0.0195035
0.0195032
0.0195024
0.0195007
0.019497
0.0194884
0.0194598
0.0193358
0.0190204
0.0196671
0.0192617
0.0192603
0.0192573
0.0192521
0.0192433
0.019226
0.0191701
0.0190475
0.0186657
0.0194696
0.0189563
0.0189535
0.0189477
0.0189381
0.0189221
0.0188912
0.0187651
0.0187034
0.0183073
0.0192271
0.0185699
0.0185652
0.0185552
0.0185385
0.0185101
0.0184463
0.0182812
0.0183348
0.0178587
0.0188703
0.0180809
0.018074
0.0180591
0.0180337
0.0179861
0.0178297
0.0176996
0.0179769
0.017288
0.0183626
0.0174577
0.017447
0.0174219
0.0173713
0.0172363
0.0171219
0.0172386
0.0175281
0.0164033
0.0176663
0.0166639
0.0166401
0.0165612
0.0164683
0.016432
0.0164724
0.0165927
0.0167212
0.0153279
0.0168133
0.0156018
0.0155806
0.0155391
0.0154831
0.0155038
0.0155901
0.0155854
0.0155777
0.0141256
0.0157748
0.0142949
0.0142952
0.0142912
0.0142812
0.0142704
0.0142488
0.0142085
0.0142425
0.0128526
0.0144947
0.0127158
0.0127096
0.0126969
0.0126776
0.0126535
0.0126273
0.0125999
0.0126482
0.01147
0.0129135
0.0107805
0.0107748
0.0107643
0.010751
0.0107376
0.0107279
0.0107254
0.010785
0.00997658
0.0109995
0.00854562
0.00853228
0.00850693
0.00847257
0.00843335
0.00839469
0.00836372
0.0083781
0.00800138
0.00855198
0.00634181
0.00637097
0.00643112
0.00652677
0.0066619
0.00683878
0.00704281
0.00722127
0.00711211
0.00609043
0.0192756
0.0190345
0.0188355
0.0186738
0.0185516
0.0184691
0.0184254
0.0184192
0.0184489
0.0185124
0.0186076
0.0187322
0.0188839
0.0190601
0.0192578
0.0194733
0.0197013
0.0199325
0.0201465
0.0202941
0.0202807
0.02032
0.0203914
0.0204626
0.0205341
0.0205998
0.0206487
0.0206628
0.0206379
0.0205938
0.0205453
0.0204986
0.0204561
0.0204189
0.0203872
0.0203611
0.0203404
0.0203251
0.020315
0.0203099
0.0202658
0.0202708
0.0203435
0.0204088
0.0204716
0.0205255
0.0205626
0.0205755
0.020564
0.0205358
0.0204999
0.0204623
0.0204265
0.0203942
0.0203661
0.0203428
0.0203242
0.0203103
0.0203012
0.0202966
0.0202437
0.0201977
0.0202739
0.0203337
0.0203899
0.0204367
0.020469
0.0204836
0.0204808
0.0204646
0.0204403
0.0204126
0.0203847
0.0203587
0.0203356
0.0203161
0.0203004
0.0202886
0.0202808
0.0202769
0.0202147
0.0200997
0.0201829
0.0202391
0.0202918
0.0203357
0.0203676
0.0203856
0.0203903
0.0203839
0.0203701
0.0203522
0.0203328
0.0203138
0.0202966
0.0202817
0.0202696
0.0202604
0.0202543
0.0202513
0.0201792
0.0199736
0.0200688
0.0201244
0.0201769
0.0202217
0.0202563
0.0202796
0.020292
0.020295
0.0202912
0.0202829
0.0202722
0.020261
0.0202501
0.0202405
0.0202325
0.0202264
0.0202223
0.0202203
0.0201235
0.0198158
0.0199286
0.0199871
0.0200432
0.0200924
0.0201328
0.0201635
0.0201848
0.0201977
0.0202041
0.0202057
0.0202043
0.0202012
0.0201974
0.0201935
0.0201902
0.0201875
0.0201856
0.0201847
0.0200326
0.0196226
0.0197581
0.0198232
0.0198872
0.0199449
0.0199945
0.0200353
0.0200674
0.0200916
0.0201091
0.0201215
0.0201299
0.0201356
0.0201394
0.0201419
0.0201436
0.0201447
0.0201453
0.0201456
0.0199071
0.0193843
0.0195502
0.0196274
0.0197043
0.0197753
0.0198384
0.0198929
0.0199385
0.0199761
0.0200064
0.0200307
0.02005
0.0200653
0.0200774
0.0200869
0.0200941
0.0200994
0.0201028
0.0201045
0.0197167
0.0190912
0.0192962
0.0193924
0.0194891
0.0195795
0.0196615
0.019734
0.0197969
0.0198507
0.019896
0.019934
0.0199656
0.0199917
0.0200131
0.0200302
0.0200435
0.0200533
0.0200598
0.020063
0.0194595
0.0187306
0.0189846
0.0191094
0.019235
0.0193528
0.0194605
0.0195568
0.0196416
0.0197152
0.0197785
0.0198325
0.0198781
0.0199164
0.019948
0.0199737
0.0199937
0.0200086
0.0200183
0.0200232
0.0191029
0.0182814
0.0185997
0.0187677
0.0189341
0.0190899
0.0192321
0.0193594
0.0194718
0.0195698
0.0196546
0.0197273
0.0197892
0.0198413
0.0198845
0.0199197
0.0199472
0.0199676
0.019981
0.0199877
0.0185985
0.0177264
0.0181249
0.0183549
0.0185786
0.0187858
0.0189734
0.0191404
0.0192873
0.0194152
0.0195256
0.0196203
0.0197009
0.0197687
0.019825
0.0198708
0.0199067
0.0199332
0.0199507
0.0199594
0.017881
0.0170439
0.0175408
0.0178582
0.0181601
0.0184356
0.018682
0.0188992
0.0190886
0.0192525
0.0193934
0.0195136
0.0196156
0.0197013
0.0197723
0.0198299
0.0198751
0.0199084
0.0199304
0.0199414
0.0168722
0.0162112
0.016827
0.0172653
0.0176715
0.0180358
0.0183567
0.0186361
0.0188772
0.0190839
0.0192602
0.0194099
0.0195362
0.0196419
0.0197293
0.0198001
0.0198555
0.0198965
0.0199236
0.0199371
0.0154884
0.0152041
0.0159652
0.0165664
0.0171081
0.017585
0.0179984
0.0183531
0.0186555
0.018912
0.0191289
0.0193117
0.0194652
0.0195932
0.0196987
0.0197841
0.0198511
0.0199006
0.0199334
0.0199498
0.0136557
0.0140012
0.0149451
0.0157576
0.0164704
0.0170859
0.0176105
0.018054
0.0184271
0.0187402
0.0190025
0.019222
0.0194052
0.0195575
0.0196829
0.0197844
0.0198642
0.0199235
0.0199629
0.0199827
0.0113759
0.01261
0.0137866
0.0148604
0.015779
0.0165567
0.0172083
0.017751
0.0182019
0.018576
0.0188866
0.0191448
0.0193593
0.0195371
0.0196836
0.0198026
0.0198966
0.019967
0.0200142
0.0200382
0.00827447
0.0104797
0.0119847
0.0134159
0.014639
0.0156724
0.0165332
0.0172435
0.0178265
0.0183042
0.0186958
0.0190173
0.019282
0.0195001
0.0196792
0.019825
0.0199409
0.0200286
0.0200885
0.0201198
0.0083676
0.0139504
0.0154004
0.016746
0.0177871
0.0179854
0.0182169
0.0184673
0.0187169
0.0189538
0.0191719
0.0193684
0.0195432
0.0196968
0.0198305
0.0199451
0.0200402
0.0201152
0.0201689
0.0201989
0.00433273
0.00833603
0.0101574
0.0118964
0.0134407
0.0147568
0.0158494
0.0167419
0.0174652
0.0180488
0.0185206
0.0189034
0.0192152
0.0194703
0.0196797
0.0198506
0.0199875
0.0200924
0.0201642
0.0202078
0.00351859
0.00525255
0.00676315
0.00846816
0.0102191
0.0119082
0.0134501
0.0147972
0.0159362
0.016875
0.0176374
0.018251
0.0187423
0.0191358
0.01945
0.0197011
0.0198986
0.0200479
0.0201461
0.02021
0.00528896
0.00765038
0.00935512
0.0110621
0.012655
0.0140687
0.0152745
0.0162769
0.0170981
0.0177647
0.018305
0.0187436
0.0191005
0.0193942
0.0196347
0.0198337
0.0199958
0.0201219
0.0202036
0.0202663
0.00564761
0.00777734
0.00957152
0.0112718
0.0128372
0.0142132
0.0153855
0.0163593
0.0171586
0.0178102
0.0183404
0.0187733
0.0191277
0.0194206
0.0196639
0.0198655
0.0200328
0.0201659
0.0202532
0.0203235
0.00602636
0.00795949
0.00981923
0.0115127
0.0130498
0.0143881
0.0155235
0.0164662
0.0172401
0.0178733
0.0183897
0.0188134
0.0191632
0.0194528
0.0196969
0.0199005
0.0200719
0.0202119
0.0203075
0.0203846
0.00635255
0.00811198
0.0100115
0.0117025
0.0132186
0.0145304
0.015637
0.0165563
0.0173104
0.017929
0.0184351
0.018851
0.0191965
0.0194842
0.0197278
0.0199346
0.0201106
0.0202579
0.0203646
0.0204496
0.00662124
0.00824306
0.0101606
0.0118504
0.0133518
0.0146444
0.01573
0.016631
0.0173706
0.0179772
0.0184753
0.0188853
0.0192268
0.0195137
0.0197563
0.019966
0.0201466
0.0203024
0.0204224
0.0205174
0.00682343
0.00835707
0.010276
0.0119647
0.0134567
0.0147344
0.0158053
0.016692
0.0174209
0.0180183
0.0185097
0.0189152
0.0192535
0.0195394
0.0197818
0.0199933
0.0201782
0.0203423
0.0204784
0.0205866
0.00694859
0.00845711
0.0103642
0.0120514
0.0135369
0.0148037
0.0158642
0.0167407
0.017461
0.0180518
0.0185379
0.01894
0.0192755
0.0195599
0.0198026
0.0200149
0.0202036
0.020374
0.0205268
0.0206553
0.00699078
0.00854779
0.0104321
0.0121175
0.013597
0.0148561
0.0159085
0.0167781
0.017492
0.0180777
0.0185596
0.0189589
0.0192923
0.0195749
0.0198179
0.0200297
0.0202203
0.0203946
0.0205591
0.0207176
)
;

boundaryField
{
    down
    {
        type            symmetry;
    }
    right
    {
        type            zeroGradient;
    }
    up
    {
        type            symmetry;
    }
    left
    {
        type            fixedValue;
        value           uniform 0.00748;
    }
    cylinder
    {
        type            symmetry;
    }
    defaultFaces
    {
        type            empty;
    }
}


// ************************************************************************* //
