/*--------------------------------*- C++ -*----------------------------------*\
  =========                 |
  \\      /  F ield         | OpenFOAM: The Open Source CFD Toolbox
   \\    /   O peration     | Website:  https://openfoam.org
    \\  /    A nd           | Version:  10
     \\/     M anipulation  |
\*---------------------------------------------------------------------------*/
FoamFile
{
    format      ascii;
    class       volScalarField;
    location    "2.64e-05";
    object      p;
}
// * * * * * * * * * * * * * * * * * * * * * * * * * * * * * * * * * * * * * //

dimensions      [0 2 -2 0 0 0 0];

internalField   nonuniform List<scalar> 
7600
(
0.00149758
9363.79
13781.8
16994.8
19450.3
21397.5
22982.8
24301.8
25422.7
26356.6
3518.99
12077.1
16109.7
19041.6
21282.3
23059.5
24506.9
25711.1
26731.4
27576.7
7268.85
14962.8
18585.6
21218.1
23229.7
24824.8
26123.4
27202.9
28116.3
28872.6
11226.2
18005
21194.9
23511.4
25281
26683.4
27824.5
28771.8
29571.7
30230
15366.2
21185.5
23921.7
25907.7
27424
28625
29601.4
30410.7
31092.1
31648.9
19663.3
24485.1
26749.8
28392.5
29646
30638.3
31444.2
32111.1
32671
33125.8
24091.5
27883.7
29661.7
30950.6
31933.6
32711.4
33342.4
33863.7
34300.3
34653.3
28624.1
31360.4
32639.5
33566.3
34272.9
34831.5
35284.4
35658
35970.3
36221.9
33235.2
34893.6
35664.9
36223.9
36649.6
36985.9
37258.3
37482.8
37670.2
37820.7
37898.8
38460.6
38719
38906.3
39048.6
39160.9
39251.7
39326.3
39388.4
39438
-18817.8
-5089.98
1365.25
6062.02
9653.06
12500
14815.2
16734.9
18351
19729.1
-18461.3
-4820.75
1598.16
6268.18
9838.61
12669.1
14971
16879.6
18486.5
19857.8
-17741.8
-4271.92
2070.07
6684.26
10212
13008.6
15282.9
17168.7
18756.6
20113.9
-16664.7
-3448.21
2777.56
7307.47
10770.7
13516.1
15748.8
17600.1
19159.2
20495.1
-15237.4
-2355.25
3716.16
8133.89
11511.3
14188.5
16365.7
18170.9
19691.2
20997.9
-13469.3
-1000.08
4879.97
9158.4
12429.2
15021.7
17129.6
18877.1
20348.5
21617.7
-11372
608.578
6261.57
10374.6
13518.8
16010.6
18036.1
19714.6
21126.9
22349.9
-8959.53
2460.45
7852.37
11775.2
14773.6
17149.5
19080.1
20678.8
22022.3
23190.5
-6248.02
4544.16
9642.78
13351.6
16186.1
18432
20256.4
21765.6
23030.9
24137.1
-3256.09
6846.69
11621.5
15093.8
17747.5
19850.6
21559.4
22972.6
24152.5
25183.5
22539.6
25222.2
27050.2
28373.1
29368.7
30138.4
30745.4
31231.4
31625.1
31947
32212.8
32433.8
32618.1
32772.5
32902.2
33011.5
33103.9
33182.2
33248.5
33304.8
33352.7
33393.4
33428.1
33457.6
33482.8
33504.3
33522.6
33538.3
33551.6
33563
33572.7
33581
33588.1
33594.2
33599.3
33603.7
33607.5
33610.7
33613.5
33615.8
33617.8
33619.5
33621
33622.2
33623.3
33624.2
33624.9
33625.6
33626.1
33626.6
33627
33627.4
33627.7
33627.9
33628.2
33628.3
33628.5
33628.6
33628.7
33628.8
33628.9
33629
33629.1
33629.1
33629.2
33629.2
33629.2
33629.3
33629.3
33629.3
33629.3
33629.3
33629.3
33629.3
33629.4
33629.4
33629.4
33629.4
33629.2
33630.2
22609.4
25242.2
27054.6
28372.2
29366.1
30135.3
30742.4
31228.7
31622.9
31945.2
32211.1
32432.4
32617
32771.5
32901.4
33010.9
33103.4
33181.8
33248.2
33304.5
33352.5
33393.2
33428
33457.5
33482.8
33504.3
33522.6
33538.2
33551.6
33563
33572.7
33581
33588.1
33594.2
33599.3
33603.8
33607.5
33610.7
33613.5
33615.8
33617.8
33619.5
33621
33622.2
33623.3
33624.2
33624.9
33625.6
33626.2
33626.6
33627
33627.4
33627.7
33627.9
33628.2
33628.3
33628.5
33628.6
33628.7
33628.8
33628.9
33629
33629.1
33629.1
33629.2
33629.2
33629.2
33629.3
33629.3
33629.3
33629.3
33629.3
33629.3
33629.3
33629.4
33629.4
33629.4
33629.4
33629.2
33630.2
22748.8
25283.4
27064.4
28371
29361.1
30129.4
30736.6
31223.5
31618.3
31941.6
32207.8
32429.6
32614.6
32769.6
32899.8
33009.6
33102.4
33180.9
33247.5
33304
33352.1
33392.9
33427.7
33457.4
33482.6
33504.2
33522.5
33538.2
33551.6
33563
33572.7
33581
33588.1
33594.2
33599.4
33603.8
33607.5
33610.7
33613.5
33615.8
33617.8
33619.5
33621
33622.2
33623.3
33624.2
33624.9
33625.6
33626.2
33626.6
33627
33627.4
33627.7
33627.9
33628.2
33628.3
33628.5
33628.6
33628.8
33628.8
33628.9
33629
33629.1
33629.1
33629.2
33629.2
33629.2
33629.3
33629.3
33629.3
33629.3
33629.3
33629.3
33629.3
33629.4
33629.4
33629.4
33629.4
33629.2
33630.2
22957.7
25348.1
27081.5
28370.8
29354.7
30121.1
30728.2
31215.8
31611.7
31936
32203.2
32425.5
32611.2
32766.8
32897.5
33007.8
33100.9
33179.7
33246.5
33303.2
33351.4
33392.4
33427.3
33457.1
33482.4
33504
33522.4
33538.1
33551.5
33563
33572.7
33581
33588.1
33594.2
33599.4
33603.8
33607.6
33610.8
33613.5
33615.9
33617.9
33619.6
33621
33622.2
33623.3
33624.2
33625
33625.6
33626.2
33626.7
33627.1
33627.4
33627.7
33628
33628.2
33628.4
33628.5
33628.6
33628.8
33628.9
33628.9
33629
33629.1
33629.1
33629.2
33629.2
33629.2
33629.3
33629.3
33629.3
33629.3
33629.3
33629.3
33629.3
33629.4
33629.4
33629.4
33629.4
33629.2
33630.2
23235.3
25439.7
27108.9
28373.5
29347.8
30111
30717.7
31205.9
31602.9
31928.6
32197.4
32420.1
32606.7
32763
32894.4
33005.3
33098.9
33178.1
33245.2
33302.2
33350.6
33391.8
33426.8
33456.7
33482.1
33503.8
33522.3
33538
33551.5
33562.9
33572.7
33581
33588.2
33594.2
33599.4
33603.8
33607.6
33610.8
33613.6
33615.9
33617.9
33619.6
33621
33622.3
33623.3
33624.2
33625
33625.6
33626.2
33626.7
33627.1
33627.4
33627.7
33628
33628.2
33628.4
33628.5
33628.7
33628.8
33628.9
33628.9
33629
33629.1
33629.1
33629.2
33629.2
33629.2
33629.3
33629.3
33629.3
33629.3
33629.3
33629.3
33629.3
33629.4
33629.4
33629.4
33629.4
33629.2
33630.2
23580.1
25562.5
27150
28381.2
29341.9
30099.9
30705.3
31194.1
31592.3
31919.3
32189.8
32413.8
32601.1
32758.4
32890.6
33002.1
33096.4
33176.1
33243.6
33300.9
33349.6
33391
33426.2
33456.2
33481.8
33503.5
33522.1
33537.9
33551.4
33562.9
33572.7
33581
33588.2
33594.3
33599.4
33603.9
33607.6
33610.9
33613.6
33615.9
33617.9
33619.6
33621.1
33622.3
33623.4
33624.3
33625
33625.7
33626.2
33626.7
33627.1
33627.4
33627.7
33628
33628.2
33628.4
33628.5
33628.7
33628.8
33628.9
33629
33629
33629.1
33629.1
33629.2
33629.2
33629.2
33629.3
33629.3
33629.3
33629.3
33629.3
33629.3
33629.3
33629.4
33629.4
33629.4
33629.4
33629.2
33630.2
23989.5
25721.6
27209
28396.7
29338.4
30088.8
30691.8
31180.6
31579.9
31908.5
32180.4
32406.5
32594.8
32753
32886.1
32998.5
33093.4
33173.7
33241.7
33299.4
33348.4
33390.1
33425.5
33455.7
33481.3
33503.2
33521.9
33537.7
33551.3
33562.8
33572.7
33581
33588.2
33594.3
33599.5
33603.9
33607.7
33610.9
33613.7
33616
33618
33619.7
33621.1
33622.4
33623.4
33624.3
33625.1
33625.7
33626.3
33626.7
33627.1
33627.5
33627.8
33628
33628.2
33628.4
33628.5
33628.7
33628.8
33628.9
33629
33629
33629.1
33629.1
33629.2
33629.2
33629.2
33629.3
33629.3
33629.3
33629.3
33629.3
33629.3
33629.4
33629.4
33629.4
33629.4
33629.4
33629.2
33630.2
24459.7
25922.7
27290.2
28422.4
29338.8
30078.4
30677.6
31165.7
31566
31896.1
32169.7
32397.4
32587.6
32747
32880.9
32994.2
33089.9
33170.9
33239.4
33297.6
33347
33389
33424.7
33455
33480.9
33502.9
33521.6
33537.6
33551.2
33562.8
33572.6
33581
33588.2
33594.3
33599.5
33604
33607.7
33611
33613.7
33616
33618
33619.7
33621.2
33622.4
33623.4
33624.3
33625.1
33625.7
33626.3
33626.8
33627.2
33627.5
33627.8
33628
33628.2
33628.4
33628.6
33628.7
33628.8
33628.9
33629
33629
33629.1
33629.1
33629.2
33629.2
33629.3
33629.3
33629.3
33629.3
33629.3
33629.3
33629.3
33629.4
33629.4
33629.4
33629.4
33629.4
33629.2
33630.2
24987.4
26172
27397.9
28461.1
29344.9
30069.8
30663.2
31150
31550.8
31882.3
32157.7
32387.2
32579.1
32740
32875.6
32989.6
33086.1
33167.7
33236.9
33295.6
33345.4
33387.7
33423.7
33454.3
33480.3
33502.5
33521.3
33537.4
33551
33562.7
33572.6
33581
33588.2
33594.4
33599.6
33604
33607.8
33611
33613.8
33616.1
33618.1
33619.8
33621.2
33622.5
33623.5
33624.4
33625.1
33625.8
33626.3
33626.8
33627.2
33627.5
33627.8
33628.1
33628.3
33628.4
33628.6
33628.7
33628.8
33628.9
33629
33629.1
33629.1
33629.2
33629.2
33629.2
33629.3
33629.3
33629.3
33629.3
33629.3
33629.3
33629.3
33629.4
33629.4
33629.4
33629.4
33629.4
33629.2
33630.2
25556.5
26460.3
27521.3
28502.9
29348.3
30056.5
30643.6
31129.1
31531.1
31864.6
32142.3
32374.1
32568.1
32730.9
32868
32983.5
33081.1
33163.7
33233.7
33293
33343.3
33386.1
33422.4
33453.3
33479.5
33501.9
33520.9
33537
33550.8
33562.5
33572.5
33581
33588.2
33594.4
33599.6
33604.1
33607.9
33611.1
33613.8
33616.2
33618.2
33619.8
33621.3
33622.5
33623.5
33624.4
33625.2
33625.8
33626.4
33626.8
33627.2
33627.5
33627.8
33628.1
33628.3
33628.5
33628.6
33628.7
33628.8
33628.9
33629
33629.1
33629.1
33629.2
33629.2
33629.2
33629.3
33629.3
33629.3
33629.3
33629.3
33629.3
33629.4
33629.4
33629.4
33629.4
33629.4
33629.4
33629.2
33630.2
27374.3
27655.2
28260
28969.9
29652.8
30261.6
30786.2
31231.3
31606.3
31921.4
32186
32408.5
32595.6
32753.3
32886.4
32998.8
33093.9
33174.5
33242.8
33300.8
33350
33391.8
33427.3
33457.5
33483.2
33505.1
33523.7
33539.5
33552.9
33564.4
33574.1
33582.4
33589.4
33595.4
33600.5
33604.9
33608.6
33611.7
33614.4
33616.7
33618.6
33620.2
33621.6
33622.8
33623.8
33624.7
33625.4
33626
33626.5
33627
33627.4
33627.7
33628
33628.2
33628.4
33628.5
33628.7
33628.8
33628.9
33629
33629
33629.1
33629.2
33629.2
33629.2
33629.3
33629.3
33629.3
33629.3
33629.3
33629.3
33629.4
33629.4
33629.4
33629.4
33629.4
33629.4
33629.4
33629.2
33630.2
29918.2
29655.5
29772.5
30093.2
30488.5
30889.7
31264.6
31600.7
31895.2
32150.1
32369
32556.1
32715.7
32851.7
32967.4
33065.9
33149.7
33221
33281.8
33333.5
33377.5
33414.9
33446.8
33474
33497.2
33516.9
33533.6
33547.9
33560.1
33570.4
33579.3
33586.8
33593.2
33598.6
33603.2
33607.2
33610.5
33613.4
33615.8
33617.9
33619.6
33621.1
33622.4
33623.4
33624.4
33625.1
33625.8
33626.3
33626.8
33627.2
33627.6
33627.9
33628.1
33628.3
33628.5
33628.6
33628.8
33628.9
33629
33629
33629.1
33629.1
33629.2
33629.2
33629.3
33629.3
33629.3
33629.3
33629.3
33629.3
33629.4
33629.4
33629.4
33629.4
33629.4
33629.4
33629.4
33629.4
33629.3
33630.2
31889.7
31301.5
31099.1
31136.2
31300.4
31521.6
31758.9
31990.3
32204.8
32398.2
32569.4
32719.1
32849.2
32961.6
33058.4
33141.5
33212.7
33273.8
33326
33370.6
33408.8
33441.3
33469.1
33492.8
33513.1
33530.3
33545.1
33557.6
33568.3
33577.4
33585.2
33591.8
33597.4
33602.2
33606.3
33609.8
33612.7
33615.2
33617.4
33619.2
33620.8
33622.1
33623.2
33624.1
33624.9
33625.6
33626.2
33626.7
33627.1
33627.5
33627.8
33628
33628.3
33628.4
33628.6
33628.7
33628.8
33628.9
33629
33629.1
33629.1
33629.2
33629.2
33629.2
33629.3
33629.3
33629.3
33629.3
33629.3
33629.4
33629.4
33629.4
33629.4
33629.4
33629.4
33629.4
33629.4
33629.4
33629.3
33630.2
33399.6
32649.4
32246.9
32083.8
32069.4
32140.8
32256.7
32391.3
32529.2
32661.8
32784.7
32895.9
32995
33082.4
33158.8
33225.3
33282.9
33332.6
33375.4
33412.3
33443.9
33471
33494.2
33514.1
33531.1
33545.6
33558
33568.6
33577.6
33585.3
33591.9
33597.5
33602.3
33606.3
33609.8
33612.7
33615.2
33617.4
33619.2
33620.7
33622.1
33623.2
33624.1
33624.9
33625.6
33626.2
33626.7
33627.1
33627.5
33627.8
33628
33628.3
33628.4
33628.6
33628.7
33628.8
33628.9
33629
33629.1
33629.1
33629.2
33629.2
33629.3
33629.3
33629.3
33629.3
33629.3
33629.3
33629.4
33629.4
33629.4
33629.4
33629.4
33629.4
33629.4
33629.4
33629.4
33629.4
33629.3
33630.2
34552.2
33740.1
33221.4
32922.9
32775.6
32727.4
32740.7
32789.6
32857.1
32932.1
33008.1
33081.1
33149
33210.8
33266.1
33315.2
33358.4
33396.2
33429
33457.5
33482.1
33503.3
33521.6
33537.3
33550.7
33562.3
33572.1
33580.6
33587.8
33594
33599.2
33603.7
33607.6
33610.8
33613.6
33616
33618
33619.7
33621.2
33622.4
33623.5
33624.4
33625.2
33625.8
33626.4
33626.8
33627.2
33627.6
33627.9
33628.1
33628.3
33628.5
33628.6
33628.8
33628.9
33629
33629
33629.1
33629.2
33629.2
33629.2
33629.3
33629.3
33629.3
33629.3
33629.3
33629.4
33629.4
33629.4
33629.4
33629.4
33629.4
33629.4
33629.4
33629.4
33629.4
33629.4
33629.4
33629.3
33630.2
35436.1
34618.1
34039.2
33653.3
33410.6
33269.9
33199.2
33174.7
33179.4
33201.7
33233.6
33269.9
33307.3
33343.6
33377.9
33409.3
33437.7
33463.1
33485.6
33505.4
33522.6
33537.7
33550.7
33562
33571.7
33580.1
33587.3
33593.4
33598.7
33603.2
33607.1
33610.4
33613.2
33615.7
33617.7
33619.5
33621
33622.2
33623.3
33624.3
33625
33625.7
33626.3
33626.8
33627.2
33627.5
33627.8
33628.1
33628.3
33628.5
33628.6
33628.7
33628.9
33628.9
33629
33629.1
33629.1
33629.2
33629.2
33629.3
33629.3
33629.3
33629.3
33629.3
33629.4
33629.4
33629.4
33629.4
33629.4
33629.4
33629.4
33629.4
33629.4
33629.4
33629.4
33629.4
33629.4
33629.4
33629.3
33630.2
36119.2
35324.1
34720.7
34281.8
33972.8
33762.5
33624.8
33539
33489.4
33464.6
33456
33457.9
33466.2
33478
33491.5
33505.5
33519.2
33532.1
33544.1
33555
33564.7
33573.4
33581.1
33587.8
33593.6
33598.7
33603.1
33606.9
33610.1
33613
33615.4
33617.4
33619.2
33620.7
33622
33623.1
33624.1
33624.9
33625.6
33626.2
33626.7
33627.1
33627.5
33627.8
33628
33628.2
33628.4
33628.6
33628.7
33628.8
33628.9
33629
33629.1
33629.1
33629.2
33629.2
33629.3
33629.3
33629.3
33629.3
33629.4
33629.4
33629.4
33629.4
33629.4
33629.4
33629.4
33629.4
33629.4
33629.4
33629.4
33629.4
33629.4
33629.4
33629.4
33629.4
33629.4
33629.4
33629.3
33630.2
36651.9
35892.8
35286.6
34818.4
34465
34203.6
34013.5
33877.6
33782
33715.9
33671.1
33641.5
33622.6
33611.2
33604.8
33601.8
33601.1
33601.8
33603.3
33605.4
33607.6
33609.9
33612.1
33614.1
33616
33617.7
33619.3
33620.7
33621.9
33622.9
33623.9
33624.7
33625.4
33626
33626.5
33626.9
33627.3
33627.6
33627.9
33628.1
33628.3
33628.5
33628.7
33628.8
33628.9
33629
33629.1
33629.1
33629.2
33629.2
33629.3
33629.3
33629.3
33629.3
33629.4
33629.4
33629.4
33629.4
33629.4
33629.4
33629.4
33629.4
33629.4
33629.4
33629.4
33629.4
33629.4
33629.4
33629.4
33629.4
33629.4
33629.4
33629.4
33629.4
33629.4
33629.4
33629.4
33629.4
33629.3
33630.3
37070.9
36352.3
35755.7
35273.9
34892.2
34594.1
34364
34187.8
34053.8
33952.3
33875.6
33817.7
33773.9
33740.8
33715.7
33696.6
33682
33670.9
33662.3
33655.6
33650.4
33646.3
33643.1
33640.6
33638.6
33636.9
33635.6
33634.6
33633.7
33633
33632.4
33632
33631.6
33631.2
33631
33630.7
33630.5
33630.4
33630.2
33630.1
33630
33629.9
33629.9
33629.8
33629.8
33629.7
33629.7
33629.7
33629.6
33629.6
33629.6
33629.6
33629.6
33629.5
33629.5
33629.5
33629.5
33629.5
33629.5
33629.5
33629.5
33629.5
33629.5
33629.5
33629.5
33629.5
33629.5
33629.4
33629.4
33629.4
33629.4
33629.4
33629.4
33629.4
33629.4
33629.4
33629.4
33629.4
33629.3
33630.3
37403
36724.6
36144
35658.9
35260.2
34936.6
34676.3
34468.3
34302.8
34171.3
34066.9
33983.9
33917.7
33864.9
33822.4
33788.3
33760.6
33738.2
33719.8
33704.8
33692.4
33682.2
33673.7
33666.7
33660.8
33655.9
33651.8
33648.4
33645.4
33643
33640.9
33639.2
33637.7
33636.5
33635.4
33634.5
33633.8
33633.1
33632.6
33632.1
33631.7
33631.4
33631.1
33630.9
33630.6
33630.5
33630.3
33630.2
33630.1
33630
33629.9
33629.8
33629.8
33629.7
33629.7
33629.7
33629.6
33629.6
33629.6
33629.6
33629.5
33629.5
33629.5
33629.5
33629.5
33629.5
33629.5
33629.5
33629.5
33629.5
33629.5
33629.5
33629.4
33629.4
33629.4
33629.4
33629.4
33629.4
33629.3
33630.3
37667.8
37027
36465.2
35983
35575.2
35234.3
34951.7
34718.9
34527.8
34371.2
34243.2
34138.3
34052.3
33981.6
33923.4
33875.4
33835.6
33802.6
33775.1
33752.2
33733
33716.9
33703.4
33692
33682.4
33674.4
33667.5
33661.7
33656.9
33652.7
33649.2
33646.2
33643.7
33641.6
33639.8
33638.2
33636.9
33635.8
33634.8
33634
33633.4
33632.8
33632.3
33631.9
33631.5
33631.2
33630.9
33630.7
33630.5
33630.4
33630.2
33630.1
33630
33629.9
33629.9
33629.8
33629.8
33629.7
33629.7
33629.6
33629.6
33629.6
33629.6
33629.5
33629.5
33629.5
33629.5
33629.5
33629.5
33629.5
33629.5
33629.5
33629.5
33629.5
33629.5
33629.5
33629.4
33629.5
33629.3
33630.3
37879.9
37272.8
36730.3
36254.5
35842.9
35490.8
35191.9
34939.9
34728.4
34551.2
34403.1
34279.4
34176.1
34089.7
34017.4
33956.8
33905.9
33863.2
33827.3
33797
33771.4
33749.8
33731.5
33716.1
33703
33691.9
33682.5
33674.5
33667.8
33662
33657.1
33653
33649.5
33646.5
33643.9
33641.8
33639.9
33638.3
33637
33635.9
33634.9
33634.1
33633.4
33632.8
33632.3
33631.9
33631.5
33631.2
33631
33630.7
33630.5
33630.4
33630.2
33630.1
33630
33629.9
33629.9
33629.8
33629.7
33629.7
33629.7
33629.6
33629.6
33629.6
33629.6
33629.5
33629.5
33629.5
33629.5
33629.5
33629.5
33629.5
33629.5
33629.5
33629.5
33629.5
33629.5
33629.5
33629.3
33630.3
38050
37472.4
36948.2
36480.5
36068.5
35709.4
35399
35132.4
34904.7
34710.7
34546
34406.3
34288
34187.9
34103.1
34031.4
33970.6
33919.1
33875.5
33838.5
33807.1
33780.4
33757.8
33738.6
33722.2
33708.3
33696.5
33686.5
33678
33670.7
33664.6
33659.3
33654.8
33651
33647.8
33645.1
33642.7
33640.8
33639.1
33637.6
33636.4
33635.4
33634.5
33633.7
33633.1
33632.5
33632.1
33631.7
33631.4
33631.1
33630.8
33630.6
33630.5
33630.3
33630.2
33630.1
33630
33629.9
33629.8
33629.8
33629.7
33629.7
33629.6
33629.6
33629.6
33629.6
33629.5
33629.5
33629.5
33629.5
33629.5
33629.5
33629.5
33629.5
33629.5
33629.5
33629.5
33629.5
33629.3
33630.3
38186.1
37633.7
37126.2
36667.1
36256.7
35893.6
35575.1
35297.5
35057
34849.6
34671.2
34518.2
34387.3
34275.4
34179.8
34098.3
34028.8
33969.6
33919.1
33876.1
33839.4
33808.2
33781.7
33759
33739.7
33723.3
33709.4
33697.5
33687.3
33678.7
33671.3
33665.1
33659.8
33655.2
33651.4
33648.1
33645.3
33643
33640.9
33639.2
33637.8
33636.5
33635.5
33634.6
33633.8
33633.1
33632.6
33632.1
33631.7
33631.4
33631.1
33630.9
33630.6
33630.5
33630.3
33630.2
33630.1
33630
33629.9
33629.8
33629.8
33629.7
33629.7
33629.6
33629.6
33629.6
33629.6
33629.5
33629.5
33629.5
33629.5
33629.5
33629.5
33629.5
33629.5
33629.5
33629.5
33629.5
33629.3
33630.3
38294
37762.8
37269.9
36818.9
36411.2
36046.1
35722
35436.4
35186.1
34967.9
34778.5
34614.6
34473.2
34351.4
34246.7
34156.9
34079.9
34013.9
33957.5
33909.3
33868.1
33832.9
33802.8
33777.2
33755.3
33736.7
33720.7
33707.2
33695.6
33685.8
33677.4
33670.3
33664.2
33659
33654.6
33650.8
33647.6
33644.9
33642.6
33640.6
33639
33637.5
33636.3
33635.3
33634.4
33633.7
33633.1
33632.5
33632.1
33631.7
33631.3
33631.1
33630.8
33630.6
33630.4
33630.3
33630.2
33630.1
33630
33629.9
33629.8
33629.8
33629.7
33629.7
33629.6
33629.6
33629.6
33629.6
33629.5
33629.5
33629.5
33629.5
33629.5
33629.5
33629.5
33629.5
33629.5
33629.5
33629.4
33630.3
38378.4
37864.3
37383.7
36940.1
36535.3
36169.4
35841.6
35550.1
35292.4
35066
34867.8
34695.2
34545.2
34415.4
34303.2
34206.5
34123.2
34051.7
33990.3
33937.6
33892.6
33854
33821
33792.8
33768.7
33748.1
33730.5
33715.6
33702.8
33691.9
33682.6
33674.7
33668
33662.2
33657.3
33653.2
33649.6
33646.6
33644
33641.9
33640
33638.4
33637.1
33635.9
33635
33634.1
33633.4
33632.8
33632.3
33631.9
33631.5
33631.2
33631
33630.7
33630.5
33630.4
33630.2
33630.1
33630
33629.9
33629.9
33629.8
33629.7
33629.7
33629.7
33629.6
33629.6
33629.6
33629.6
33629.5
33629.5
33629.5
33629.5
33629.5
33629.5
33629.5
33629.5
33629.5
33629.4
33630.3
38442.5
37941.8
37471
37033.6
36631.6
36265.7
35935.5
35639.7
35376.6
35143.9
34939.2
34759.8
34603.2
34467
34348.9
34246.7
34158.4
34082.4
34017
33960.8
33912.5
33871.2
33835.8
33805.5
33779.6
33757.5
33738.6
33722.4
33708.6
33696.9
33686.9
33678.3
33671.1
33664.9
33659.6
33655.1
33651.3
33648
33645.2
33642.9
33640.9
33639.2
33637.7
33636.5
33635.4
33634.5
33633.8
33633.1
33632.6
33632.1
33631.7
33631.4
33631.1
33630.8
33630.6
33630.4
33630.3
33630.2
33630.1
33630
33629.9
33629.8
33629.8
33629.7
33629.7
33629.6
33629.6
33629.6
33629.6
33629.5
33629.5
33629.5
33629.5
33629.5
33629.5
33629.5
33629.5
33629.5
33629.4
33630.3
38488.7
37997.9
37534.4
37101.7
36702.1
36336.5
36004.8
35706.2
35439.3
35202.1
34992.6
34808.2
34646.8
34505.9
34383.4
34277.1
34185.1
34105.7
34037.3
33978.4
33927.8
33884.3
33847.1
33815.2
33788
33764.6
33744.7
33727.7
33713.1
33700.7
33690.1
33681.1
33673.4
33666.9
33661.3
33656.6
33652.5
33649.1
33646.1
33643.6
33641.5
33639.7
33638.2
33636.9
33635.8
33634.8
33634
33633.3
33632.7
33632.3
33631.8
33631.5
33631.2
33630.9
33630.7
33630.5
33630.3
33630.2
33630.1
33630
33629.9
33629.8
33629.8
33629.7
33629.7
33629.6
33629.6
33629.6
33629.6
33629.5
33629.5
33629.5
33629.5
33629.5
33629.5
33629.5
33629.5
33629.5
33629.4
33630.3
38518.6
38034.3
37575.7
37146.3
36748.3
36383
36050.4
35750.1
35480.8
35240.8
35028.1
34840.6
34675.9
34532
34406.5
34297.5
34203
34121.4
34050.9
33990.2
33938
33893.2
33854.7
33821.8
33793.6
33769.5
33748.8
33731.2
33716.2
33703.3
33692.4
33683
33675.1
33668.3
33662.5
33657.6
33653.4
33649.8
33646.8
33644.2
33642
33640.1
33638.5
33637.1
33636
33635
33634.2
33633.5
33632.9
33632.4
33631.9
33631.5
33631.2
33631
33630.7
33630.5
33630.4
33630.2
33630.1
33630
33629.9
33629.9
33629.8
33629.7
33629.7
33629.7
33629.6
33629.6
33629.6
33629.6
33629.5
33629.5
33629.5
33629.5
33629.5
33629.5
33629.5
33629.5
33629.4
33630.3
38533.4
38052.2
37596.1
37168.3
36771.2
36406
36073.1
35772
35501.5
35260.1
35045.9
34856.7
34690.5
34545
34418.1
34307.7
34212
34129.2
34057.8
33996.2
33943.2
33897.7
33858.6
33825.1
33796.4
33771.9
33750.9
33733
33717.7
33704.6
33693.5
33684
33675.9
33669
33663.1
33658.1
33653.8
33650.2
33647.1
33644.4
33642.2
33640.3
33638.7
33637.3
33636.1
33635.1
33634.3
33633.5
33632.9
33632.4
33632
33631.6
33631.3
33631
33630.8
33630.6
33630.4
33630.3
33630.1
33630
33629.9
33629.9
33629.8
33629.7
33629.7
33629.7
33629.6
33629.6
33629.6
33629.6
33629.5
33629.5
33629.5
33629.5
33629.5
33629.5
33629.5
33629.5
33629.4
33630.3
39589.3
38275.4
36972.1
35686.7
34426.4
33198.6
32010.1
30865.9
29766.2
28653
39768.6
38817.5
37866.2
36914.7
35963.3
35012.7
34063.7
33117.2
32174.6
31207.2
39875.7
39146.4
38413.8
37675.9
36931.1
36178.8
35419.2
34653.6
33884.8
33097.2
39944.9
39363.2
38777.8
38186.7
37588.3
36981.7
36367
35745.5
35119.9
34480.5
39991.9
39513.5
39032.2
38546.1
38054.2
37555.6
37050.6
36540.2
36026.6
35503.3
40025.2
39622.2
39217
38808.4
38395.7
37978.3
37556.4
37131
36703.5
36269.7
40049.4
39703.1
39355.3
39005.3
38652.6
38297
37938.6
37578.2
37217.1
36852
40067.5
39764.8
39461.2
39156.4
38850
38541.9
38232.5
37922.4
37612.4
37300.4
40081.1
39812.7
39543.8
39274.3
39004
38733.1
38461.9
38190.7
37920.6
37649.8
40091.5
39850.3
39609
39367.5
39125.8
38884.2
38642.9
38402.4
38163.4
37924.8
40099.4
39880.2
39660.9
39441.8
39223
39004.6
38787.1
38570.8
38356.4
38143
40105.6
39904
39702.6
39501.5
39301
39101.3
38902.7
38705.6
38510.5
38317.1
40110.4
39923.2
39736.2
39549.7
39363.9
39179.1
38995.6
38813.8
38634.1
38456.3
40114.1
39938.5
39763.3
39588.5
39414.6
39241.8
39070.3
38900.6
38732.9
38567.4
40117
39950.8
39785
39619.7
39455.3
39291.9
39130
38969.8
38811.6
38655.5
40119.2
39960.6
39802.2
39644.4
39487.5
39331.6
39177.1
39024.2
38873.3
38724.3
40120.9
39968.1
39815.7
39663.7
39512.6
39362.4
39213.5
39066.1
38920.4
38776.7
40122.2
39973.9
39825.8
39678.2
39531.3
39385.3
39240.4
39096.9
38954.8
38814.5
40123.2
39978
39833.1
39688.5
39544.5
39401.2
39258.9
39117.7
38977.8
38839.4
40123.9
39980.8
39837.8
39695.1
39552.7
39410.9
39269.8
39129.5
38990.2
38852
54161.7
55092.9
56212.2
57530
59114.5
61060.9
63515.8
66727.7
71142.8
80502.9
52939.5
53782.8
54801.7
56004.8
57451.4
59227.8
61467.6
64398.3
68427.5
76981.4
51640.6
52395.8
53308.3
54386.9
55684.9
57279.2
59289.7
61920.8
65539.8
73229
50280
50938
51737.4
52684.3
53824.8
55226.7
56995.1
59310
62495.9
69269.3
48858.2
49415.3
50096.7
50905.9
51881.9
53082.4
54597.6
56581.6
59313.8
65127.1
47378.8
47834.3
48394.6
49061.7
49867.4
50859.3
52111.7
53752.4
56012.7
60828
45849.2
46203.2
46640.6
47162.3
47793.3
48570.6
49552.6
50839.5
52613
56398.1
44279
44531.9
44845.1
45219.3
45672.3
46230.5
46936
47860.8
49135.4
51864.1
42679.3
42831.2
43019.7
43244.8
43517.5
43853.6
44278.3
44835.1
45602.2
47252.8
41061.6
41112.8
41176
41251.3
41342.5
41454.6
41596.2
41781.5
42036
42590.4
60790
62167.2
63782.9
65702.4
68017.6
70864.8
74456.4
79154.5
85610
99338.3
60661
62031.6
63638
65546.4
67848.3
70679
74250
78921.4
85340.5
98981.5
60404.2
61760.8
63348.5
65234.2
67508.5
70305.3
73833.5
78449
84791
98261.1
60022
61357.4
62916.5
64767.8
67000.5
69746.1
73209.8
77740.8
83966.4
97182.8
59518
60824.6
62345
64150.4
66327.6
69005
72382.7
76801.3
82872.2
95753.8
58897.1
60166.4
61638.1
63385.8
65493.8
68086.5
71357.4
75636.5
81515.8
93983.8
58164
59387.2
60800
62478.7
64504.3
66996.1
70140.3
74253.6
79905.6
91884.6
57323.4
58491.6
59835.4
61434.2
63364.7
65740.5
68738.8
72661.4
78051.9
89469.8
56377.9
57483.2
58748.5
60257.5
62081.5
64327.1
67161.4
70869.6
75966.3
86755.8
55333.7
56362.4
57541.5
58954
60662.2
62764.7
65418
68889.5
73661.9
83761.4
47750.2
47769.7
47809.1
47869.4
47952.3
48059.7
48194.6
48360.8
48563
48807.7
49103.1
49460
49892.2
50418.4
51060.9
51848.4
52840.8
54130.5
55862
58308.9
47748.1
47767.5
47806.9
47867.3
47950.2
48057.7
48192.6
48358.8
48561.1
48805.8
49101.3
49458.2
49890.4
50416.2
51056.7
51842.1
52832.9
54116.5
55831
58229.4
47743.9
47763.3
47802.7
47863.1
47946
48053.5
48188.5
48354.8
48557.2
48802.1
49097.6
49454.6
49886.5
50411.4
51047.8
51829.5
52816.5
54087.6
55768
58071.1
47737.6
47756.9
47796.3
47856.7
47939.6
48047.3
48182.4
48348.8
48551.3
48796.3
49092
49448.9
49880.2
50402.7
51033.2
51810.5
52790.8
54042.1
55671.4
57834.6
47729.1
47748.5
47787.8
47848.2
47931.2
48039
48174.2
48340.7
48543.3
48788.5
49084.1
49440.7
49870.6
50386.3
51011.6
51784.8
52754.3
53977.6
55538.7
57521.8
47718.6
47737.9
47777.3
47837.7
47920.7
48028.5
48163.9
48330.5
48533.2
48778.3
49073.6
49429.5
49856.1
50363.3
50981.4
51751.7
52705
53890.8
55366.5
57135.5
47706
47725.3
47764.6
47825
47908.1
48016
48151.5
48318
48520.6
48765.5
49059.8
49413.6
49830.7
50333.6
50949.8
51710.5
52640.8
53778.3
55151.1
56680.1
47691.2
47710.5
47749.8
47810.2
47893.2
48001.2
48136.7
48303
48505.2
48749.3
49040.7
49386.4
49799.7
50301.2
50914.4
51659.8
52559.5
53636.3
54888.2
56161.2
47674.2
47693.5
47732.7
47793
47875.9
47983.8
48119
48284.4
48484.9
48724.2
49011
49354.5
49769.5
50269.6
50873.4
51598.2
52458.7
53461
54572.3
55585.1
47653.6
47672.9
47711.9
47771.7
47853.7
47959.8
48093
48257.7
48457.5
48698.5
48987.6
49332.2
49745.6
50240.9
50833.1
51534
52348.7
53263.6
54213.2
54970.8
47609.3
47627.8
47665.4
47722.8
47801.5
47903.2
48030.7
48187.5
48377.1
48604.5
48875.2
49195.7
49574.7
50019.6
50536.1
51121.8
51758.1
52390.8
52892.4
53080.5
47527.4
47543.5
47576.1
47625.9
47693.8
47781.1
47889.8
48022.1
48180.2
48367
48585.2
48837.3
49125.5
49448.7
49800.8
50164.7
50504.8
50754.2
50799.5
50502.8
47431.7
47445.2
47472.3
47513.6
47569.7
47641.4
47729.8
47835.9
47960.7
48105.3
48269.7
48453.3
48653.2
48862.8
49068.9
49247.6
49358.7
49339.2
49094.7
48513.2
47324.4
47335
47356.4
47388.7
47432.2
47487.3
47554.3
47633.3
47724.2
47826.3
47937.8
48055.4
48173.2
48281.1
48362.9
48393.1
48333.8
48131
47711.6
46995.5
47207.9
47215.6
47231
47254
47284.7
47323
47368.5
47420.5
47478.1
47539.2
47600.7
47657.6
47702.2
47723.2
47703.6
47619.6
47438.3
47116.6
46601
45839.6
47084.8
47089.6
47098.9
47112.7
47130.7
47152.4
47176.9
47203
47228.9
47251.8
47267.6
47270.6
47252.4
47201.4
47101.9
46932.8
46667.5
46273.1
45712.2
44953.9
46957.7
46959.5
46963
46967.8
46973.5
46979.2
46983.8
46985.6
46982.3
46970.5
46945.9
46902.3
46831.5
46722.6
46561.7
46331.3
46010.5
45575.2
45000.5
44269.2
46828.9
46828
46825.9
46822.2
46816.3
46807.1
46793.2
46772.7
46743
46700.5
46640.8
46557.9
46444
46289.5
46082.7
45809.4
45453.8
44999
44428.7
43734.7
46701
46697.4
46690.1
46678.5
46661.8
46638.9
46608.2
46567.7
46514.7
46445.6
46356
46240.5
46092.1
45902.5
45662.1
45359.9
44984.2
44523.3
43967.4
43313.4
46576.1
46570.1
46558
46539.1
46512.7
46477.4
46431.8
46373.6
46300.3
46208.4
46094
45951.9
45776.3
45560.1
45295.8
44975
44589.1
44130.6
43593.8
42978.7
46456.2
46448.1
46431.7
46406.3
46371.1
46325
46266.1
46192.7
46102
45991
45856.1
45692.7
45495.9
45260.1
44979.2
44647
44257.7
43806.4
43290.2
42710.8
46343.3
46333.3
46313
46281.9
46239.1
46183.4
46113.2
46026.7
45921.4
45794.6
45642.9
45462.7
45249.8
44999.7
44707.7
44369.4
43980.7
43539
43043.1
42495.6
46239
46227.3
46203.7
46167.6
46118.2
46054.3
45974.5
45877
45759.5
45619.8
45454.8
45261.5
45036.4
44776.1
44476.9
44135.9
43750.5
43319.2
42842.2
42322.5
46144.7
46131.6
46105.1
46064.8
46009.8
45939
45851.2
45744.5
45617.2
45467
45291.5
45088.1
44854
44586.5
44283.1
43941.6
43560.6
43139.6
42679.5
42183.4
46061.7
46047.4
46018.6
45974.7
45915
45838.6
45744.1
45630.1
45494.8
45336.4
45152.7
44941.7
44701
44428.7
44122.9
43782.3
43406.1
42994.5
42549
42072.6
45991
45975.7
45944.9
45898.2
45834.8
45753.8
45654
45534.2
45392.7
45227.9
45038
44821.3
44575.9
44300.4
43993.5
43654.3
43282.8
42879.5
42446.2
41985.8
45933.4
45917.4
45885.1
45836.2
45769.8
45685.3
45581.5
45457.1
45310.9
45141.3
44946.9
44726
44477.4
44199.9
43892.6
43555.1
43187.6
42791.1
42367.5
41919.7
45889.7
45873.1
45839.7
45789.1
45720.6
45633.5
45526.7
45399.2
45249.6
45076.6
44878.9
44655.3
44404.5
44125.8
43818.4
43482.4
43118.2
42726.9
42310.6
41871.9
45860.3
45843.3
45809.2
45757.5
45687.7
45598.8
45490.1
45360.5
45208.7
45033.5
44833.8
44608.4
44356.4
44076.9
43769.7
43434.8
43072.8
42685.1
42273.5
41840.8
45845.5
45828.3
45793.9
45741.6
45671.1
45581.4
45471.8
45341.1
45188.2
45012
44811.3
44585.1
44332.4
44052.7
43745.5
43411.2
43050.4
42664.4
42255.2
41825.5
51871.1
50752.7
49647.2
48498.4
47306.2
46075.3
44812.7
43525.6
42221.4
40907
49298.8
48327.1
47381
46431.9
45480.7
44528.4
43575.6
42623.2
41671.2
40719.8
47394
46603.5
45832.2
45064.8
44303.8
43550.4
42804.7
42066.1
41333.2
40603.8
45997.6
45356.3
44729.1
44106.3
43490.7
42883.3
42284.3
41692.7
41107.2
40525.4
44963.4
44438.8
43924.1
43412.8
42907.1
42408
41915.7
41429.3
40947.8
40469.3
44187
43752.2
43324
42897.9
42475.5
42057.8
41644.7
41235.9
40830.6
40427.5
43595.6
43229.9
42868.1
42507.3
42148.5
41792.6
41439.7
41089.6
40741.7
40395.3
43139
42826.5
42516.1
42205.6
41895.9
41587.6
41281
40976.1
40672.5
40369.8
42782
42510.8
42240.3
41969
41697.5
41426.5
41156.2
40886.6
40617.7
40349.3
42499.9
42261.1
42021.9
41781.3
41539.9
41298.2
41056.6
40815
40573.7
40332.6
42275.2
42061.7
41847.2
41630.9
41413.4
41195.1
40976.3
40757.2
40538
40318.7
42095.1
41901.7
41706.7
41509.7
41311.2
41111.6
40911.2
40710.2
40508.8
40307.2
41950.5
41772.9
41593.3
41411.7
41228.4
41043.8
40858.1
40671.8
40484.9
40297.7
41834.6
41669.3
41502
41332.6
41161.4
40988.8
40815
40640.5
40465.3
40289.8
41742.2
41586.6
41428.8
41269
41107.4
40944.3
40780.2
40615.1
40449.3
40283.2
41669.8
41521.4
41371
41218.6
41064.5
40908.9
40752.3
40594.7
40436.5
40278
41614.5
41471.4
41326.4
41179.5
41031.1
40881.3
40730.5
40578.8
40426.5
40273.8
41574.4
41434.9
41293.5
41150.6
41006.2
40860.6
40714
40566.7
40418.8
40270.6
41548.1
41410.5
41271.3
41130.7
40988.9
40846.1
40702.5
40558.2
40413.4
40268.4
41534.7
41397.4
41258.8
41119.2
40978.6
40837.2
40695.3
40552.8
40410
40267
-0.0909391
3518.89
7268.77
11226.1
15366.1
19663.3
24091.4
28624.1
33235.1
37898.7
9363.8
12077.1
14962.9
18005
21185.5
24485.1
27883.7
31360.4
34893.6
38460.4
13781.8
16109.6
18585.5
21194.7
23921.6
26749.7
29661.7
32639.4
35664.8
38718.9
16994.7
19041.5
21218
23511.4
25907.7
28392.5
30950.6
33566.4
36223.9
38906.3
19450.3
21282.2
23229.6
25280.9
27423.9
29646
31933.7
34273
36649.6
39048.7
21397.4
23059.4
24824.7
26683.4
28625
30638.3
32711.4
34831.6
36986
39161
22982.8
24506.9
26123.4
27824.5
29601.4
31444.2
33342.3
35284.3
37258.4
39251.7
24301.7
25711
27202.8
28771.8
30410.7
32111.1
33863.6
35658
37482.8
39326.3
25422.7
26731.4
28116.2
29571.6
31092
32670.9
34300.3
35970.2
37670.1
39388.3
26356.7
27576.7
28872.6
30229.9
31648.9
33125.7
34653.2
36221.8
37820.7
39437.9
-18817.8
-18461.4
-17741.8
-16664.7
-15237.4
-13469.3
-11372
-8959.58
-6248.1
-3256.19
-5089.97
-4820.77
-4271.94
-3448.24
-2355.25
-1000.1
608.542
2460.37
4544.05
6846.62
1365.25
1598.13
2070.02
2777.55
3716.15
4879.91
6261.5
7852.31
9642.78
11621.5
6061.98
6268.16
6684.21
7307.43
8133.81
9158.3
10374.6
11775.2
13351.5
15093.7
9653.03
9838.6
10212
10770.7
11511.2
12429.1
13518.8
14773.6
16186
17747.4
12500
12669.1
13008.6
13516.1
14188.5
15021.7
16010.6
17149.5
18431.9
19850.5
14815.3
14971
15282.9
15748.8
16365.6
17129.6
18036
19080.1
20256.4
21559.4
16734.9
16879.5
17168.6
17600.1
18170.8
18877
19714.5
20678.8
21765.6
22972.6
18351
18486.4
18756.6
19159.2
19691.1
20348.4
21126.9
22022.2
23030.9
24152.6
19729.1
19857.7
20113.8
20495
20997.7
21617.5
22349.8
23190.5
24137.1
25183.6
22539.5
22609.3
22748.7
22957.5
23235.1
23579.9
23989.3
24459.6
24987.4
25556.7
25222.2
25242.1
25283.3
25347.9
25439.6
25562.5
25721.7
25922.8
26172.2
26460.6
27050.2
27054.6
27064.3
27081.5
27108.9
27150.1
27209.1
27290.4
27398.1
27521.6
28373.2
28372.2
28371
28370.9
28373.5
28381.3
28396.8
28422.6
28461.3
28503.1
29368.7
29366.1
29361.2
29354.7
29347.9
29342
29338.5
29339
29345.1
29348.5
30138.4
30135.4
30129.5
30121.1
30111.1
30100
30088.9
30078.6
30070
30056.7
30745.4
30742.4
30736.7
30728.3
30717.7
30705.4
30691.9
30677.7
30663.4
30643.8
31231.4
31228.7
31223.5
31215.8
31206
31194.1
31180.7
31165.9
31150.1
31129.3
31625.1
31622.9
31618.4
31611.7
31603
31592.3
31580
31566.1
31550.9
31531.2
31947
31945.2
31941.6
31936
31928.6
31919.4
31908.5
31896.1
31882.4
31864.8
32212.8
32211.2
32207.9
32203.2
32197.5
32189.8
32180.5
32169.8
32157.8
32142.4
32433.8
32432.4
32429.6
32425.5
32420.1
32413.8
32406.5
32397.5
32387.3
32374.2
32618.1
32617
32614.7
32611.2
32606.7
32601.2
32594.8
32587.7
32579.1
32568.2
32772.5
32771.5
32769.6
32766.8
32763.1
32758.4
32753
32747.1
32740.1
32731
32902.2
32901.4
32899.9
32897.5
32894.5
32890.7
32886.1
32881
32875.6
32868.1
33011.5
33010.9
33009.7
33007.8
33005.3
33002.2
32998.5
32994.3
32989.7
32983.6
33103.9
33103.4
33102.4
33100.9
33098.9
33096.4
33093.4
33090
33086.1
33081.1
33182.2
33181.8
33180.9
33179.7
33178.1
33176.1
33173.7
33170.9
33167.8
33163.7
33248.5
33248.2
33247.5
33246.5
33245.2
33243.6
33241.7
33239.5
33237
33233.7
33304.8
33304.5
33304
33303.3
33302.2
33300.9
33299.4
33297.6
33295.6
33293
33352.7
33352.5
33352.1
33351.5
33350.6
33349.6
33348.4
33347
33345.4
33343.4
33393.4
33393.2
33392.9
33392.5
33391.8
33391
33390.1
33389
33387.8
33386.1
33428.1
33428
33427.7
33427.4
33426.9
33426.3
33425.5
33424.7
33423.7
33422.4
33457.6
33457.5
33457.4
33457.1
33456.7
33456.2
33455.7
33455
33454.3
33453.3
33482.8
33482.8
33482.6
33482.4
33482.1
33481.8
33481.4
33480.9
33480.3
33479.6
33504.3
33504.3
33504.2
33504
33503.8
33503.5
33503.2
33502.9
33502.5
33501.9
33522.6
33522.6
33522.5
33522.4
33522.3
33522.1
33521.9
33521.6
33521.3
33520.9
33538.3
33538.3
33538.2
33538.1
33538
33537.9
33537.8
33537.6
33537.4
33537.1
33551.6
33551.6
33551.6
33551.5
33551.5
33551.4
33551.3
33551.2
33551
33550.8
33563
33563
33563
33563
33562.9
33562.9
33562.8
33562.8
33562.7
33562.5
33572.7
33572.7
33572.7
33572.7
33572.7
33572.7
33572.7
33572.6
33572.6
33572.5
33581
33581
33581
33581
33581
33581
33581.1
33581.1
33581.1
33581
33588.1
33588.1
33588.1
33588.1
33588.2
33588.2
33588.2
33588.2
33588.2
33588.2
33594.2
33594.2
33594.2
33594.2
33594.2
33594.3
33594.3
33594.3
33594.4
33594.4
33599.3
33599.3
33599.4
33599.4
33599.4
33599.5
33599.5
33599.5
33599.6
33599.6
33603.7
33603.8
33603.8
33603.8
33603.8
33603.9
33603.9
33604
33604
33604.1
33607.5
33607.5
33607.5
33607.6
33607.6
33607.6
33607.7
33607.8
33607.8
33607.9
33610.7
33610.7
33610.8
33610.8
33610.8
33610.9
33610.9
33611
33611
33611.1
33613.5
33613.5
33613.5
33613.5
33613.6
33613.6
33613.7
33613.7
33613.8
33613.8
33615.8
33615.8
33615.8
33615.9
33615.9
33615.9
33616
33616.1
33616.1
33616.2
33617.8
33617.8
33617.8
33617.9
33617.9
33617.9
33618
33618
33618.1
33618.2
33619.5
33619.5
33619.5
33619.6
33619.6
33619.6
33619.7
33619.7
33619.8
33619.9
33621
33621
33621
33621
33621
33621.1
33621.1
33621.2
33621.2
33621.3
33622.2
33622.2
33622.2
33622.2
33622.3
33622.3
33622.4
33622.4
33622.5
33622.5
33623.3
33623.3
33623.3
33623.3
33623.3
33623.4
33623.4
33623.5
33623.5
33623.6
33624.2
33624.2
33624.2
33624.2
33624.2
33624.3
33624.3
33624.3
33624.4
33624.4
33624.9
33624.9
33624.9
33625
33625
33625
33625.1
33625.1
33625.1
33625.2
33625.6
33625.6
33625.6
33625.6
33625.6
33625.7
33625.7
33625.7
33625.8
33625.8
33626.1
33626.2
33626.2
33626.2
33626.2
33626.2
33626.3
33626.3
33626.3
33626.4
33626.6
33626.6
33626.6
33626.7
33626.7
33626.7
33626.7
33626.8
33626.8
33626.8
33627
33627
33627
33627.1
33627.1
33627.1
33627.1
33627.2
33627.2
33627.2
33627.4
33627.4
33627.4
33627.4
33627.4
33627.4
33627.5
33627.5
33627.5
33627.6
33627.7
33627.7
33627.7
33627.7
33627.7
33627.7
33627.8
33627.8
33627.8
33627.8
33627.9
33627.9
33627.9
33628
33628
33628
33628
33628
33628.1
33628.1
33628.2
33628.2
33628.2
33628.2
33628.2
33628.2
33628.2
33628.2
33628.3
33628.3
33628.3
33628.3
33628.3
33628.4
33628.4
33628.4
33628.4
33628.4
33628.4
33628.5
33628.5
33628.5
33628.5
33628.5
33628.5
33628.5
33628.5
33628.6
33628.6
33628.6
33628.6
33628.6
33628.6
33628.6
33628.7
33628.7
33628.7
33628.7
33628.7
33628.7
33628.7
33628.7
33628.8
33628.8
33628.8
33628.8
33628.8
33628.8
33628.8
33628.8
33628.8
33628.8
33628.8
33628.9
33628.9
33628.9
33628.9
33628.9
33628.9
33628.9
33628.9
33628.9
33628.9
33628.9
33628.9
33629
33629
33629
33629
33629
33629
33629
33629
33629
33629
33629
33629
33629
33629.1
33629.1
33629.1
33629.1
33629.1
33629.1
33629.1
33629.1
33629.1
33629.1
33629.1
33629.1
33629.1
33629.1
33629.1
33629.1
33629.1
33629.1
33629.1
33629.1
33629.2
33629.2
33629.2
33629.2
33629.2
33629.2
33629.2
33629.2
33629.2
33629.2
33629.2
33629.2
33629.2
33629.2
33629.2
33629.2
33629.2
33629.2
33629.2
33629.2
33629.2
33629.2
33629.2
33629.2
33629.2
33629.2
33629.2
33629.2
33629.2
33629.3
33629.3
33629.3
33629.3
33629.3
33629.3
33629.3
33629.3
33629.3
33629.3
33629.3
33629.3
33629.3
33629.3
33629.3
33629.3
33629.3
33629.3
33629.3
33629.3
33629.3
33629.3
33629.3
33629.3
33629.3
33629.3
33629.3
33629.3
33629.3
33629.3
33629.3
33629.3
33629.3
33629.3
33629.3
33629.3
33629.3
33629.3
33629.3
33629.3
33629.3
33629.3
33629.3
33629.3
33629.3
33629.3
33629.3
33629.3
33629.3
33629.3
33629.3
33629.3
33629.3
33629.3
33629.3
33629.3
33629.3
33629.3
33629.3
33629.3
33629.3
33629.3
33629.4
33629.3
33629.3
33629.3
33629.3
33629.3
33629.3
33629.4
33629.4
33629.4
33629.4
33629.4
33629.4
33629.4
33629.4
33629.4
33629.4
33629.4
33629.4
33629.4
33629.4
33629.4
33629.4
33629.4
33629.4
33629.4
33629.4
33629.4
33629.4
33629.4
33629.4
33629.4
33629.4
33629.4
33629.4
33629.4
33629.4
33629.4
33629.4
33629.4
33629.4
33629.4
33629.4
33629.4
33629.4
33629.4
33629.4
33629.4
33629.4
33629.4
33629.4
33629.2
33629.2
33629.2
33629.2
33629.2
33629.2
33629.2
33629.2
33629.2
33629.2
33630.2
33630.2
33630.2
33630.2
33630.2
33630.2
33630.2
33630.2
33630.2
33630.2
27374.9
29918.8
31890.3
33400.1
34552.7
35436.6
36119.7
36652.4
37071.3
37403.4
37668.2
37880.3
38050.4
38186.4
38294.4
38378.7
38442.8
38489
38518.9
38533.7
27655.7
29656.1
31302
32649.9
33740.6
34618.5
35324.5
35893.3
36352.7
36725
37027.4
37273.2
37472.8
37634
37763.1
37864.6
37942.1
37998.2
38034.6
38052.5
28260.4
29772.9
31099.5
32247.3
33221.8
34039.6
34721.1
35287
35756
36144.4
36465.6
36730.6
36948.6
37126.5
37270.2
37384
37471.3
37534.7
37576
37596.4
28970.3
30093.6
31136.5
32084.2
32923.2
33653.6
34282.2
34818.8
35274.3
35659.3
35983.3
36254.8
36480.9
36667.4
36819.2
36940.4
37033.9
37102
37146.6
37168.6
29653.1
30488.8
31300.7
32069.7
32776
33410.9
33973.2
34465.4
34892.5
35260.6
35575.5
35843.2
36068.8
36257
36411.5
36535.6
36631.9
36702.4
36748.6
36771.5
30261.8
30890
31521.9
32141.1
32727.7
33270.2
33762.8
34203.9
34594.4
34936.9
35234.6
35491
35709.7
35893.9
36046.4
36169.7
36266
36336.7
36383.2
36406.3
30786.4
31264.8
31759.1
32257
32741
33199.4
33625
34013.8
34364.3
34676.6
34952
35192.2
35399.3
35575.3
35722.3
35841.9
35935.7
36005
36050.7
36073.4
31231.4
31600.9
31990.5
32391.5
32789.9
33174.9
33539.2
33877.9
34188.1
34468.6
34719.1
34940.2
35132.7
35297.8
35436.6
35550.3
35640
35706.5
35750.4
35772.2
31606.4
31895.4
32205
32529.4
32857.3
33179.7
33489.6
33782.2
34054.1
34303
34528
34728.6
34904.9
35057.3
35186.3
35292.7
35376.9
35439.5
35481
35501.7
31921.5
32150.2
32398.4
32662
32932.3
33201.9
33464.8
33716.1
33952.5
34171.5
34371.5
34551.4
34710.9
34849.8
34968.1
35066.2
35144.2
35202.4
35241
35260.3
32186.1
32369.1
32569.5
32784.9
33008.3
33233.8
33456.2
33671.3
33875.8
34067.1
34243.3
34403.3
34546.2
34671.4
34778.7
34868
34939.4
34992.8
35028.3
35046.1
32408.6
32556.2
32719.3
32896.1
33081.3
33270.1
33458.1
33641.7
33817.8
33984
34138.4
34279.6
34406.5
34518.4
34614.8
34695.4
34759.9
34808.4
34840.8
34856.9
32595.7
32715.8
32849.3
32995.2
33149.1
33307.4
33466.3
33622.8
33774.1
33917.9
34052.4
34176.3
34288.2
34387.4
34473.3
34545.4
34603.4
34647
34676.1
34690.7
32753.3
32851.8
32961.7
33082.5
33210.9
33343.8
33478.1
33611.3
33740.9
33865
33981.8
34089.8
34188.1
34275.5
34351.5
34415.5
34467.2
34506.1
34532.1
34545.2
32886.4
32967.5
33058.4
33158.9
33266.3
33378
33491.6
33604.9
33715.8
33822.6
33923.6
34017.5
34103.3
34180
34246.8
34303.3
34349
34383.5
34406.7
34418.3
32998.8
33066
33141.5
33225.4
33315.3
33409.4
33505.6
33601.9
33696.7
33788.4
33875.5
33956.9
34031.5
34098.4
34157
34206.6
34246.8
34277.2
34297.6
34307.9
33093.9
33149.8
33212.8
33282.9
33358.5
33437.8
33519.3
33601.2
33682.1
33760.7
33835.7
33906.1
33970.7
34028.9
34080
34123.4
34158.5
34185.2
34203.2
34212.2
33174.5
33221.1
33273.8
33332.6
33396.2
33463.2
33532.2
33601.9
33671
33738.3
33802.7
33863.3
33919.2
33969.7
34014.1
34051.8
34082.5
34105.8
34121.5
34129.4
33242.8
33281.8
33326
33375.5
33429.1
33485.7
33544.2
33603.4
33662.3
33719.9
33775.2
33827.4
33875.6
33919.2
33957.6
33990.4
34017.1
34037.4
34051
34057.9
33300.8
33333.5
33370.7
33412.3
33457.5
33505.4
33555.1
33605.4
33655.7
33704.9
33752.3
33797
33838.6
33876.2
33909.4
33937.7
33960.9
33978.5
33990.3
33996.3
33350
33377.5
33408.8
33443.9
33482.1
33522.7
33564.8
33607.7
33650.5
33692.5
33733.1
33771.5
33807.1
33839.5
33868.2
33892.6
33912.6
33927.9
33938.1
33943.3
33391.8
33415
33441.4
33471
33503.4
33537.7
33573.5
33609.9
33646.4
33682.3
33717
33749.9
33780.5
33808.3
33833
33854.1
33871.3
33884.4
33893.3
33897.7
33427.4
33446.9
33469.2
33494.2
33521.6
33550.8
33581.1
33612.1
33643.2
33673.8
33703.5
33731.6
33757.9
33781.7
33802.9
33821
33835.9
33847.2
33854.8
33858.7
33457.6
33474
33492.9
33514.1
33537.3
33562
33587.8
33614.2
33640.6
33666.8
33692.1
33716.2
33738.6
33759.1
33777.3
33792.8
33805.6
33815.3
33821.9
33825.2
33483.2
33497.2
33513.1
33531.1
33550.8
33571.7
33593.6
33616.1
33638.6
33660.9
33682.5
33703.1
33722.3
33739.8
33755.4
33768.7
33779.7
33788
33793.7
33796.5
33505.1
33516.9
33530.4
33545.6
33562.3
33580.1
33598.7
33617.8
33637
33656
33674.4
33692
33708.4
33723.4
33736.7
33748.2
33757.5
33764.7
33769.5
33772
33523.7
33533.7
33545.1
33558
33572.2
33587.3
33603.1
33619.3
33635.7
33651.9
33667.6
33682.6
33696.6
33709.4
33720.8
33730.6
33738.6
33744.7
33748.9
33751
33539.5
33547.9
33557.6
33568.6
33580.6
33593.5
33606.9
33620.7
33634.6
33648.4
33661.8
33674.6
33686.6
33697.5
33707.2
33715.6
33722.5
33727.7
33731.3
33733
33552.9
33560.1
33568.3
33577.6
33587.8
33598.7
33610.2
33621.9
33633.8
33645.5
33656.9
33667.8
33678
33687.4
33695.7
33702.8
33708.7
33713.2
33716.2
33717.7
33564.4
33570.5
33577.4
33585.3
33594
33603.3
33613
33623
33633
33643
33652.8
33662.1
33670.8
33678.7
33685.8
33691.9
33696.9
33700.8
33703.4
33704.7
33574.1
33579.3
33585.2
33591.9
33599.3
33607.1
33615.4
33623.9
33632.5
33641
33649.2
33657.2
33664.6
33671.4
33677.4
33682.6
33686.9
33690.2
33692.4
33693.5
33582.4
33586.8
33591.8
33597.5
33603.7
33610.4
33617.5
33624.7
33632
33639.2
33646.3
33653
33659.3
33665.1
33670.3
33674.7
33678.4
33681.2
33683.1
33684
33589.5
33593.2
33597.4
33602.3
33607.6
33613.3
33619.2
33625.4
33631.6
33637.7
33643.7
33649.5
33654.9
33659.8
33664.2
33668
33671.1
33673.5
33675.1
33675.9
33595.5
33598.6
33602.2
33606.3
33610.8
33615.7
33620.8
33626
33631.3
33636.5
33641.6
33646.5
33651.1
33655.3
33659
33662.3
33664.9
33666.9
33668.3
33669
33600.6
33603.2
33606.3
33609.8
33613.6
33617.7
33622
33626.5
33631
33635.4
33639.8
33643.9
33647.8
33651.4
33654.6
33657.4
33659.6
33661.3
33662.5
33663.1
33604.9
33607.2
33609.8
33612.7
33616
33619.5
33623.2
33626.9
33630.7
33634.5
33638.2
33641.8
33645.1
33648.1
33650.9
33653.2
33655.1
33656.6
33657.6
33658.1
33608.6
33610.5
33612.7
33615.3
33618
33621
33624.1
33627.3
33630.6
33633.8
33636.9
33639.9
33642.8
33645.4
33647.7
33649.7
33651.3
33652.5
33653.4
33653.8
33611.7
33613.4
33615.3
33617.4
33619.7
33622.3
33624.9
33627.6
33630.4
33633.1
33635.8
33638.4
33640.8
33643
33644.9
33646.6
33648
33649.1
33649.8
33650.2
33614.4
33615.8
33617.4
33619.2
33621.2
33623.3
33625.6
33627.9
33630.3
33632.6
33634.9
33637
33639.1
33641
33642.6
33644.1
33645.3
33646.2
33646.8
33647.1
33616.7
33617.9
33619.2
33620.8
33622.5
33624.3
33626.2
33628.1
33630.1
33632.1
33634.1
33635.9
33637.6
33639.2
33640.7
33641.9
33642.9
33643.7
33644.2
33644.5
33618.6
33619.6
33620.8
33622.1
33623.5
33625.1
33626.7
33628.4
33630
33631.7
33633.4
33634.9
33636.4
33637.8
33639
33640
33640.9
33641.5
33642
33642.2
33620.2
33621.1
33622.1
33623.2
33624.4
33625.7
33627.1
33628.5
33630
33631.4
33632.8
33634.1
33635.4
33636.5
33637.6
33638.4
33639.2
33639.7
33640.1
33640.3
33621.6
33622.4
33623.2
33624.1
33625.2
33626.3
33627.5
33628.7
33629.9
33631.1
33632.3
33633.4
33634.5
33635.5
33636.4
33637.1
33637.7
33638.2
33638.5
33638.7
33622.8
33623.4
33624.1
33624.9
33625.8
33626.8
33627.8
33628.8
33629.8
33630.9
33631.9
33632.8
33633.7
33634.6
33635.3
33636
33636.5
33636.9
33637.2
33637.3
33623.8
33624.4
33625
33625.6
33626.4
33627.2
33628
33628.9
33629.8
33630.7
33631.5
33632.3
33633.1
33633.8
33634.4
33635
33635.4
33635.8
33636
33636.1
33624.7
33625.1
33625.6
33626.2
33626.9
33627.5
33628.3
33629
33629.7
33630.5
33631.2
33631.9
33632.6
33633.2
33633.7
33634.2
33634.5
33634.8
33635
33635.1
33625.4
33625.8
33626.2
33626.7
33627.3
33627.8
33628.4
33629.1
33629.7
33630.3
33630.9
33631.5
33632.1
33632.6
33633.1
33633.5
33633.8
33634
33634.2
33634.3
33626
33626.4
33626.7
33627.1
33627.6
33628.1
33628.6
33629.1
33629.7
33630.2
33630.7
33631.2
33631.7
33632.1
33632.5
33632.9
33633.1
33633.3
33633.5
33633.6
33626.6
33626.8
33627.1
33627.5
33627.9
33628.3
33628.7
33629.2
33629.6
33630.1
33630.5
33631
33631.4
33631.7
33632.1
33632.3
33632.6
33632.8
33632.9
33632.9
33627
33627.2
33627.5
33627.8
33628.1
33628.5
33628.8
33629.2
33629.6
33630
33630.4
33630.7
33631.1
33631.4
33631.7
33631.9
33632.1
33632.3
33632.4
33632.4
33627.4
33627.6
33627.8
33628
33628.3
33628.6
33628.9
33629.3
33629.6
33629.9
33630.2
33630.6
33630.8
33631.1
33631.3
33631.5
33631.7
33631.8
33631.9
33632
33627.7
33627.9
33628
33628.3
33628.5
33628.8
33629
33629.3
33629.6
33629.9
33630.1
33630.4
33630.6
33630.9
33631.1
33631.2
33631.4
33631.5
33631.6
33631.6
33628
33628.1
33628.3
33628.4
33628.6
33628.9
33629.1
33629.3
33629.6
33629.8
33630
33630.2
33630.5
33630.6
33630.8
33631
33631.1
33631.2
33631.2
33631.3
33628.2
33628.3
33628.4
33628.6
33628.8
33629
33629.1
33629.3
33629.5
33629.7
33629.9
33630.1
33630.3
33630.5
33630.6
33630.7
33630.8
33630.9
33631
33631
33628.4
33628.5
33628.6
33628.7
33628.9
33629
33629.2
33629.4
33629.5
33629.7
33629.9
33630
33630.2
33630.3
33630.4
33630.5
33630.6
33630.7
33630.7
33630.8
33628.5
33628.6
33628.7
33628.8
33629
33629.1
33629.2
33629.4
33629.5
33629.7
33629.8
33629.9
33630.1
33630.2
33630.3
33630.4
33630.5
33630.5
33630.5
33630.6
33628.7
33628.8
33628.8
33628.9
33629
33629.2
33629.3
33629.4
33629.5
33629.6
33629.8
33629.9
33630
33630.1
33630.2
33630.2
33630.3
33630.4
33630.4
33630.4
33628.8
33628.9
33628.9
33629
33629.1
33629.2
33629.3
33629.4
33629.5
33629.6
33629.7
33629.8
33629.9
33630
33630.1
33630.1
33630.2
33630.2
33630.2
33630.3
33628.9
33629
33629
33629.1
33629.2
33629.2
33629.3
33629.4
33629.5
33629.6
33629.7
33629.8
33629.8
33629.9
33630
33630
33630.1
33630.1
33630.1
33630.1
33629
33629
33629.1
33629.1
33629.2
33629.3
33629.3
33629.4
33629.5
33629.6
33629.6
33629.7
33629.8
33629.8
33629.9
33629.9
33630
33630
33630
33630
33629
33629.1
33629.1
33629.2
33629.2
33629.3
33629.4
33629.4
33629.5
33629.5
33629.6
33629.7
33629.7
33629.8
33629.8
33629.9
33629.9
33629.9
33629.9
33629.9
33629.1
33629.1
33629.2
33629.2
33629.3
33629.3
33629.4
33629.4
33629.5
33629.5
33629.6
33629.6
33629.7
33629.7
33629.8
33629.8
33629.8
33629.8
33629.9
33629.9
33629.2
33629.2
33629.2
33629.3
33629.3
33629.3
33629.4
33629.4
33629.5
33629.5
33629.6
33629.6
33629.6
33629.7
33629.7
33629.7
33629.8
33629.8
33629.8
33629.8
33629.2
33629.2
33629.2
33629.3
33629.3
33629.3
33629.4
33629.4
33629.5
33629.5
33629.5
33629.6
33629.6
33629.6
33629.7
33629.7
33629.7
33629.7
33629.7
33629.7
33629.2
33629.3
33629.3
33629.3
33629.3
33629.4
33629.4
33629.4
33629.5
33629.5
33629.5
33629.6
33629.6
33629.6
33629.6
33629.7
33629.7
33629.7
33629.7
33629.7
33629.3
33629.3
33629.3
33629.3
33629.3
33629.4
33629.4
33629.4
33629.5
33629.5
33629.5
33629.5
33629.6
33629.6
33629.6
33629.6
33629.6
33629.6
33629.7
33629.7
33629.3
33629.3
33629.3
33629.3
33629.4
33629.4
33629.4
33629.4
33629.5
33629.5
33629.5
33629.5
33629.5
33629.6
33629.6
33629.6
33629.6
33629.6
33629.6
33629.6
33629.3
33629.3
33629.3
33629.3
33629.4
33629.4
33629.4
33629.4
33629.4
33629.5
33629.5
33629.5
33629.5
33629.5
33629.6
33629.6
33629.6
33629.6
33629.6
33629.6
33629.3
33629.3
33629.3
33629.4
33629.4
33629.4
33629.4
33629.4
33629.4
33629.5
33629.5
33629.5
33629.5
33629.5
33629.5
33629.6
33629.6
33629.6
33629.6
33629.6
33629.3
33629.3
33629.4
33629.4
33629.4
33629.4
33629.4
33629.4
33629.4
33629.5
33629.5
33629.5
33629.5
33629.5
33629.5
33629.5
33629.5
33629.5
33629.6
33629.6
33629.3
33629.4
33629.4
33629.4
33629.4
33629.4
33629.4
33629.4
33629.4
33629.5
33629.5
33629.5
33629.5
33629.5
33629.5
33629.5
33629.5
33629.5
33629.5
33629.5
33629.4
33629.4
33629.4
33629.4
33629.4
33629.4
33629.4
33629.4
33629.4
33629.4
33629.5
33629.5
33629.5
33629.5
33629.5
33629.5
33629.5
33629.5
33629.5
33629.5
33629.4
33629.4
33629.4
33629.4
33629.4
33629.4
33629.4
33629.4
33629.4
33629.4
33629.5
33629.5
33629.5
33629.5
33629.5
33629.5
33629.5
33629.5
33629.5
33629.5
33629.4
33629.4
33629.4
33629.4
33629.4
33629.4
33629.4
33629.4
33629.4
33629.4
33629.5
33629.5
33629.5
33629.5
33629.5
33629.5
33629.5
33629.5
33629.5
33629.5
33629.4
33629.4
33629.4
33629.4
33629.4
33629.4
33629.4
33629.4
33629.4
33629.4
33629.5
33629.5
33629.5
33629.5
33629.5
33629.5
33629.5
33629.5
33629.5
33629.5
33629.4
33629.4
33629.4
33629.4
33629.4
33629.4
33629.4
33629.4
33629.4
33629.4
33629.4
33629.5
33629.5
33629.5
33629.5
33629.5
33629.5
33629.5
33629.5
33629.5
33629.4
33629.4
33629.4
33629.4
33629.4
33629.4
33629.4
33629.4
33629.4
33629.4
33629.4
33629.5
33629.5
33629.5
33629.5
33629.5
33629.5
33629.5
33629.5
33629.5
33629.4
33629.4
33629.4
33629.4
33629.4
33629.4
33629.4
33629.4
33629.4
33629.4
33629.5
33629.5
33629.5
33629.5
33629.5
33629.5
33629.5
33629.5
33629.5
33629.5
33629.2
33629.3
33629.3
33629.3
33629.3
33629.3
33629.3
33629.3
33629.3
33629.3
33629.3
33629.3
33629.3
33629.3
33629.4
33629.4
33629.4
33629.4
33629.4
33629.4
33630.2
33630.2
33630.2
33630.2
33630.2
33630.2
33630.2
33630.3
33630.3
33630.3
33630.3
33630.3
33630.3
33630.3
33630.3
33630.3
33630.3
33630.3
33630.3
33630.3
39589.2
39768.6
39875.7
39945
39992.1
40025.4
40049.7
40067.7
40081.3
40091.8
40099.7
40105.9
40110.7
40114.4
40117.3
40119.5
40121.2
40122.5
40123.5
40124.2
38275.3
38817.4
39146.5
39363.3
39513.7
39622.4
39703.3
39765.1
39812.9
39850.6
39880.5
39904.3
39923.5
39938.8
39951.1
39960.9
39968.4
39974.2
39978.3
39981.1
36972.1
37866.1
38413.9
38778
39032.4
39217.2
39355.6
39461.6
39544.1
39609.3
39661.2
39702.9
39736.5
39763.6
39785.3
39802.5
39816
39826.1
39833.4
39838.1
35686.6
36914.7
37676
38186.9
38546.4
38808.7
39005.6
39156.7
39274.6
39367.8
39442.1
39501.9
39550
39588.8
39620
39644.7
39664
39678.5
39688.8
39695.4
34426.3
35963.4
36931.3
37588.5
38054.4
38396
38653
38850.3
39004.4
39126.1
39223.3
39301.4
39364.3
39414.9
39455.6
39487.8
39512.9
39531.6
39544.8
39553
33198.5
35012.8
36179
36981.9
37555.9
37978.6
38297.3
38542.3
38733.5
38884.5
39005
39101.6
39179.5
39242.1
39292.2
39331.9
39362.7
39385.6
39401.5
39411.2
32010.1
34063.9
35419.5
36367.3
37051
37556.8
37939
38232.9
38462.3
38643.3
38787.5
38903.1
38996
39070.6
39130.3
39177.4
39213.8
39240.7
39259.2
39270.1
30866
33117.5
34653.9
35745.9
36540.7
37131.4
37578.7
37922.8
38191.2
38402.8
38571.2
38706
38814.2
38900.9
38970.1
39024.5
39066.4
39097.2
39118
39129.8
29766.3
32175
33885.3
35120.3
36027.1
36704
37217.5
37612.8
37921
38163.8
38356.7
38510.9
38634.4
38733.3
38811.9
38873.6
38920.7
38955.2
38978.1
38990.5
28653.3
31207.7
33097.7
34481
35503.8
36270.2
36852.5
37300.9
37650.3
37925.3
38143.4
38317.4
38456.6
38567.7
38655.8
38724.6
38777
38814.9
38839.7
38852.3
54161.8
52939.5
51640.6
50280.1
48858.2
47378.8
45849.1
44279
42679.3
41061.6
55093
53782.9
52395.8
50938
49415.3
47834.3
46203.2
44531.9
42831.2
41112.7
56212.2
54801.8
53308.3
51737.5
50096.7
48394.6
46640.6
44845.2
43019.7
41176
57530.1
56004.9
54387
52684.3
50905.9
49061.6
47162.3
45219.3
43244.8
41251.4
59114.5
57451.5
55684.9
53824.9
51881.9
49867.4
47793.3
45672.2
43517.5
41342.5
61061
59227.9
57279.2
55226.7
53082.4
50859.3
48570.6
46230.5
43853.5
41454.6
63515.8
61467.7
59289.8
56995.2
54597.6
52111.8
49552.6
46936
44278.3
41596.2
66727.7
64398.3
61920.9
59310
56581.7
53752.5
50839.6
47860.9
44835.4
41781.7
71142.9
68427.6
65539.8
62495.8
59313.7
56012.8
52613.1
49135.6
45602.3
42036
80503
76981.5
73229.1
69269.3
65127.1
60828
56398.2
51864.2
47252.9
42590.5
60790
60661
60404.2
60022
59518.1
58897.1
58164.1
57323.4
56378
55333.8
62167.2
62031.5
61760.9
61357.5
60824.7
60166.5
59387.3
58491.7
57483.3
56362.5
63782.9
63638.1
63348.5
62916.6
62345.1
61638.2
60800.1
59835.5
58748.6
57541.6
65702.3
65546.4
65234.2
64767.8
64150.4
63385.9
62478.7
61434.2
60257.5
58954.1
68017.6
67848.3
67508.5
67000.5
66327.6
65493.9
64504.3
63364.7
62081.6
60662.3
70864.8
70679
70305.3
69746.1
69005
68086.5
66996.1
65740.6
64327.2
62764.8
74456.4
74250
73833.5
73209.8
72382.7
71357.5
70140.3
68738.8
67161.5
65418
79154.5
78921.4
78449
77740.8
76801.3
75636.5
74253.7
72661.4
70869.7
68889.5
85610
85340.4
84791
83966.4
82872.3
81515.8
79905.6
78051.9
75966.4
73662.1
99338.3
98981.5
98261.1
97182.8
95753.8
93983.9
91884.6
89469.8
86755.9
83761.4
47750.2
47748.1
47743.9
47737.6
47729.1
47718.6
47706
47691.3
47674.2
47653.7
47769.7
47767.5
47763.3
47756.9
47748.5
47737.9
47725.3
47710.5
47693.5
47672.9
47809.1
47807
47802.7
47796.3
47787.8
47777.3
47764.6
47749.8
47732.8
47711.9
47869.4
47867.3
47863.1
47856.7
47848.3
47837.7
47825
47810.2
47793.1
47771.7
47952.3
47950.2
47946
47939.7
47931.2
47920.7
47908.1
47893.3
47876
47853.7
48059.7
48057.7
48053.5
48047.3
48039
48028.6
48016
48001.2
47983.9
47959.8
48194.6
48192.6
48188.5
48182.4
48174.2
48163.9
48151.5
48136.7
48119.1
48093
48360.8
48358.8
48354.8
48348.8
48340.7
48330.5
48318
48303
48284.5
48257.8
48563
48561.1
48557.2
48551.3
48543.4
48533.2
48520.7
48505.3
48485
48457.6
48807.7
48805.8
48802.1
48796.3
48788.5
48778.4
48765.6
48749.3
48724.2
48698.6
49103.1
49101.3
49097.7
49092
49084.1
49073.6
49059.9
49040.8
49011.1
48987.7
49460
49458.2
49454.6
49448.9
49440.8
49429.5
49413.7
49386.5
49354.6
49332.2
49892.2
49890.4
49886.6
49880.2
49870.6
49856.1
49830.8
49799.8
49769.6
49745.8
50418.4
50416.2
50411.4
50402.7
50386.3
50363.4
50333.6
50301.3
50269.7
50241.1
51060.9
51056.7
51047.8
51033.2
51011.6
50981.4
50949.9
50914.5
50873.6
50833.2
51848.4
51842.1
51829.5
51810.5
51784.8
51751.7
51710.5
51659.9
51598.4
51534.2
52840.8
52832.9
52816.5
52790.8
52754.3
52705
52640.9
52559.6
52458.8
52348.9
54130.5
54116.5
54087.6
54042.1
53977.6
53890.9
53778.4
53636.4
53461.1
53263.8
55862
55831
55768
55671.4
55538.6
55366.5
55151.2
54888.2
54572.4
54213.4
58308.8
58229.5
58071.1
57834.6
57521.8
57135.5
56680.1
56161.3
55585.2
54971
47609.3
47527.4
47431.7
47324.4
47208
47084.9
46957.8
46829.1
46701.1
46576.2
46456.4
46343.4
46239.1
46144.8
46061.8
45991.1
45933.6
45889.8
45860.4
45845.6
47627.9
47543.6
47445.2
47335.1
47215.7
47089.6
46959.6
46828.1
46697.6
46570.3
46448.3
46333.5
46227.5
46131.8
46047.5
45975.9
45917.6
45873.3
45843.5
45828.5
47665.4
47576.2
47472.4
47356.4
47231
47099
46963.1
46826
46690.2
46558.1
46431.8
46313.2
46203.9
46105.3
46018.7
45945.1
45885.3
45839.9
45809.4
45794
47722.8
47625.9
47513.7
47388.8
47254.1
47112.8
46968
46822.3
46678.6
46539.3
46406.5
46282.1
46167.8
46065
45974.9
45898.4
45836.3
45789.3
45757.7
45741.8
47801.5
47693.8
47569.8
47432.3
47284.8
47130.8
46973.6
46816.4
46661.9
46512.8
46371.3
46239.3
46118.4
46010
45915.2
45835
45770
45720.8
45687.8
45671.3
47903.3
47781.2
47641.5
47487.4
47323.1
47152.5
46979.4
46807.2
46639
46477.6
46325.1
46183.5
46054.5
45939.2
45838.8
45754
45685.5
45633.7
45599
45581.6
48030.8
47889.9
47729.8
47554.4
47368.6
47177
46983.9
46793.3
46608.4
46431.9
46266.3
46113.4
45974.7
45851.3
45744.3
45654.2
45581.6
45526.9
45490.3
45472
48187.5
48022.2
47835.9
47633.4
47420.7
47203.1
46985.7
46772.8
46567.9
46373.8
46192.8
46026.8
45877.1
45744.7
45630.3
45534.4
45457.3
45399.4
45360.7
45341.3
48377.2
48180.3
47960.8
47724.4
47478.2
47229
46982.4
46743.1
46514.8
46300.5
46102.2
45921.6
45759.7
45617.4
45495
45392.9
45311.1
45249.8
45208.9
45188.4
48604.5
48367.1
48105.4
47826.4
47539.3
47251.9
46970.7
46700.7
46445.8
46208.6
45991.2
45794.8
45620
45467.2
45336.6
45228.1
45141.5
45076.8
45033.7
45012.2
48875.3
48585.3
48269.9
47937.9
47600.8
47267.8
46946.1
46641
46356.2
46094.2
45856.3
45643.1
45455
45291.7
45152.9
45038.2
44947.1
44879.1
44834
44811.5
49195.9
48837.5
48453.5
48055.5
47657.7
47270.8
46902.5
46558.1
46240.7
45952.1
45692.9
45463
45261.7
45088.3
44941.9
44821.5
44726.3
44655.5
44608.6
44585.3
49574.8
49125.6
48653.4
48173.3
47702.4
47252.6
46831.7
46444.2
46092.3
45776.5
45496.1
45250
45036.6
44854.2
44701.3
44576.2
44477.7
44404.8
44356.6
44332.6
50019.8
49448.9
48863
48281.3
47723.4
47201.6
46722.8
46289.7
45902.7
45560.4
45260.3
44999.9
44776.3
44586.8
44428.9
44300.7
44200.1
44126
44077.1
44052.9
50536.3
49800.9
49069.1
48363.1
47703.8
47102.1
46561.9
46082.9
45662.4
45296.1
44979.5
44707.9
44477.2
44283.4
44123.1
43993.7
43892.8
43818.7
43769.9
43745.8
51122
50164.9
49247.8
48393.3
47619.8
46933.1
46331.6
45809.7
45360.2
44975.2
44647.3
44369.6
44136.2
43941.9
43782.5
43654.6
43555.3
43482.7
43435
43411.5
51758.3
50505
49359
48334
47438.5
46667.8
46010.7
45454.1
44984.5
44589.4
44258
43981
43750.7
43560.9
43406.3
43283
43187.9
43118.4
43073.1
43050.7
52391.1
50754.5
49339.5
48131.3
47117
46273.4
45575.5
44999.3
44523.6
44130.9
43806.7
43539.3
43319.5
43139.9
42994.8
42879.8
42791.4
42727.2
42685.3
42664.7
52892.7
50799.9
49095
47712
46601.3
45712.5
45000.8
44429
43967.7
43594.1
43290.5
43043.4
42842.5
42679.8
42549.3
42446.5
42367.8
42310.8
42273.8
42255.5
53080.8
50503.2
48513.5
46995.9
45840
44954.3
44269.6
43735
43313.8
42979
42711.2
42496
42322.8
42183.7
42072.9
41986.1
41920
41872.2
41841.1
41825.8
51871.3
49299.1
47394.3
45997.9
44963.8
44187.4
43596
43139.3
42782.3
42500.2
42275.5
42095.5
41950.8
41834.9
41742.5
41670
41614.8
41574.7
41548.4
41534.9
50752.9
48327.4
46603.8
45356.6
44439.2
43752.6
43230.2
42826.8
42511.2
42261.4
42062.1
41902
41773.2
41669.6
41586.9
41521.7
41471.7
41435.1
41410.8
41397.6
49647.3
47381.2
45832.5
44729.4
43924.4
43324.3
42868.4
42516.4
42240.7
42022.2
41847.5
41707
41593.6
41502.3
41429.1
41371.3
41326.7
41293.8
41271.6
41259.1
48498.5
46432
45065
44106.6
43413.1
42898.2
42507.6
42205.9
41969.3
41781.6
41631.2
41510
41412
41332.8
41269.3
41218.8
41179.8
41150.8
41131
41119.4
47306.2
45480.8
44304
43490.9
42907.4
42475.8
42148.8
41896.2
41697.9
41540.2
41413.7
41311.5
41228.7
41161.7
41107.7
41064.7
41031.4
41006.5
40989.2
40978.9
46075.3
44528.4
43550.5
42883.5
42408.3
42058
41792.9
41587.9
41426.8
41298.5
41195.4
41111.9
41044.1
40989.1
40944.6
40909.2
40881.6
40860.9
40846.4
40837.5
44812.7
43575.7
42804.9
42284.4
41915.9
41644.9
41439.9
41281.3
41156.5
41056.8
40976.6
40911.4
40858.4
40815.3
40780.4
40752.6
40730.7
40714.3
40702.8
40695.6
43525.6
42623.2
42066.2
41692.9
41429.5
41236.2
41089.8
40976.4
40886.9
40815.3
40757.5
40710.4
40672.1
40640.7
40615.4
40595
40579.1
40567
40558.5
40553.1
42221.3
41671.2
41333.2
41107.3
40948
40830.9
40741.9
40672.8
40618
40574
40538.3
40509.1
40485.2
40465.6
40449.6
40436.8
40426.8
40419.1
40413.7
40410.3
40906.9
40719.7
40603.8
40525.5
40469.5
40427.8
40395.6
40370.1
40349.6
40332.9
40319
40307.5
40298
40290.1
40283.5
40278.3
40274.1
40270.9
40268.7
40267.3
)
;

boundaryField
{
    down
    {
        type            symmetry;
    }
    right
    {
        type            zeroGradient;
    }
    up
    {
        type            symmetry;
    }
    left
    {
        type            zeroGradient;
    }
    cylinder
    {
        type            symmetry;
    }
    defaultFaces
    {
        type            empty;
    }
}


// ************************************************************************* //
