/*--------------------------------*- C++ -*----------------------------------*\
| =========                 |                                                 |
| \\      /  F ield         | OpenFOAM: The Open Source CFD Toolbox           |
|  \\    /   O peration     | Version:  2406                                  |
|   \\  /    A nd           | Website:  www.openfoam.com                      |
|    \\/     M anipulation  |                                                 |
\*---------------------------------------------------------------------------*/
FoamFile
{
    version     2.0;
    format      ascii;
    arch        "LSB;label=32;scalar=64";
    class       volScalarField;
    location    "6.4416e-05";
    object      CH4;
}
// * * * * * * * * * * * * * * * * * * * * * * * * * * * * * * * * * * * * * //

dimensions      [0 0 0 0 0 0 0];

internalField   nonuniform List<scalar> 
4000
(
0.183986
0.0337195
0.00681852
0.00135541
0.000253938
4.53052e-05
7.73374e-06
1.27197e-06
2.0311e-07
3.1688e-08
4.85381e-09
7.32668e-10
1.09297e-10
1.61497e-11
2.36784e-12
3.44991e-13
5.00096e-14
7.22016e-15
1.03918e-15
1.49168e-16
2.13902e-17
3.06015e-18
4.37356e-19
6.24695e-20
8.92002e-21
1.27364e-21
1.8189e-22
2.59858e-23
3.71445e-24
5.31304e-25
7.6056e-26
1.08973e-26
1.56292e-27
2.244e-28
3.22551e-29
4.64175e-30
6.68782e-31
9.6475e-32
1.3934e-32
2.01496e-33
2.91732e-34
4.22885e-35
6.13723e-36
8.91709e-37
1.29706e-37
1.88874e-38
2.75322e-39
4.01742e-40
5.8678e-41
8.57835e-42
1.2552e-42
1.83816e-43
2.69398e-44
3.95114e-45
5.79894e-46
8.51632e-47
1.25145e-47
1.83996e-48
2.70654e-49
3.98328e-50
5.86533e-51
8.6412e-52
1.27376e-52
1.8786e-53
2.77212e-54
4.09282e-55
6.04591e-56
8.93559e-57
1.32131e-57
1.95479e-58
2.89336e-59
4.28452e-60
6.34766e-61
9.40849e-62
1.39552e-62
2.0707e-63
3.07372e-64
4.56425e-65
6.77997e-66
1.00767e-66
1.50679e-67
2.24887e-68
3.35254e-69
4.99908e-70
7.45227e-71
1.11072e-71
1.65517e-72
2.46607e-73
3.67362e-74
5.47372e-75
8.16539e-76
1.22052e-76
1.82967e-77
2.75504e-78
4.1729e-79
6.36995e-80
9.75658e-81
1.5072e-81
2.29339e-82
2.92348e-83
0.233261
0.0512469
0.0107377
0.00215392
0.000410987
7.54648e-05
1.33237e-05
2.27699e-06
3.79124e-07
6.17889e-08
9.89348e-09
1.56089e-09
2.43227e-10
3.7507e-11
5.73277e-12
8.6971e-13
1.31115e-13
1.9653e-14
2.93674e-15
4.36434e-16
6.46345e-17
9.54364e-18
1.40559e-18
2.06567e-19
3.03013e-20
4.43795e-21
6.49127e-22
9.48405e-23
1.38437e-23
2.0192e-24
2.94415e-25
4.29274e-26
6.2597e-27
9.12974e-28
1.33195e-28
1.94388e-29
2.83811e-30
4.14568e-31
6.05882e-32
8.85974e-33
1.29631e-33
1.89783e-34
2.7802e-35
4.07539e-36
5.9778e-37
8.77389e-38
1.2886e-38
1.89374e-39
2.78479e-40
4.09758e-41
6.03281e-42
8.88712e-43
1.30991e-43
1.93176e-44
2.85025e-45
4.20749e-46
6.21381e-47
9.1807e-48
1.35684e-48
2.00726e-49
2.97235e-50
4.40565e-51
6.53617e-52
9.70577e-53
1.44258e-53
2.14599e-54
3.19508e-55
4.76096e-56
7.10002e-57
1.05966e-57
1.58275e-58
2.36583e-59
3.53894e-60
5.29617e-61
7.95044e-62
1.19173e-62
1.78755e-63
2.68304e-64
4.0298e-65
6.06194e-66
9.51957e-67
1.42278e-67
2.13982e-68
3.22981e-69
4.86383e-70
7.3296e-71
1.1053e-71
1.66797e-72
2.51918e-73
3.81801e-74
5.83166e-75
8.98381e-76
1.39776e-76
2.20653e-77
3.53847e-78
5.75477e-79
9.48966e-80
1.58436e-80
2.55524e-81
3.21962e-82
0.239196
0.0526055
0.011258
0.00227693
0.000436444
8.01121e-05
1.42269e-05
2.46438e-06
4.16283e-07
6.88375e-08
1.11891e-08
1.79318e-09
2.84007e-10
4.45374e-11
6.92572e-12
1.06925e-12
1.64211e-13
2.50851e-14
3.81696e-15
5.78518e-16
8.73862e-17
1.3162e-17
1.97766e-18
2.9655e-19
4.43923e-20
6.63601e-21
9.90846e-22
1.4781e-22
2.20334e-23
3.28259e-24
4.88759e-25
7.27326e-26
1.08187e-26
1.60874e-27
2.39163e-28
3.55146e-29
5.2738e-30
7.83129e-31
1.16295e-31
1.72715e-32
2.56543e-33
3.81127e-34
5.66341e-35
8.41762e-36
1.25149e-36
1.86123e-37
2.76893e-38
4.12072e-39
6.13467e-40
9.13629e-41
1.36118e-41
2.02875e-42
3.02494e-43
4.51211e-44
6.73316e-45
1.00517e-45
1.50121e-46
2.24285e-47
3.35271e-48
5.01981e-49
7.52792e-50
1.13074e-50
1.70117e-51
2.56302e-52
3.87443e-53
5.85723e-54
8.86925e-55
1.34523e-55
2.04375e-56
3.11019e-57
4.74115e-58
7.23986e-59
1.10749e-59
1.69716e-60
2.60564e-61
4.00796e-62
6.17694e-63
9.53879e-64
1.4761e-64
2.28862e-65
3.51447e-66
5.51921e-67
8.78997e-68
1.37171e-68
2.15556e-69
3.39815e-70
5.37624e-71
8.53946e-72
1.36241e-72
2.18366e-73
3.51633e-74
5.69386e-75
9.28204e-76
1.52384e-76
2.5249e-77
4.22908e-78
7.15169e-79
1.20716e-79
1.94199e-80
2.41835e-81
0.239032
0.0523671
0.0111626
0.00224587
0.000427922
7.80267e-05
1.37643e-05
2.37586e-06
4.00499e-07
6.61229e-08
1.0738e-08
1.7205e-09
2.72626e-10
4.28009e-11
6.66748e-12
1.03181e-12
1.58766e-13
2.42894e-14
3.76875e-15
5.72457e-16
8.67059e-17
1.31009e-17
1.97542e-18
2.9735e-19
4.46941e-20
6.70983e-21
1.00635e-21
1.50815e-22
2.25878e-23
3.38141e-24
5.06024e-25
7.57069e-26
1.13248e-26
1.69391e-27
2.5337e-28
3.79347e-29
5.68013e-30
8.50634e-31
1.27412e-31
1.90887e-32
2.8606e-33
4.2881e-34
6.4301e-35
9.64508e-36
1.44733e-36
2.17268e-37
3.26287e-38
4.90215e-39
7.36819e-40
1.10798e-40
1.66686e-41
2.50883e-42
3.77792e-43
5.69175e-44
8.57853e-45
1.29499e-45
1.95398e-46
2.94959e-47
4.45646e-48
6.7485e-49
1.02428e-49
1.55822e-50
2.37597e-51
3.63131e-52
5.56312e-53
8.54272e-54
1.31494e-54
2.02889e-55
3.13812e-56
4.86575e-57
7.56345e-58
1.17869e-58
1.84168e-59
2.88532e-60
4.53287e-61
7.14155e-62
1.12843e-62
1.78844e-63
2.8436e-64
4.53642e-65
7.2606e-66
1.16474e-66
1.88304e-67
3.05206e-68
4.96964e-69
8.12916e-70
1.3366e-70
2.20992e-71
3.67605e-72
6.15535e-73
1.03813e-73
1.7647e-74
3.02598e-75
5.23267e-76
9.1427e-77
1.61362e-77
2.86963e-78
5.07918e-79
8.38937e-80
1.06847e-80
0.238602
0.0520588
0.0110365
0.00220581
0.000417255
7.55062e-05
1.32414e-05
2.27253e-06
3.80959e-07
6.25344e-08
1.0098e-08
1.60938e-09
2.53772e-10
3.96648e-11
6.1546e-12
9.49067e-13
1.45517e-13
2.21438e-14
3.4455e-15
5.21946e-16
7.9012e-17
1.19341e-17
1.79922e-18
2.70845e-19
4.07218e-20
6.11661e-21
9.18049e-22
1.37713e-22
2.06493e-23
3.09544e-24
4.63956e-25
6.9537e-26
1.04227e-26
1.56243e-27
2.34267e-28
3.51366e-29
5.27189e-30
7.91313e-31
1.18829e-31
1.78524e-32
2.68343e-33
4.03559e-34
6.07254e-35
9.14217e-36
1.37721e-36
2.07592e-37
3.131e-38
4.72522e-39
7.13566e-40
1.07826e-40
1.6304e-41
2.4669e-42
3.73505e-43
5.65813e-44
8.58611e-45
1.30422e-45
1.97997e-46
3.00758e-47
4.57416e-48
6.97732e-49
1.06744e-49
1.63786e-50
2.52048e-51
3.89008e-52
6.02149e-53
9.34801e-54
1.45542e-54
2.27253e-55
3.55878e-56
5.58975e-57
8.80686e-58
1.39186e-58
2.20685e-59
3.51056e-60
5.6032e-61
8.97366e-62
1.43997e-62
2.32003e-63
3.75127e-64
6.08779e-65
9.91687e-66
1.61942e-66
2.7031e-67
4.45807e-68
7.38468e-69
1.22928e-69
2.05702e-70
3.46116e-71
5.85815e-72
9.97741e-73
1.71069e-73
2.95398e-74
5.14022e-75
9.0058e-76
1.59164e-76
2.8365e-77
5.11287e-78
9.141e-79
1.54775e-79
2.00152e-80
0.238327
0.051857
0.010949
0.00217855
0.000409986
7.37829e-05
1.28681e-05
2.19627e-06
3.65998e-07
5.96796e-08
9.56912e-09
1.51402e-09
2.36987e-10
3.6771e-11
5.66441e-12
8.67273e-13
1.3241e-13
2.01068e-14
3.064e-15
4.63441e-16
6.97659e-17
1.04816e-17
1.5723e-18
2.35573e-19
3.52636e-20
5.2754e-21
7.88881e-22
1.17945e-22
1.76333e-23
2.63654e-24
3.9431e-25
5.89917e-26
8.8294e-27
1.32219e-27
1.9811e-28
2.97025e-29
4.45632e-30
6.69072e-31
1.0053e-31
1.51167e-32
2.27493e-33
3.42635e-34
5.165e-35
7.79171e-36
1.17652e-36
1.77801e-37
2.68933e-38
4.07124e-39
6.16858e-40
9.35451e-41
1.41983e-41
2.15689e-42
3.27944e-43
4.98975e-44
7.60866e-45
1.16168e-45
1.77248e-46
2.70644e-47
4.13887e-48
6.35255e-49
9.78573e-50
1.51291e-50
2.34749e-51
3.65565e-52
5.71343e-53
8.96192e-54
1.41091e-54
2.22941e-55
3.53557e-56
5.62715e-57
8.98792e-58
1.44078e-58
2.31805e-59
3.74332e-60
6.06763e-61
9.87186e-62
1.61448e-62
2.65127e-63
4.37307e-64
7.24198e-65
1.20291e-65
2.04013e-66
3.4177e-67
5.78346e-68
9.81061e-69
1.6734e-69
2.86999e-70
4.95023e-71
8.58887e-72
1.49939e-72
2.63428e-73
4.65887e-74
8.29739e-75
1.48615e-75
2.68176e-76
4.8716e-77
8.84405e-78
1.59083e-78
2.71182e-79
3.51863e-80
0.238151
0.051725
0.0108928
0.00215911
0.000404551
7.2457e-05
1.25791e-05
2.13739e-06
3.54505e-07
5.74972e-08
9.16629e-09
1.44156e-09
2.24238e-10
3.45708e-11
5.29075e-12
8.04807e-13
1.21898e-13
1.83694e-14
2.77785e-15
4.1626e-16
6.2303e-17
9.30615e-18
1.38788e-18
2.06739e-19
3.07701e-20
4.57717e-21
6.80672e-22
1.01215e-22
1.50523e-23
2.23915e-24
3.33232e-25
4.96188e-26
7.39316e-27
1.1024e-27
1.64514e-28
2.45729e-29
3.67384e-30
5.49817e-31
8.23697e-32
1.23533e-32
1.8547e-33
2.78773e-34
4.19512e-35
6.31946e-36
9.53169e-37
1.43936e-37
2.1761e-38
3.29385e-39
4.99164e-40
7.57357e-41
1.15047e-41
1.74972e-42
2.66428e-43
4.06118e-44
6.20359e-45
9.49725e-46
1.45305e-46
2.22544e-47
3.41473e-48
5.26271e-49
8.14638e-50
1.26652e-50
1.97764e-51
3.10141e-52
4.88475e-53
7.72669e-54
1.22747e-54
1.95838e-55
3.138e-56
5.04991e-57
8.16196e-58
1.32493e-58
2.16021e-59
3.53762e-60
5.81931e-61
9.61696e-62
1.59657e-62
2.66236e-63
4.45817e-64
7.50061e-65
1.26793e-65
2.15054e-66
3.7235e-67
6.4136e-68
1.10785e-68
1.92396e-69
3.3599e-70
5.90101e-71
1.04243e-71
1.85241e-72
3.31166e-73
5.95677e-74
1.07832e-74
1.9612e-75
3.59012e-76
6.60986e-77
1.22201e-77
2.22639e-78
3.83563e-79
4.99829e-80
0.238025
0.0516312
0.0108506
0.00214525
0.000400712
7.1521e-05
1.23749e-05
2.0955e-06
3.46273e-07
5.59241e-08
8.87458e-09
1.38893e-09
2.1497e-10
3.29715e-11
5.01944e-12
7.59531e-13
1.14242e-13
1.72036e-14
2.59048e-15
3.86293e-16
5.73949e-17
8.51333e-18
1.26114e-18
1.86642e-19
2.76039e-20
4.08099e-21
6.03247e-22
8.91772e-23
1.31862e-23
1.95061e-24
2.88712e-25
4.27621e-26
6.33874e-27
9.40458e-28
1.39671e-28
2.07652e-29
3.0907e-30
4.60569e-31
6.87179e-32
1.02659e-32
1.53567e-33
2.30027e-34
3.45047e-35
5.18208e-36
7.79475e-37
1.17412e-37
1.77111e-38
2.67547e-39
4.04744e-40
6.13184e-41
9.30321e-42
1.41354e-42
2.15088e-43
3.2774e-44
5.00266e-45
7.66169e-46
1.17268e-46
1.79721e-47
2.76008e-48
4.26052e-49
6.61004e-50
1.03071e-50
1.61527e-51
2.54401e-52
4.0267e-53
6.40509e-54
1.02386e-54
1.64472e-55
2.65509e-56
4.30722e-57
7.02184e-58
1.15038e-58
1.894e-59
3.13378e-60
5.21099e-61
8.70859e-62
1.46274e-62
2.46938e-63
4.19169e-64
7.15275e-65
1.22265e-65
2.13928e-66
3.7028e-67
6.4449e-68
1.1295e-68
1.98929e-69
3.52299e-70
6.27404e-71
1.12363e-71
2.02372e-72
3.66546e-73
6.6766e-74
1.22323e-74
2.24982e-75
4.16138e-76
7.73434e-77
1.43646e-77
2.63812e-78
4.55392e-79
5.96723e-80
0.237934
0.0515626
0.0108201
0.00213507
0.00039788
7.08295e-05
1.22238e-05
2.06444e-06
3.40154e-07
5.47513e-08
8.6565e-09
1.34949e-09
2.08011e-10
3.17686e-11
4.81534e-12
7.25301e-13
1.08664e-13
1.63536e-14
2.43163e-15
3.60541e-16
5.3334e-17
7.87514e-18
1.16119e-18
1.71039e-19
2.5176e-20
3.70422e-21
5.44926e-22
8.01691e-23
1.17976e-23
1.73689e-24
2.55866e-25
3.77203e-26
5.56562e-27
8.22008e-28
1.21536e-28
1.79902e-29
2.66627e-30
3.95673e-31
5.87974e-32
8.74965e-33
1.30393e-33
1.94606e-34
2.90906e-35
4.35438e-36
6.52915e-37
9.80563e-38
1.47499e-38
2.22231e-39
3.35373e-40
5.06945e-41
7.67555e-42
1.16406e-42
1.76833e-43
2.69072e-44
4.09997e-45
6.27426e-46
9.59521e-47
1.46963e-47
2.2558e-48
3.48236e-49
5.40641e-50
8.44096e-51
1.32528e-51
2.09236e-52
3.32175e-53
5.30257e-54
8.51108e-55
1.37358e-55
2.22886e-56
3.63636e-57
5.96491e-58
9.83761e-59
1.63126e-59
2.71958e-60
4.55858e-61
7.68259e-62
1.30179e-62
2.21782e-63
3.79911e-64
6.54345e-65
1.13303e-65
1.97044e-66
3.5064e-67
6.16687e-68
1.09182e-68
1.94295e-69
3.47659e-70
6.25495e-71
1.1315e-71
2.05792e-72
3.7628e-73
6.9162e-74
1.27805e-74
2.36936e-75
4.41451e-76
8.25944e-77
1.54357e-77
2.85073e-78
4.94591e-79
6.50135e-80
0.237865
0.0515105
0.0107969
0.00212731
0.000395717
7.03003e-05
1.21079e-05
2.04053e-06
3.35434e-07
5.38448e-08
8.4877e-09
1.31894e-09
2.02617e-10
3.08365e-11
4.65708e-12
6.98891e-13
1.04187e-13
1.56239e-14
2.31309e-15
3.4145e-16
5.02853e-17
7.39175e-18
1.08499e-18
1.59092e-19
2.33253e-20
3.41826e-21
5.00842e-22
7.33862e-23
1.07557e-23
1.5771e-24
2.31391e-25
3.39753e-26
4.99311e-27
7.34548e-28
1.08183e-28
1.59524e-29
2.35536e-30
3.48247e-31
5.15636e-32
7.64627e-33
1.13561e-33
1.68924e-34
2.51711e-35
3.75596e-36
5.61521e-37
8.40917e-38
1.26151e-38
1.89579e-39
2.85401e-40
4.3042e-41
6.50288e-42
9.84241e-43
1.49239e-43
2.26698e-44
3.44878e-45
5.27161e-46
8.05177e-47
1.23191e-47
1.88881e-48
2.91409e-49
4.52378e-50
7.06584e-51
1.11038e-51
1.75552e-52
2.7922e-53
4.46765e-54
7.19097e-55
1.16428e-55
1.89618e-56
3.10626e-57
5.11829e-58
8.48262e-59
1.41399e-59
2.37061e-60
3.99733e-61
6.77901e-62
1.15622e-62
1.98328e-63
3.4213e-64
5.93559e-65
1.03657e-65
1.81689e-66
3.2035e-67
5.737e-68
1.02378e-68
1.83671e-69
3.31283e-70
6.00712e-71
1.09498e-71
2.00619e-72
3.69414e-73
6.83544e-74
1.27106e-74
2.36991e-75
4.43842e-76
8.34312e-77
1.56689e-77
2.90355e-78
5.0541e-79
6.65594e-80
0.237813
0.05147
0.0107789
0.00212129
0.000394033
6.98876e-05
1.20173e-05
2.02178e-06
3.31727e-07
5.3132e-08
8.35481e-09
1.29488e-09
1.98366e-10
3.01019e-11
4.53242e-12
6.78121e-13
1.01016e-13
1.49647e-14
2.23068e-15
3.2869e-16
4.82976e-17
7.08142e-18
1.03656e-18
1.51541e-19
2.21262e-20
3.2296e-21
4.7136e-22
6.87969e-23
1.00438e-23
1.46698e-24
2.14401e-25
3.136e-26
4.59129e-27
6.72909e-28
9.87398e-29
1.45073e-29
2.1344e-30
3.14484e-31
4.64069e-32
6.8589e-33
1.0154e-33
1.50579e-34
2.23689e-35
3.32811e-36
4.96179e-37
7.41085e-38
1.10892e-38
1.66242e-39
2.49688e-40
3.75734e-41
5.66491e-42
8.55739e-43
1.29518e-43
1.96407e-44
2.98317e-45
4.55442e-46
6.94721e-47
1.06168e-47
1.62572e-48
2.5061e-49
3.88885e-50
6.07428e-51
9.54989e-52
1.51113e-52
2.40651e-53
3.85686e-54
6.22044e-55
1.00955e-55
1.64869e-56
2.70917e-57
4.47922e-58
7.4511e-59
1.24703e-59
2.09967e-60
3.55655e-61
6.06028e-62
1.03879e-62
1.79108e-63
3.10627e-64
5.41843e-65
9.50002e-66
1.67258e-66
3.0177e-67
5.40534e-68
9.68253e-69
1.74517e-69
3.16364e-70
5.76499e-71
1.0559e-71
1.94355e-72
3.59455e-73
6.67865e-74
1.24665e-74
2.33234e-75
4.38121e-76
8.25718e-77
1.55413e-77
2.88483e-78
5.02782e-79
6.62519e-80
0.237772
0.0514393
0.0107649
0.00211656
0.000392708
6.95622e-05
1.19457e-05
2.00694e-06
3.28787e-07
5.2566e-08
8.24923e-09
1.27574e-09
1.94988e-10
2.9518e-11
4.43339e-12
6.61488e-13
9.80393e-14
1.47187e-14
2.17044e-15
3.18957e-16
4.6742e-17
6.83475e-18
9.97703e-19
1.45456e-19
2.11829e-20
3.08266e-21
4.48447e-22
6.52396e-23
9.49357e-24
1.38214e-24
2.01355e-25
2.93582e-26
4.28467e-27
6.26015e-28
9.15763e-29
1.34141e-29
1.96769e-30
2.89074e-31
4.25354e-32
6.26916e-33
9.2557e-34
1.369e-34
2.02832e-35
3.01031e-36
4.47737e-37
6.67211e-38
9.96194e-39
1.4903e-39
2.23391e-40
3.35523e-41
5.04957e-42
7.61493e-43
1.1507e-43
1.74239e-44
2.64274e-45
4.03044e-46
6.14078e-47
9.37477e-48
1.43379e-48
2.20839e-49
3.42532e-50
5.34978e-51
8.41312e-52
1.33208e-52
2.12338e-53
3.40745e-54
5.50436e-55
8.9503e-56
1.46486e-56
2.41303e-57
4.00047e-58
6.67448e-59
1.12062e-59
1.89328e-60
3.21852e-61
5.50503e-62
9.47328e-63
1.64002e-63
2.85616e-64
5.00351e-65
8.82192e-66
1.5624e-66
2.7845e-67
5.0216e-68
9.05254e-69
1.63958e-69
2.98477e-70
5.46374e-71
1.00504e-71
1.85749e-72
3.4485e-73
6.42985e-74
1.20406e-74
2.25901e-75
4.25383e-76
8.03381e-77
1.5146e-77
2.81499e-78
4.91034e-79
6.47597e-80
0.237739
0.0514142
0.0107538
0.00211281
0.000391656
6.93042e-05
1.18889e-05
1.99515e-06
3.26448e-07
5.21153e-08
8.16511e-09
1.2605e-09
1.92295e-10
2.90528e-11
4.35454e-12
6.48319e-13
9.59687e-14
1.4312e-14
2.10621e-15
3.08815e-16
4.51467e-17
6.5852e-18
9.58849e-19
1.39432e-19
2.02569e-20
2.94121e-21
4.26927e-22
6.19688e-23
8.99691e-24
1.30679e-24
1.89932e-25
2.76277e-26
4.02264e-27
5.86354e-28
8.55748e-29
1.2506e-29
1.8303e-30
2.68285e-31
3.93891e-32
5.79285e-33
8.53431e-34
1.25978e-34
1.86233e-35
2.75927e-36
4.09619e-37
6.09292e-38
9.08124e-39
1.35628e-39
2.02977e-40
3.04403e-41
4.57468e-42
6.88953e-43
1.03978e-43
1.57258e-44
2.38254e-45
3.63074e-46
5.52677e-47
8.43077e-48
1.2881e-48
1.98263e-49
3.07402e-50
4.80083e-51
7.55166e-52
1.19632e-52
1.90854e-53
3.06601e-54
4.95947e-55
8.07716e-56
1.32438e-56
2.1861e-57
3.63245e-58
6.07538e-59
1.02273e-59
1.73275e-60
2.95436e-61
5.06888e-62
8.75076e-63
1.51996e-63
2.65604e-64
4.66891e-65
8.25562e-66
1.4688e-66
2.62511e-67
4.72816e-68
8.54861e-69
1.55438e-69
2.83773e-70
5.20776e-71
9.60763e-72
1.78053e-72
3.31407e-73
6.19363e-74
1.16226e-74
2.18452e-75
4.11978e-76
7.79031e-77
1.47004e-77
2.73381e-78
4.77018e-79
6.2902e-80
0.237714
0.0513946
0.010745
0.00210985
0.000390827
6.91004e-05
1.1844e-05
1.9858e-06
3.24594e-07
5.17579e-08
8.09837e-09
1.2484e-09
1.90158e-10
2.86835e-11
4.29194e-12
6.3789e-13
9.42845e-14
1.39642e-14
2.05136e-15
3.00273e-16
4.38226e-17
6.3806e-18
9.27339e-19
1.34594e-19
1.95163e-20
2.82812e-21
4.09701e-22
5.93495e-23
8.59923e-24
1.24649e-24
1.80796e-25
2.62448e-26
3.81346e-27
5.54727e-28
8.07948e-29
1.17837e-29
1.72117e-30
2.51795e-31
3.68971e-32
5.41618e-33
7.96472e-34
1.17362e-34
1.73189e-35
2.56174e-36
3.79682e-37
5.63887e-38
8.392e-39
1.25156e-39
1.87052e-40
2.80159e-41
4.20522e-42
6.32588e-43
9.53689e-44
1.44095e-44
2.18105e-45
3.32149e-46
5.05214e-47
7.70159e-48
1.17572e-48
1.80853e-49
2.80309e-50
4.37733e-51
6.88667e-52
1.09143e-52
1.74235e-53
2.8015e-54
4.53662e-55
7.39816e-56
1.21487e-56
2.00872e-57
3.34392e-58
5.60408e-59
9.45432e-60
1.60545e-60
2.74388e-61
4.7195e-62
8.1686e-63
1.4226e-63
2.49262e-64
4.39353e-65
7.78718e-66
1.38808e-66
2.48864e-67
4.50536e-68
8.16583e-69
1.48858e-69
2.72659e-70
5.01551e-71
9.26598e-72
1.72032e-72
3.2072e-73
6.00252e-74
1.12778e-74
2.12181e-75
4.00453e-76
7.57653e-77
1.43014e-77
2.65979e-78
4.64034e-79
6.11721e-80
0.237695
0.0513797
0.0107382
0.00210757
0.000390184
6.89419e-05
1.1809e-05
1.97852e-06
3.23147e-07
5.14787e-08
8.0462e-09
1.23894e-09
1.88485e-10
2.83941e-11
4.24301e-12
6.29546e-13
9.30704e-14
1.37656e-14
2.01952e-15
2.95084e-16
4.29848e-17
6.24649e-18
9.06064e-19
1.31247e-19
1.89932e-20
2.74684e-21
3.97131e-22
5.74145e-23
8.30249e-24
1.20112e-24
1.7388e-25
2.51926e-26
3.65364e-27
5.30489e-28
7.71224e-29
1.12278e-29
1.63705e-30
2.39074e-31
3.49734e-32
5.12528e-33
7.52477e-34
1.10706e-34
1.63116e-35
2.40922e-36
3.56574e-37
5.28852e-38
7.86038e-39
1.17082e-39
1.74779e-40
2.61485e-41
3.92076e-42
5.89211e-43
8.87466e-44
1.33972e-44
2.02615e-45
3.0838e-46
4.68741e-47
7.14118e-48
1.08957e-48
1.67499e-49
2.59515e-50
4.052e-51
6.37523e-52
1.01065e-52
1.61413e-53
2.59703e-54
4.20899e-55
6.87071e-56
1.12956e-56
1.8701e-57
3.11764e-58
5.23303e-59
8.84312e-60
1.50432e-60
2.57585e-61
4.4391e-62
7.69873e-63
1.34353e-63
2.35902e-64
4.16694e-65
7.40586e-66
1.32332e-66
2.37498e-67
4.31791e-68
7.83999e-69
1.43115e-69
2.62503e-70
4.83765e-71
8.95162e-72
1.6634e-72
3.10343e-73
5.81192e-74
1.09249e-74
2.05627e-75
3.88392e-76
7.35263e-77
1.38837e-77
2.58246e-78
4.50513e-79
5.93768e-80
0.23768
0.0513686
0.0107332
0.00210586
0.000389701
6.88228e-05
1.17826e-05
1.97302e-06
3.22054e-07
5.12674e-08
8.00663e-09
1.23175e-09
1.87212e-10
2.81741e-11
4.20546e-12
6.23625e-13
9.18562e-14
1.36165e-14
1.99111e-15
2.90229e-16
4.2193e-17
6.12089e-18
8.86447e-19
1.28211e-19
1.85266e-20
2.67558e-21
3.86293e-22
5.57739e-23
8.05473e-24
1.16376e-24
1.6825e-25
2.43448e-26
3.52604e-27
5.1129e-28
7.42341e-29
1.07932e-29
1.57166e-30
2.29229e-31
3.3491e-32
4.90192e-33
7.18803e-34
1.05626e-34
1.55446e-35
2.29332e-36
3.39046e-37
5.02319e-38
7.45832e-39
1.10983e-39
1.65517e-40
2.47403e-41
3.70641e-42
5.5654e-43
8.37608e-44
1.26353e-44
1.90959e-45
2.90494e-46
4.41294e-47
6.71938e-48
1.02472e-48
1.57441e-49
2.43841e-50
3.80649e-51
5.98879e-52
9.49513e-53
1.51693e-53
2.44172e-54
3.95956e-55
6.46812e-56
1.06426e-56
1.76364e-57
2.94323e-58
4.94594e-59
8.3683e-60
1.42543e-60
2.44412e-61
4.21814e-62
7.32635e-63
1.28047e-63
2.25174e-64
3.9835e-65
7.08856e-66
1.26857e-66
2.28098e-67
4.15469e-68
7.55451e-69
1.38103e-69
2.53689e-70
4.68197e-71
8.67882e-72
1.61541e-72
3.01844e-73
5.6596e-74
1.06442e-74
2.00366e-75
3.78275e-76
7.16053e-77
1.35186e-77
2.51372e-78
4.38324e-79
5.77397e-80
0.237671
0.0513612
0.0107298
0.00210468
0.000389366
6.87395e-05
1.17641e-05
1.96916e-06
3.21282e-07
5.11174e-08
7.97843e-09
1.2266e-09
1.86299e-10
2.80156e-11
4.17849e-12
6.18944e-13
9.10751e-14
1.35801e-14
1.98674e-15
2.89528e-16
4.20619e-17
6.09585e-18
8.81778e-19
1.27373e-19
1.83806e-20
2.65073e-21
3.82148e-22
5.50883e-23
7.94322e-24
1.14587e-24
1.65411e-25
2.3898e-26
3.4562e-27
5.00435e-28
7.2555e-29
1.05345e-29
1.53192e-30
2.23141e-31
3.25599e-32
4.75978e-33
6.97131e-34
1.02325e-34
1.50419e-35
2.21681e-36
3.27404e-37
4.84601e-38
7.18862e-39
1.06876e-39
1.59259e-40
2.37862e-41
3.56083e-42
5.34307e-43
8.03619e-44
1.21152e-44
1.8299e-45
2.78256e-46
4.22497e-47
6.43028e-48
9.80239e-49
1.50536e-49
2.3307e-50
3.63766e-51
5.72283e-52
9.07409e-53
1.44994e-53
2.33459e-54
3.78737e-55
6.18995e-56
1.01909e-56
1.68994e-57
2.82237e-58
4.74672e-59
8.03829e-60
1.37049e-60
2.35221e-61
4.06363e-62
7.06539e-63
1.23617e-63
2.17605e-64
3.85238e-65
6.86022e-66
1.22862e-66
2.21033e-67
4.03007e-68
7.33474e-69
1.34173e-69
2.46599e-70
4.55306e-71
8.44299e-72
1.57204e-72
2.93822e-73
5.51163e-74
1.03751e-74
1.95473e-75
3.69246e-76
6.98924e-77
1.31922e-77
2.45214e-78
4.2738e-79
5.62631e-80
0.237666
0.0513575
0.010728
0.00210404
0.000389176
6.86914e-05
1.17533e-05
1.96687e-06
3.20818e-07
5.10259e-08
7.96099e-09
1.22339e-09
1.85721e-10
2.79145e-11
4.16125e-12
6.15945e-13
9.06231e-14
1.3505e-14
1.97441e-15
2.87529e-16
4.17415e-17
6.045e-18
8.73777e-19
1.26127e-19
1.81881e-20
2.62118e-21
3.77639e-22
5.44055e-23
7.83976e-24
1.13021e-24
1.63046e-25
2.35419e-26
3.4027e-27
4.92421e-28
7.13555e-29
1.03552e-29
1.50514e-30
2.19146e-31
3.19648e-32
4.67118e-33
6.83943e-34
1.00362e-34
1.47496e-35
2.17331e-36
3.20925e-37
4.74942e-38
7.04448e-39
1.04723e-39
1.56037e-40
2.33034e-41
3.48836e-42
5.23411e-43
7.87207e-44
1.18675e-44
1.79246e-45
2.72584e-46
4.13886e-47
6.29929e-48
9.60296e-49
1.47464e-49
2.28318e-50
3.56383e-51
5.60765e-52
8.89365e-53
1.42155e-53
2.28973e-54
3.71619e-55
6.0766e-56
1.00097e-56
1.66087e-57
2.77558e-58
4.67119e-59
7.91595e-60
1.35061e-60
2.31982e-61
4.01075e-62
6.97889e-63
1.222e-63
2.15294e-64
3.8158e-65
6.8026e-66
1.21961e-66
2.19638e-67
4.00866e-68
7.3024e-69
1.33706e-69
2.45964e-70
4.54512e-71
8.43459e-72
1.57152e-72
2.93896e-73
5.5152e-74
1.03851e-74
1.95702e-75
3.6974e-76
6.99933e-77
1.3207e-77
2.45375e-78
4.27557e-79
5.62726e-80
0.237667
0.0513583
0.0107281
0.00210399
0.000389146
6.86807e-05
1.17505e-05
1.9662e-06
3.20666e-07
5.09929e-08
7.95419e-09
1.22205e-09
1.85469e-10
2.78683e-11
4.15304e-12
6.14537e-13
9.05896e-14
1.33252e-14
1.945e-15
2.82973e-16
4.10553e-17
5.94997e-18
8.60664e-19
1.24453e-19
1.79758e-20
2.59435e-21
3.74245e-22
5.39728e-23
7.79171e-24
1.1251e-24
1.62526e-25
2.35132e-26
3.40424e-27
4.93733e-28
7.16841e-29
1.04202e-29
1.51667e-30
2.21216e-31
3.23362e-32
4.73426e-33
6.94289e-34
1.02015e-34
1.50171e-35
2.2158e-36
3.27586e-37
4.85282e-38
7.20379e-39
1.07163e-39
1.59759e-40
2.38692e-41
3.57418e-42
5.36403e-43
8.06851e-44
1.21643e-44
1.83725e-45
2.79393e-46
4.24173e-47
6.45479e-48
9.83807e-49
1.51031e-49
2.33775e-50
3.64809e-51
5.73951e-52
9.10172e-53
1.45467e-53
2.34289e-54
3.80218e-55
6.21826e-56
1.02447e-56
1.70008e-57
2.84233e-58
4.78544e-59
8.11265e-60
1.38467e-60
2.37901e-61
4.1158e-62
7.16589e-63
1.25541e-63
2.21282e-64
3.92335e-65
7.00011e-66
1.25583e-66
2.26216e-67
4.14079e-68
7.54555e-69
1.38209e-69
2.54291e-70
4.69951e-71
8.72159e-72
1.62498e-72
3.03873e-73
5.70162e-74
1.07339e-74
2.02228e-75
3.81879e-76
7.22418e-77
1.36255e-77
2.53074e-78
4.40719e-79
5.79571e-80
0.237676
0.0513654
0.0107307
0.00210468
0.000389302
6.87114e-05
1.17561e-05
1.96719e-06
3.20826e-07
5.10167e-08
7.9575e-09
1.22247e-09
1.85517e-10
2.78726e-11
4.15327e-12
6.14478e-13
9.03244e-14
1.34544e-14
1.96594e-15
2.86043e-16
4.12918e-17
6.2725e-18
9.00789e-19
1.35875e-19
1.95374e-20
2.80726e-21
4.03149e-22
5.76654e-23
8.61547e-24
1.23725e-24
1.77163e-25
2.63943e-26
3.7855e-27
5.63492e-28
8.12751e-29
1.17399e-29
1.69357e-30
2.51466e-31
3.74555e-32
5.44571e-33
7.93351e-34
1.15563e-34
1.72599e-35
2.53041e-36
3.71836e-37
5.47689e-38
8.08632e-39
1.19678e-39
1.77554e-40
2.64064e-41
3.93693e-42
5.88408e-43
8.81613e-44
1.3242e-44
1.99294e-45
3.02053e-46
4.57104e-47
6.93464e-48
1.05386e-48
1.61332e-49
2.49054e-50
3.87473e-51
6.10904e-52
9.66417e-53
1.54101e-53
2.47643e-54
4.00585e-55
6.60395e-56
1.08568e-56
1.79525e-57
3.03465e-58
5.09871e-59
8.6265e-60
1.46942e-60
2.51462e-61
4.41744e-62
7.67373e-63
1.34141e-63
2.35909e-64
4.16272e-65
7.57049e-66
1.35401e-66
2.4348e-67
4.42535e-68
8.05214e-69
1.47194e-69
2.70314e-70
4.98653e-71
9.23783e-72
1.71818e-72
3.20755e-73
6.00833e-74
1.12926e-74
2.12384e-75
4.00445e-76
7.56458e-77
1.42472e-77
2.64221e-78
4.59417e-79
6.03565e-80
0.237676
0.0513654
0.0107307
0.00210468
0.000389301
6.87113e-05
1.17561e-05
1.96719e-06
3.20826e-07
5.10167e-08
7.95749e-09
1.22247e-09
1.85517e-10
2.78725e-11
4.15326e-12
6.14469e-13
9.03246e-14
1.34547e-14
1.96611e-15
2.86105e-16
4.13073e-17
6.27599e-18
9.01442e-19
1.35996e-19
1.95576e-20
2.81051e-21
4.0366e-22
5.77435e-23
8.62761e-24
1.23905e-24
1.77425e-25
2.64332e-26
3.79105e-27
5.64299e-28
8.13882e-29
1.17556e-29
1.6957e-30
2.51758e-31
3.74951e-32
5.4509e-33
7.94014e-34
1.15644e-34
1.72696e-35
2.53148e-36
3.71937e-37
5.4775e-38
8.08585e-39
1.19649e-39
1.77479e-40
2.63901e-41
3.93369e-42
5.87801e-43
8.8051e-44
1.32224e-44
1.98953e-45
3.01463e-46
4.56098e-47
6.9176e-48
1.051e-48
1.60848e-49
2.48132e-50
3.87452e-51
6.07877e-52
9.61422e-53
1.53266e-53
2.45946e-54
4.01181e-55
6.60864e-56
1.08392e-56
1.81186e-57
3.05879e-58
5.13306e-59
8.6742e-60
1.47252e-60
2.56409e-61
4.42146e-62
7.67344e-63
1.34009e-63
2.3477e-64
4.23604e-65
7.53264e-66
1.34685e-66
2.41561e-67
4.43906e-68
8.06482e-69
1.47268e-69
2.70182e-70
4.97938e-71
9.21616e-72
1.71263e-72
3.19443e-73
5.97876e-74
1.12279e-74
2.10992e-75
3.97428e-76
7.5005e-77
1.41144e-77
2.61562e-78
4.54479e-79
5.96603e-80
0.237667
0.0513583
0.0107281
0.00210399
0.000389146
6.86808e-05
1.17505e-05
1.9662e-06
3.20666e-07
5.09928e-08
7.95416e-09
1.22204e-09
1.85468e-10
2.78681e-11
4.15299e-12
6.14418e-13
9.06454e-14
1.32963e-14
1.94635e-15
2.83727e-16
4.12193e-17
5.97883e-18
8.65302e-19
1.2516e-19
1.80798e-20
2.6093e-21
3.76357e-22
5.4267e-23
7.83216e-24
1.13061e-24
1.63269e-25
2.36127e-26
3.41737e-27
4.95448e-28
7.19043e-29
1.04479e-29
1.52004e-30
2.21607e-31
3.23786e-32
4.73827e-33
6.94555e-34
1.02006e-34
1.50085e-35
2.21348e-36
3.27081e-37
4.8429e-38
7.18533e-39
1.06832e-39
1.59177e-40
2.37688e-41
3.55706e-42
5.33511e-43
8.02e-44
1.20834e-44
1.82381e-45
2.77158e-46
4.2048e-47
6.39389e-48
9.73784e-49
1.49375e-49
2.31024e-50
3.60244e-51
5.66263e-52
8.97165e-53
1.43255e-53
2.30501e-54
3.73771e-55
6.10774e-56
1.00536e-56
1.66727e-57
2.78555e-58
4.68634e-59
7.9383e-60
1.35371e-60
2.32464e-61
4.0179e-62
6.98874e-63
1.2232e-63
2.15381e-64
3.81673e-65
6.80258e-66
1.21922e-66
2.19378e-67
4.01223e-68
7.3043e-69
1.33662e-69
2.45682e-70
4.53573e-71
8.40867e-72
1.56495e-72
2.92312e-73
5.47826e-74
1.03009e-74
1.93839e-75
3.65659e-76
6.90915e-77
1.30094e-77
2.41226e-78
4.19565e-79
5.51153e-80
0.237666
0.0513575
0.010728
0.00210404
0.000389177
6.86915e-05
1.17533e-05
1.96687e-06
3.20818e-07
5.10258e-08
7.96096e-09
1.22338e-09
1.85719e-10
2.79142e-11
4.16117e-12
6.15913e-13
9.06224e-14
1.34977e-14
1.97255e-15
2.87156e-16
4.16746e-17
6.03361e-18
8.71911e-19
1.25826e-19
1.81403e-20
2.61371e-21
3.76479e-22
5.42266e-23
7.81257e-24
1.1261e-24
1.62425e-25
2.34479e-26
3.38847e-27
4.90259e-28
7.10274e-29
1.03052e-29
1.4975e-30
2.17972e-31
3.17826e-32
4.64317e-33
6.79619e-34
9.96918e-35
1.46455e-35
2.15706e-36
3.1838e-37
4.70946e-38
6.98155e-39
1.03729e-39
1.54465e-40
2.3054e-41
3.44871e-42
5.17095e-43
7.77124e-44
1.17062e-44
1.76663e-45
2.68422e-46
4.07193e-47
6.19148e-48
9.42915e-49
1.44645e-49
2.23709e-50
3.48795e-51
5.48181e-52
8.68345e-53
1.3862e-53
2.22987e-54
3.61417e-55
5.90159e-56
9.70762e-57
1.6084e-57
2.68387e-58
4.50828e-59
7.62515e-60
1.29844e-60
2.22577e-61
3.84033e-62
6.66852e-63
1.16521e-63
2.04844e-64
3.62267e-65
6.44394e-66
1.1527e-66
2.07111e-67
3.77121e-68
6.85363e-69
1.25198e-69
2.29779e-70
4.23628e-71
7.84347e-72
1.45806e-72
2.72062e-73
5.09398e-74
9.5704e-75
1.79946e-75
3.39212e-76
6.40779e-77
1.20683e-77
2.23767e-78
3.8899e-79
5.10862e-80
0.237671
0.0513612
0.0107298
0.00210468
0.000389366
6.87396e-05
1.17641e-05
1.96916e-06
3.21282e-07
5.11173e-08
7.97839e-09
1.22659e-09
1.86297e-10
2.8015e-11
4.17845e-12
6.18963e-13
9.12418e-14
1.33875e-14
1.95669e-15
2.85056e-16
4.1415e-17
6.00377e-18
8.68814e-19
1.25558e-19
1.81273e-20
2.61545e-21
3.77237e-22
5.4406e-23
7.84801e-24
1.13252e-24
1.6353e-25
2.36316e-26
3.41827e-27
4.94996e-28
7.17698e-29
1.04203e-29
1.51521e-30
2.20677e-31
3.21955e-32
4.70548e-33
6.88984e-34
1.01094e-34
1.48549e-35
2.18823e-36
3.23009e-37
4.77806e-38
7.08308e-39
1.0523e-39
1.56679e-40
2.33804e-41
3.49679e-42
5.24167e-43
7.87515e-44
1.18587e-44
1.78898e-45
2.71681e-46
4.11949e-47
6.26072e-48
9.52947e-49
1.46114e-49
2.25848e-50
3.51886e-51
5.52595e-52
8.74548e-53
1.39471e-53
2.24113e-54
3.62816e-55
5.91696e-56
9.71981e-57
1.60812e-57
2.67938e-58
4.49533e-59
7.59366e-60
1.29137e-60
2.21061e-61
3.80871e-62
6.60391e-63
1.15219e-63
2.02252e-64
3.57139e-65
6.34298e-66
1.13287e-66
2.03226e-67
3.69413e-68
6.69894e-69
1.22066e-69
2.23451e-70
4.10886e-71
7.58983e-72
1.40809e-72
2.62276e-73
4.90295e-74
9.19707e-75
1.72663e-75
3.25004e-76
6.12971e-77
1.15276e-77
2.13485e-78
3.70713e-79
4.86329e-80
0.23768
0.0513687
0.0107332
0.00210586
0.000389701
6.88228e-05
1.17826e-05
1.97303e-06
3.22054e-07
5.12673e-08
8.00658e-09
1.23173e-09
1.87209e-10
2.81733e-11
4.20534e-12
6.23401e-13
9.18194e-14
1.36952e-14
2.0048e-15
2.92367e-16
4.25066e-17
6.16509e-18
8.92534e-19
1.29037e-19
1.86372e-20
2.69015e-21
3.88182e-22
5.60123e-23
8.08392e-24
1.16721e-24
1.68634e-25
2.43835e-26
3.52914e-27
5.11362e-28
7.41881e-29
1.0778e-29
1.56815e-30
2.28522e-31
3.33575e-32
4.87779e-33
7.14558e-34
1.04893e-34
1.54199e-35
2.27231e-36
3.35534e-37
4.96482e-38
7.36179e-39
1.09393e-39
1.62904e-40
2.43119e-41
3.6363e-42
5.45081e-43
8.18894e-44
1.23299e-44
1.85978e-45
2.8234e-46
4.27994e-47
6.50241e-48
9.89339e-49
1.51642e-49
2.34275e-50
3.64774e-51
5.7237e-52
9.04978e-53
1.44166e-53
2.31373e-54
3.74062e-55
6.09138e-56
9.99047e-57
1.65011e-57
2.74445e-58
4.59587e-59
7.74828e-60
1.31499e-60
2.24634e-61
3.86201e-62
6.68168e-63
1.16317e-63
2.03715e-64
3.58902e-65
6.35998e-66
1.13228e-66
2.02481e-67
3.67263e-68
6.65015e-69
1.20891e-69
2.20805e-70
4.0515e-71
7.4745e-72
1.38455e-72
2.57449e-73
4.80407e-74
8.99621e-75
1.68621e-75
3.16917e-76
5.96868e-77
1.12099e-77
2.0735e-78
3.59668e-79
4.71405e-80
0.237695
0.0513797
0.0107383
0.00210757
0.000390185
6.89421e-05
1.1809e-05
1.97852e-06
3.23147e-07
5.14785e-08
8.04611e-09
1.23891e-09
1.88479e-10
2.8393e-11
4.24268e-12
6.29533e-13
9.30524e-14
1.37647e-14
2.01962e-15
2.95137e-16
4.29981e-17
6.24912e-18
9.06488e-19
1.31304e-19
1.89995e-20
2.74734e-21
3.9712e-22
5.73979e-23
8.29741e-24
1.19994e-24
1.73632e-25
2.5144e-26
3.64457e-27
5.28846e-28
7.68316e-29
1.11771e-29
1.62834e-30
2.37592e-31
3.47234e-32
5.08338e-33
7.45494e-34
1.09548e-34
1.61201e-35
2.37767e-36
3.51389e-37
5.20348e-38
7.72117e-39
1.14807e-39
1.71064e-40
2.55424e-41
3.82197e-42
5.73114e-43
8.61247e-44
1.29702e-44
1.95664e-45
2.97018e-46
4.50232e-47
6.83958e-48
1.04044e-48
1.59452e-49
2.46253e-50
3.83213e-51
6.00852e-52
9.49118e-53
1.51028e-53
2.42073e-54
3.90791e-55
6.35355e-56
1.04022e-56
1.71486e-57
2.84636e-58
4.75631e-59
8.00073e-60
1.35464e-60
2.30843e-61
3.95879e-62
6.8315e-63
1.18613e-63
2.07185e-64
3.64032e-65
6.43267e-66
1.1431e-66
2.04058e-67
3.69022e-68
6.6536e-69
1.20765e-69
2.20205e-70
4.03388e-71
7.42202e-72
1.37132e-72
2.54368e-73
4.73565e-74
8.84879e-75
1.65523e-75
3.10511e-76
5.83787e-77
1.0947e-77
2.022e-78
3.50298e-79
4.58648e-80
0.237714
0.0513947
0.010745
0.00210986
0.000390828
6.91006e-05
1.1844e-05
1.9858e-06
3.24594e-07
5.17576e-08
8.09827e-09
1.24837e-09
1.90151e-10
2.86819e-11
4.29166e-12
6.37798e-13
9.42773e-14
1.3959e-14
2.05055e-15
3.00216e-16
4.38084e-17
6.37772e-18
9.26769e-19
1.34483e-19
1.94949e-20
2.82412e-21
4.08966e-22
5.92175e-23
8.5759e-24
1.24244e-24
1.80101e-25
2.61268e-26
3.79358e-27
5.51403e-28
8.02417e-29
1.16921e-29
1.70605e-30
2.49309e-31
3.64894e-32
5.34945e-33
7.85573e-34
1.15584e-34
1.70295e-35
2.51465e-36
3.72028e-37
5.51455e-38
8.1902e-39
1.21882e-39
1.81741e-40
2.71547e-41
4.06557e-42
6.09941e-43
9.16959e-44
1.38136e-44
2.08439e-45
3.16403e-46
4.79641e-47
7.28605e-48
1.10821e-48
1.6982e-49
2.62171e-50
4.07736e-51
6.38762e-52
1.00791e-52
1.60177e-53
2.56349e-54
4.13133e-55
6.70405e-56
1.09532e-56
1.80165e-57
2.98326e-58
4.9724e-59
8.34185e-60
1.40845e-60
2.39317e-61
4.09182e-62
7.03931e-63
1.21837e-63
2.12137e-64
3.71533e-65
6.54432e-66
1.15919e-66
2.06329e-67
3.70277e-68
6.65228e-69
1.20348e-69
2.18749e-70
3.9949e-71
7.32877e-72
1.35029e-72
2.49801e-73
4.63892e-74
8.64757e-75
1.61408e-75
3.02191e-76
5.67116e-77
1.06173e-77
1.95834e-78
3.38857e-79
4.43209e-80
0.237739
0.0514143
0.0107538
0.00211282
0.000391658
6.93043e-05
1.18889e-05
1.99514e-06
3.26447e-07
5.21149e-08
8.16499e-09
1.26047e-09
1.92287e-10
2.90509e-11
4.35415e-12
6.48228e-13
9.59519e-14
1.43116e-14
2.10589e-15
3.08647e-16
4.51171e-17
6.57972e-18
9.5783e-19
1.39242e-19
2.02218e-20
2.93487e-21
4.25808e-22
6.17746e-23
8.96355e-24
1.30112e-24
1.88974e-25
2.74668e-26
3.99577e-27
5.81887e-28
8.48352e-29
1.23839e-29
1.81022e-30
2.64988e-31
3.88492e-32
5.70461e-33
8.39031e-34
1.23631e-34
1.82414e-35
2.69716e-36
3.99527e-37
5.92905e-38
8.81529e-39
1.31314e-39
1.95981e-40
2.93059e-41
4.39075e-42
6.59129e-43
9.91414e-44
1.49414e-44
2.25533e-45
3.4236e-46
5.19046e-47
7.88448e-48
1.19938e-48
1.83768e-49
2.83588e-50
4.40733e-51
6.89775e-52
1.08704e-52
1.72488e-53
2.75564e-54
4.43206e-55
7.17596e-56
1.16955e-56
1.91863e-57
3.16791e-58
5.2642e-59
8.80324e-60
1.48141e-60
2.50841e-61
4.27351e-62
7.32487e-63
1.26303e-63
2.19074e-64
3.82182e-65
6.70322e-66
1.18152e-66
2.09135e-67
3.72873e-68
6.67237e-69
1.20025e-69
2.17243e-70
3.95448e-71
7.2318e-72
1.32841e-72
2.45049e-73
4.53841e-74
8.43893e-75
1.57152e-75
2.93614e-76
5.49993e-77
1.028e-77
1.89351e-78
3.27258e-79
4.27621e-80
0.237772
0.0514394
0.010765
0.00211657
0.000392709
6.95625e-05
1.19458e-05
2.00696e-06
3.28789e-07
5.25659e-08
8.24913e-09
1.27571e-09
1.94979e-10
2.95159e-11
4.43289e-12
6.61384e-13
9.80529e-14
1.47183e-14
2.16996e-15
3.18809e-16
4.67069e-17
6.82748e-18
9.96256e-19
1.45139e-19
2.11217e-20
3.07222e-21
4.46739e-22
6.49592e-23
9.44737e-24
1.37452e-24
2.00096e-25
2.91504e-26
4.25038e-27
6.20364e-28
9.06462e-29
1.32611e-29
1.94258e-30
2.84957e-31
4.18612e-32
6.1589e-33
9.07557e-34
1.3396e-34
1.98038e-35
2.93222e-36
4.35025e-37
6.46528e-38
9.62559e-39
1.43563e-39
2.14507e-40
3.21092e-41
4.81517e-42
7.23424e-43
1.08887e-43
1.64196e-44
2.47966e-45
3.76465e-46
5.7088e-47
8.6725e-48
1.31961e-48
2.02173e-49
3.11855e-50
4.84291e-51
7.57113e-52
1.19147e-52
1.88733e-53
3.0091e-54
4.82859e-55
7.7979e-56
1.26732e-56
2.07264e-57
3.41088e-58
5.64801e-59
9.40999e-60
1.57734e-60
2.66e-61
4.51266e-62
7.70116e-63
1.32198e-63
2.28252e-64
3.964e-65
6.9169e-66
1.21175e-66
2.13372e-67
3.81138e-68
6.78817e-69
1.21518e-69
2.19213e-70
3.97384e-71
7.23807e-72
1.32443e-72
2.43416e-73
4.4925e-74
8.32641e-75
1.54597e-75
2.88066e-76
5.3829e-77
1.004e-77
1.84596e-78
3.18564e-79
4.15671e-80
0.237813
0.0514701
0.010779
0.0021213
0.000394035
6.9888e-05
1.20173e-05
2.02177e-06
3.31722e-07
5.31308e-08
8.35451e-09
1.2948e-09
1.98351e-10
3.00984e-11
4.53174e-12
6.7791e-13
1.00945e-13
1.49539e-14
2.22894e-15
3.28395e-16
4.82436e-17
7.07121e-18
1.03465e-18
1.51136e-19
2.20654e-20
3.2196e-21
4.69641e-22
6.85033e-23
9.99386e-24
1.45853e-24
2.12979e-25
3.11213e-26
4.55136e-27
6.66249e-28
9.76318e-29
1.43234e-29
2.10395e-30
3.09451e-31
4.55768e-32
6.72225e-33
9.92943e-34
1.46892e-34
2.1765e-35
3.22927e-36
4.80014e-37
7.14679e-38
1.06582e-38
1.59213e-39
2.38232e-40
3.57073e-41
5.36109e-42
8.06288e-43
1.21471e-43
1.83316e-44
2.77027e-45
4.20709e-46
6.38215e-47
9.69744e-48
1.47611e-48
2.26141e-49
3.48671e-50
5.4101e-51
8.44753e-52
1.32727e-52
2.09836e-53
3.33789e-54
5.34213e-55
8.60184e-56
1.39343e-56
2.27082e-57
3.72276e-58
6.13933e-59
1.01844e-59
1.6994e-60
2.85225e-61
4.81499e-62
8.17534e-63
1.39605e-63
2.39758e-64
4.14183e-65
7.17211e-66
1.24899e-66
2.22974e-67
3.94464e-68
6.99583e-69
1.24778e-69
2.23703e-70
4.03114e-71
7.30058e-72
1.32861e-72
2.42926e-73
4.4618e-74
8.23231e-75
1.52226e-75
2.826e-76
5.26328e-77
9.78867e-78
1.79537e-78
3.09218e-79
4.03094e-80
0.237865
0.0515106
0.0107969
0.00212732
0.000395718
7.03005e-05
1.21079e-05
2.04051e-06
3.35428e-07
5.38433e-08
8.4873e-09
1.31885e-09
2.02595e-10
3.08315e-11
4.65605e-12
6.98688e-13
1.04212e-13
1.56341e-14
2.31529e-15
3.41835e-16
5.03078e-17
7.39076e-18
1.08421e-18
1.58977e-19
2.32918e-20
3.41072e-21
4.99317e-22
7.30956e-23
1.07023e-23
1.56753e-24
2.29704e-25
3.36823e-26
4.94274e-27
7.25965e-28
1.0673e-28
1.57078e-29
2.31441e-30
3.41418e-31
5.04289e-32
7.45832e-33
1.10456e-33
1.6381e-34
2.43301e-35
3.61799e-36
5.38917e-37
8.03937e-38
1.20109e-38
1.79718e-39
2.69322e-40
4.04224e-41
6.0764e-42
9.14845e-43
1.37952e-43
2.08347e-44
3.15058e-45
4.78573e-46
7.2622e-47
1.10361e-47
1.68028e-48
2.57362e-49
3.96538e-50
6.14591e-51
9.58149e-52
1.50246e-52
2.36966e-53
3.75895e-54
5.99696e-55
9.62208e-56
1.55263e-56
2.51955e-57
4.11173e-58
6.74785e-59
1.11363e-59
1.84819e-60
3.08443e-61
5.17631e-62
8.73531e-63
1.48234e-63
2.5294e-64
4.33784e-65
7.48476e-66
1.29859e-66
2.25754e-67
3.9772e-68
6.99448e-69
1.24059e-69
2.212e-70
3.96471e-71
7.14286e-72
1.29338e-72
2.35353e-73
4.30324e-74
7.90645e-75
1.45647e-75
2.69477e-76
5.00395e-77
9.28275e-78
1.69891e-78
2.92107e-79
3.80212e-80
0.237934
0.0515627
0.0108201
0.00213508
0.000397882
7.08297e-05
1.22239e-05
2.06445e-06
3.40153e-07
5.47501e-08
8.65605e-09
1.34937e-09
2.07978e-10
3.1761e-11
4.81369e-12
7.24944e-13
1.08525e-13
1.63321e-14
2.42577e-15
3.59298e-16
5.31336e-17
7.84243e-18
1.1558e-18
1.70148e-19
2.50278e-20
3.6795e-21
5.40792e-22
7.94772e-23
1.16817e-23
1.71751e-24
2.5263e-25
3.71805e-26
5.47577e-27
8.07081e-28
1.19061e-28
1.75807e-29
2.59866e-30
3.84531e-31
5.69645e-32
8.44869e-33
1.25459e-33
1.86531e-34
2.77706e-35
4.13894e-36
6.17788e-37
9.23353e-38
1.38191e-38
2.07099e-39
3.10791e-40
4.67043e-41
7.02819e-42
1.05909e-42
1.59818e-43
2.41504e-44
3.65351e-45
5.54946e-46
8.42144e-47
1.27958e-47
1.94794e-48
2.98163e-49
4.58865e-50
7.10002e-51
1.1045e-51
1.72738e-52
2.71593e-53
4.29287e-54
6.82135e-55
1.08963e-55
1.74972e-56
2.82449e-57
4.58345e-58
7.47699e-59
1.22615e-59
2.0214e-60
3.35007e-61
5.58151e-62
9.34877e-63
1.57423e-63
2.665e-64
4.53546e-65
7.75942e-66
1.33204e-66
2.33383e-67
4.05486e-68
7.09345e-69
1.24707e-69
2.20436e-70
3.91772e-71
7.00049e-72
1.25762e-72
2.27129e-73
4.12339e-74
7.52574e-75
1.37796e-75
2.53557e-76
4.68509e-77
8.64116e-78
1.57051e-78
2.69049e-79
3.48821e-80
0.238025
0.0516312
0.0108506
0.00214526
0.000400716
7.15221e-05
1.2375e-05
2.09551e-06
3.46267e-07
5.59211e-08
8.87366e-09
1.38869e-09
2.14911e-10
3.29579e-11
5.01668e-12
7.58947e-13
1.14121e-13
1.71661e-14
2.58134e-15
3.84351e-16
5.70938e-17
8.465e-18
1.25323e-18
1.85332e-19
2.73847e-20
4.04407e-21
5.97012e-22
8.8123e-23
1.30081e-23
1.92056e-24
2.83653e-25
4.19127e-26
6.19654e-27
9.1672e-28
1.3572e-28
2.01094e-29
2.98216e-30
4.42649e-31
6.57665e-32
9.78099e-33
1.45616e-33
2.17014e-34
3.23789e-35
4.83546e-36
7.23035e-37
1.08235e-37
1.62209e-38
2.43376e-39
3.65582e-40
5.49793e-41
8.27795e-42
1.24784e-42
1.88326e-43
2.84543e-44
4.30557e-45
6.53503e-46
9.91027e-47
1.50445e-47
2.28806e-48
3.49681e-49
5.37007e-50
8.28678e-51
1.28494e-51
2.00198e-52
3.13411e-53
4.92996e-54
7.79196e-55
1.23744e-55
1.97459e-56
3.16602e-57
5.10081e-58
8.25777e-59
1.34337e-59
2.19607e-60
3.60766e-61
5.95594e-62
9.88188e-63
1.64774e-63
2.76126e-64
4.64242e-65
7.83991e-66
1.35613e-66
2.32008e-67
3.99125e-68
6.90656e-69
1.2011e-69
2.1005e-70
3.69407e-71
6.53348e-72
1.16213e-72
2.07892e-73
3.74014e-74
6.7684e-75
1.22967e-75
2.24678e-76
4.12523e-77
7.57211e-78
1.36864e-78
2.33531e-79
3.01251e-80
0.238151
0.0517249
0.0108927
0.0021591
0.000404545
7.2455e-05
1.25785e-05
2.13723e-06
3.54466e-07
5.74877e-08
9.16401e-09
1.44102e-09
2.24119e-10
3.45455e-11
5.28569e-12
8.03794e-13
1.21701e-13
1.83625e-14
2.78144e-15
4.17323e-16
6.23292e-17
9.29404e-18
1.38361e-18
2.05719e-19
3.05577e-20
4.53596e-21
6.73008e-22
9.98295e-23
1.48068e-23
2.1963e-24
3.25841e-25
4.83563e-26
7.17917e-27
1.06637e-27
1.58482e-28
2.35678e-29
3.50712e-30
5.22265e-31
7.78319e-32
1.16082e-32
1.7327e-33
2.58846e-34
3.87037e-35
5.79139e-36
8.67453e-37
1.30047e-37
1.95141e-38
2.93087e-39
4.40606e-40
6.62997e-41
9.98584e-42
1.50547e-42
2.27183e-43
3.43117e-44
5.19202e-45
7.87226e-46
1.19263e-46
1.80832e-47
2.74644e-48
4.18894e-49
6.41608e-50
9.86883e-51
1.52436e-51
2.36446e-52
3.683e-53
5.76097e-54
9.04941e-55
1.42752e-55
2.26145e-56
3.59791e-57
5.7489e-58
9.22587e-59
1.48703e-59
2.40723e-60
3.91374e-61
6.39103e-62
1.04857e-62
1.72627e-63
2.8452e-64
4.71149e-65
7.87935e-66
1.3226e-66
2.26607e-67
3.85996e-68
6.57526e-69
1.12899e-69
1.94947e-70
3.38564e-71
5.91451e-72
1.03945e-72
1.83795e-73
3.27006e-74
5.85572e-75
1.05361e-75
1.90816e-76
3.47596e-77
6.35922e-78
1.1478e-78
1.95666e-79
2.52622e-80
0.238326
0.051857
0.010949
0.00217856
0.000409987
7.3783e-05
1.28681e-05
2.19625e-06
3.65983e-07
5.96741e-08
9.56745e-09
1.51357e-09
2.36876e-10
3.67447e-11
5.65831e-12
8.6605e-13
1.32084e-13
2.00116e-14
3.03987e-15
4.57941e-16
6.89244e-17
1.03504e-17
1.55151e-18
2.32233e-19
3.4722e-20
5.18689e-21
7.74338e-22
1.15547e-22
1.72371e-23
2.57104e-24
3.83484e-25
5.72035e-26
8.53445e-27
1.27362e-27
1.90126e-28
2.83928e-29
4.24188e-30
6.34032e-31
9.48161e-32
1.41869e-32
2.12393e-33
3.18164e-34
4.76916e-35
7.15265e-36
1.07351e-36
1.61226e-37
2.42301e-38
3.64394e-39
5.48389e-40
8.25869e-41
1.24463e-41
1.87709e-42
2.83296e-43
4.278e-44
6.47339e-45
9.80659e-46
1.48446e-46
2.2485e-47
3.41062e-48
5.19179e-49
7.93121e-50
1.21591e-50
1.87072e-51
2.8884e-52
4.47564e-53
6.96001e-54
1.08625e-54
1.70149e-55
2.675e-56
4.22112e-57
6.68651e-58
1.0632e-58
1.6957e-59
2.71164e-60
4.34526e-61
6.98965e-62
1.12837e-62
1.82788e-63
2.98801e-64
4.90879e-65
8.08323e-66
1.35807e-66
2.25873e-67
3.77099e-68
6.34427e-69
1.07309e-69
1.82485e-70
3.12103e-71
5.36968e-72
9.29574e-73
1.6196e-73
2.84067e-74
5.01759e-75
8.91342e-76
1.59532e-76
2.87448e-77
5.17694e-78
9.21527e-79
1.55386e-79
1.99949e-80
0.238602
0.0520581
0.0110362
0.00220574
0.000417239
7.55028e-05
1.32407e-05
2.27237e-06
3.80922e-07
6.25257e-08
1.0096e-08
1.6089e-09
2.53663e-10
3.96408e-11
6.14943e-12
9.47937e-13
1.45352e-13
2.21058e-14
3.43989e-15
5.21679e-16
7.89004e-17
1.1906e-17
1.79319e-18
2.69649e-19
4.04953e-20
6.07502e-21
9.10576e-22
1.36392e-22
2.04191e-23
3.05572e-24
4.57167e-25
6.83853e-26
1.02286e-26
1.52993e-27
2.28853e-28
3.42371e-29
5.12314e-30
7.66802e-31
1.14813e-31
1.71976e-32
2.57705e-33
3.86337e-34
5.79448e-35
8.69435e-36
1.30524e-36
1.96046e-37
2.94609e-38
4.42953e-39
6.66344e-40
1.00293e-40
1.51037e-41
2.2758e-42
3.43107e-43
5.17501e-44
7.81799e-45
1.18214e-45
1.78631e-46
2.70056e-47
4.08738e-48
6.20414e-49
9.44407e-50
1.4417e-50
2.20714e-51
3.38861e-52
5.21734e-53
8.05597e-54
1.24747e-54
1.93728e-55
3.01726e-56
4.713e-57
7.38284e-58
1.15964e-58
1.82648e-59
2.88499e-60
4.57195e-61
7.26948e-62
1.15982e-62
1.85755e-63
2.98505e-64
4.81434e-65
7.79361e-66
1.26456e-66
2.09143e-67
3.43204e-68
5.64897e-69
9.3432e-70
1.55333e-70
2.59662e-71
4.36603e-72
7.38696e-73
1.25813e-73
2.158e-74
3.72996e-75
6.49095e-76
1.1394e-76
2.01665e-77
3.60445e-78
6.39006e-79
1.07364e-79
1.38135e-80
0.239035
0.0523597
0.0111603
0.00224531
0.000427815
7.80085e-05
1.37614e-05
2.37532e-06
4.00405e-07
6.61074e-08
1.07354e-08
1.72009e-09
2.72558e-10
4.27896e-11
6.6655e-12
1.03147e-12
1.58697e-13
2.42718e-14
3.76823e-15
5.72626e-16
8.6755e-17
1.31101e-17
1.97687e-18
2.97549e-19
4.47173e-20
6.7118e-21
1.00634e-21
1.50759e-22
2.25695e-23
3.37699e-24
5.05077e-25
7.55179e-26
1.12887e-26
1.68725e-27
2.52162e-28
3.76861e-29
5.63736e-30
8.43577e-31
1.26251e-31
1.88983e-32
2.82946e-33
4.2373e-34
6.34739e-35
9.51071e-36
1.42554e-36
2.13742e-37
3.2059e-38
4.81027e-39
7.22024e-40
1.08418e-40
1.62865e-41
2.44755e-42
3.67974e-43
5.53459e-44
8.32726e-45
1.25481e-45
1.88986e-46
2.84736e-47
4.29354e-48
6.48863e-49
9.82781e-50
1.49187e-50
2.26978e-51
3.4611e-52
5.28996e-53
8.10373e-54
1.2443e-54
1.91506e-55
2.95443e-56
4.56891e-57
7.08304e-58
1.10082e-58
1.71522e-59
2.67957e-60
4.19742e-61
6.59342e-62
1.03871e-62
1.64131e-63
2.60168e-64
4.13757e-65
6.60261e-66
1.05575e-66
1.70213e-67
2.74614e-68
4.45617e-69
7.26404e-70
1.1902e-70
1.96095e-71
3.25038e-72
5.42332e-73
9.11426e-74
1.54382e-74
2.63785e-75
4.54543e-76
7.9141e-77
1.39193e-77
2.4667e-78
4.35167e-79
7.21745e-80
9.18616e-81
0.239244
0.0525159
0.0112367
0.00227307
0.000435806
8.00111e-05
1.42112e-05
2.46216e-06
4.15972e-07
6.87943e-08
1.11832e-08
1.79238e-09
2.83902e-10
4.45242e-11
6.92427e-12
1.06917e-12
1.64101e-13
2.50146e-14
3.85647e-15
5.83834e-16
8.81047e-17
1.32595e-17
1.99092e-18
2.9836e-19
4.46398e-20
6.6699e-21
9.95494e-22
1.48447e-22
2.21208e-23
3.29456e-24
4.9042e-25
7.29626e-26
1.08505e-26
1.6131e-27
2.39764e-28
3.56321e-29
5.29022e-30
7.85412e-31
1.16611e-31
1.73151e-32
2.57139e-33
3.81937e-34
5.67428e-35
8.43202e-36
1.25337e-36
1.86361e-37
2.77186e-38
4.12414e-39
6.13834e-40
9.13959e-41
1.36134e-41
2.02849e-42
3.02378e-43
4.50921e-44
6.72705e-45
1.00399e-45
1.49903e-46
2.23897e-47
3.34597e-48
5.0083e-49
7.50849e-50
1.12749e-50
1.69578e-51
2.55413e-52
3.85982e-53
5.83337e-54
8.83043e-55
1.33894e-55
2.03356e-56
3.09375e-57
4.71467e-58
7.1973e-59
1.10066e-59
1.68622e-60
2.58813e-61
3.97994e-62
6.13215e-63
9.46727e-64
1.4647e-64
2.27099e-65
3.52527e-66
5.46821e-67
8.67772e-68
1.35933e-68
2.13593e-69
3.36698e-70
5.32664e-71
8.46041e-72
1.3498e-72
2.16439e-73
3.48754e-74
5.65063e-75
9.21666e-76
1.51384e-76
2.50942e-77
4.20469e-78
7.11274e-79
1.201e-79
1.93235e-80
2.40521e-81
0.234097
0.0502356
0.0106245
0.00214044
0.000409323
7.5255e-05
1.32968e-05
2.27341e-06
3.78639e-07
6.17222e-08
9.88413e-09
1.55955e-09
2.43032e-10
3.74779e-11
5.72832e-12
8.68988e-13
1.31e-13
1.96346e-14
2.93438e-15
4.36176e-16
6.46071e-17
9.54103e-18
1.4054e-18
2.06565e-19
3.03048e-20
4.43901e-21
6.49362e-22
9.48866e-23
1.38522e-23
2.0207e-24
2.94646e-25
4.29634e-26
6.26536e-27
9.13872e-28
1.33339e-28
1.94621e-29
2.84192e-30
4.15187e-31
6.06883e-32
8.8759e-33
1.29891e-33
1.90201e-34
2.78692e-35
4.08616e-36
5.99506e-37
8.80151e-38
1.29302e-38
1.90081e-39
2.79608e-40
4.11563e-41
6.06163e-42
8.93312e-43
1.31725e-43
1.94347e-44
2.86893e-45
4.23725e-46
6.26123e-47
9.2562e-48
1.36885e-48
2.02637e-49
3.00274e-50
4.45397e-51
6.61298e-52
9.82787e-53
1.46199e-53
2.17682e-54
3.24405e-55
4.83872e-56
7.22344e-57
1.07925e-57
1.61381e-58
2.41509e-59
3.61703e-60
5.41987e-61
8.14675e-62
1.22279e-62
1.83669e-63
2.76072e-64
4.15249e-65
6.25014e-66
9.41808e-67
1.48841e-67
2.2409e-68
3.3867e-69
5.10747e-70
7.70811e-71
1.16411e-71
1.75933e-72
2.66094e-73
4.0285e-74
6.13776e-75
9.43498e-76
1.46542e-76
2.31047e-77
3.70375e-78
6.02614e-79
9.94511e-80
1.66063e-80
2.68169e-81
3.38842e-82
0.183994
0.0337049
0.00681523
0.00135482
0.000253843
4.52904e-05
7.73157e-06
1.27166e-06
2.03066e-07
3.16819e-08
4.85297e-09
7.32553e-10
1.09281e-10
1.61475e-11
2.36752e-12
3.44943e-13
5.00028e-14
7.21923e-15
1.03901e-15
1.49157e-16
2.13713e-17
3.05774e-18
4.37062e-19
6.24341e-20
8.9161e-21
1.27327e-21
1.81868e-22
2.59877e-23
3.71554e-24
5.31587e-25
7.61163e-26
1.09089e-26
1.56506e-27
2.24781e-28
3.23218e-29
4.65325e-30
6.70748e-31
9.68082e-32
1.39901e-32
2.02434e-33
2.93293e-34
4.25469e-35
6.17978e-36
8.9869e-37
1.30848e-37
1.90733e-38
2.78341e-39
4.06634e-40
5.94684e-41
8.70578e-42
1.2757e-42
1.87108e-43
2.74675e-44
4.03557e-45
5.9338e-46
8.7314e-47
1.28569e-47
1.89441e-48
2.79299e-49
4.12033e-50
6.08232e-51
8.98434e-52
1.32796e-52
1.96413e-53
2.90697e-54
4.30522e-55
6.38016e-56
9.46118e-57
1.40389e-57
2.08443e-58
3.09675e-59
4.60337e-60
6.84716e-61
1.01904e-61
1.51786e-62
2.26202e-63
3.37269e-64
5.03111e-65
7.50839e-66
1.12101e-66
1.67483e-67
2.51743e-68
3.78167e-69
5.68009e-70
8.52757e-71
1.27972e-71
1.91974e-72
2.8788e-73
4.31546e-74
6.46691e-75
9.6946e-76
1.45527e-76
2.18974e-77
3.30814e-78
5.026e-79
7.69634e-80
1.18277e-80
1.83479e-81
2.81222e-82
3.64076e-83
)
;

boundaryField
{
    fuel
    {
        type            fixedValue;
        value           uniform 1;
    }
    air
    {
        type            fixedValue;
        value           uniform 0;
    }
    outlet
    {
        type            fixedValue;
        value           uniform 0;
    }
    frontAndBack
    {
        type            empty;
    }
}


// ************************************************************************* //
