/*--------------------------------*- C++ -*----------------------------------*\
| =========                 |                                                 |
| \\      /  F ield         | OpenFOAM: The Open Source CFD Toolbox           |
|  \\    /   O peration     | Version:  2406                                  |
|   \\  /    A nd           | Website:  www.openfoam.com                      |
|    \\/     M anipulation  |                                                 |
\*---------------------------------------------------------------------------*/
FoamFile
{
    version     2.0;
    format      ascii;
    arch        "LSB;label=32;scalar=64";
    class       volScalarField;
    location    "6.4416e-05";
    object      O2;
}
// * * * * * * * * * * * * * * * * * * * * * * * * * * * * * * * * * * * * * //

dimensions      [0 0 0 0 0 0 0];

internalField   nonuniform List<scalar> 
4000
(
3.08657e-82
2.31134e-81
1.3114e-80
7.35877e-80
4.2898e-79
2.55744e-78
1.55303e-77
9.59128e-77
6.01886e-76
3.8147e-75
2.43773e-74
1.56879e-73
1.01572e-72
6.61127e-72
4.32328e-71
2.83877e-70
1.87089e-69
1.2371e-68
8.20463e-68
5.45562e-67
3.63232e-66
2.42496e-65
1.62129e-64
1.08547e-63
7.27602e-63
4.88233e-62
3.27912e-61
2.20409e-60
1.4825e-59
9.97724e-59
6.71792e-58
4.52514e-57
3.04924e-56
2.05552e-55
1.38621e-54
9.35223e-54
6.31226e-53
4.26225e-52
2.87925e-51
1.94585e-50
1.31562e-49
8.89905e-49
6.02209e-48
4.07699e-47
2.76134e-46
1.87104e-45
1.26831e-44
8.60084e-44
5.83477e-43
3.95974e-42
2.6882e-41
1.82557e-40
1.24013e-39
8.42666e-39
5.7273e-38
3.89346e-37
2.64726e-36
1.80018e-35
1.22426e-34
8.32623e-34
5.66277e-33
3.85124e-32
2.61907e-31
1.78095e-30
1.21085e-29
8.23072e-29
5.59329e-28
3.79967e-27
2.58011e-26
1.75106e-25
1.18765e-24
8.04912e-24
5.45e-23
3.68606e-22
2.48981e-21
1.67939e-20
1.13079e-19
7.59873e-19
5.09442e-18
3.40634e-17
2.27029e-16
1.50799e-15
9.97589e-15
6.56819e-14
4.30137e-13
2.79894e-12
1.80778e-11
1.15745e-10
7.33468e-10
4.59127e-09
2.83201e-08
1.71593e-07
1.01711e-06
5.8656e-06
3.26708e-05
0.000173944
0.000877759
0.00410434
0.0175478
0.0689977
3.12093e-81
2.44913e-80
1.40855e-79
7.56642e-79
4.07267e-78
2.2285e-77
1.23447e-76
6.89768e-76
4.01315e-75
2.37121e-74
1.41948e-73
8.59377e-73
5.25404e-72
3.23986e-71
2.01295e-70
1.25895e-69
7.92126e-69
5.01092e-68
3.18876e-67
2.04279e-66
1.31609e-65
8.51386e-65
5.52793e-64
3.60134e-63
2.35351e-62
1.54242e-61
1.0135e-60
6.67559e-60
4.40676e-59
2.91501e-58
1.9319e-57
1.28148e-56
8.50312e-56
5.64419e-55
3.74802e-54
2.48998e-53
1.65501e-52
1.10043e-51
7.31958e-51
4.87062e-50
3.24236e-49
2.15935e-48
1.4387e-47
9.58992e-47
6.39519e-46
4.26669e-45
2.84794e-44
1.90184e-43
1.27065e-42
8.49341e-42
5.67997e-41
3.80029e-40
2.54386e-39
1.70363e-38
1.14147e-37
7.6516e-37
5.13145e-36
3.4429e-35
2.311e-34
1.55085e-33
1.04052e-32
6.97969e-32
4.68065e-31
3.13794e-30
2.10296e-29
1.40881e-28
9.43337e-28
6.31317e-27
4.22237e-26
2.82197e-25
1.88447e-24
1.25723e-23
8.3785e-23
5.57669e-22
3.69831e-21
2.45442e-20
1.62541e-19
1.07409e-18
7.08031e-18
4.65413e-17
3.04945e-16
1.98691e-15
1.29129e-14
8.32662e-14
5.35467e-13
3.41983e-12
2.16717e-11
1.36091e-10
8.45502e-10
5.18676e-09
3.13407e-08
1.85961e-07
1.07933e-06
6.09726e-06
3.33037e-05
0.000174364
0.000868983
0.00405657
0.0174779
0.0688628
2.11178e-80
1.67021e-79
9.37006e-79
5.09848e-78
2.7681e-77
1.53082e-76
8.64269e-76
4.97774e-75
2.81199e-74
1.60938e-73
9.3186e-73
5.45117e-72
3.21779e-71
1.91472e-70
1.1475e-69
6.92084e-69
4.19677e-68
2.55962e-67
1.56742e-66
9.64488e-66
5.95493e-65
3.68922e-64
2.29268e-63
1.42887e-62
8.92845e-62
5.59251e-61
3.51077e-60
2.20846e-59
1.39188e-58
8.78778e-58
5.55727e-57
3.52074e-56
2.23479e-55
1.4211e-54
9.05228e-54
5.77555e-53
3.72274e-52
2.40316e-51
1.55348e-50
1.00559e-49
6.51804e-49
4.23046e-48
2.74931e-47
1.78907e-46
1.16568e-45
7.6047e-45
4.96741e-44
3.24878e-43
2.12739e-42
1.39479e-41
9.15592e-41
6.01762e-40
3.95982e-39
2.60887e-38
1.7209e-37
1.13653e-36
7.515e-36
4.97504e-35
3.29643e-34
2.18385e-33
1.44671e-32
9.58301e-32
6.34705e-31
4.20312e-30
2.77838e-29
1.83925e-28
1.21692e-27
8.04829e-27
5.32022e-26
3.51479e-25
2.32041e-24
1.53064e-23
1.0087e-22
6.63995e-22
4.36512e-21
2.86549e-20
1.87774e-19
1.22797e-18
8.0116e-18
5.21274e-17
3.38098e-16
2.17259e-15
1.39889e-14
8.95717e-14
5.70368e-13
3.6083e-12
2.26523e-11
1.40934e-10
8.67595e-10
5.27444e-09
3.15901e-08
1.85833e-07
1.06946e-06
5.99255e-06
3.2607e-05
0.000170937
0.000853258
0.00400088
0.0173403
0.0686506
8.17262e-80
6.48808e-79
3.67787e-78
1.93102e-77
1.01387e-76
5.38527e-76
2.90052e-75
1.55476e-74
8.50029e-74
4.70742e-73
2.63615e-72
1.4912e-71
8.51275e-71
4.90014e-70
2.84192e-69
1.65972e-68
9.75415e-68
5.76089e-67
3.37416e-66
2.02049e-65
1.21322e-64
7.31998e-64
4.43496e-63
2.69758e-62
1.64694e-61
1.00907e-60
6.20362e-60
3.8264e-59
2.36761e-58
1.46948e-57
9.14777e-57
5.71132e-56
3.57601e-55
2.24532e-54
1.4137e-53
8.92511e-53
5.61373e-52
3.53903e-51
2.23637e-50
1.41647e-49
8.99196e-49
5.72097e-48
3.64781e-47
2.33103e-46
1.4927e-45
9.57881e-45
6.1596e-44
3.96906e-43
2.56277e-42
1.6581e-41
1.07495e-40
6.98289e-40
4.5452e-39
2.9644e-38
1.93725e-37
1.26733e-36
8.31605e-36
5.46701e-35
3.59888e-34
2.36917e-33
1.55992e-32
1.02724e-31
6.76528e-31
4.45582e-30
2.93477e-29
1.93297e-28
1.273e-27
8.38211e-27
5.51774e-26
3.63086e-25
2.38808e-24
1.56973e-23
1.03103e-22
6.76575e-22
4.43482e-21
2.90307e-20
1.89736e-19
1.23773e-18
8.05664e-18
5.23077e-17
3.38589e-16
2.18402e-15
1.38734e-14
8.8768e-14
5.64223e-13
3.56351e-12
2.23363e-11
1.38768e-10
8.53174e-10
5.1811e-09
3.10037e-08
1.82262e-07
1.04847e-06
5.87566e-06
3.20339e-05
0.000168386
0.00084319
0.00396795
0.0172611
0.0685413
2.2758e-79
1.78703e-78
9.95733e-78
5.15963e-77
2.60423e-76
1.3229e-75
6.78579e-75
3.5575e-74
1.89005e-73
1.01908e-72
5.56449e-72
3.07264e-71
1.71374e-70
9.6446e-70
5.47175e-69
3.12716e-68
1.79778e-67
1.03501e-66
5.84169e-66
3.40981e-65
1.97921e-64
1.16759e-63
6.9191e-63
4.11722e-62
2.4596e-61
1.47487e-60
8.87567e-60
5.35982e-59
3.24748e-58
1.97398e-57
1.20362e-56
7.36122e-56
4.51527e-55
2.7775e-54
1.71327e-53
1.05967e-52
6.57201e-52
4.08758e-51
2.54952e-50
1.59463e-49
1.00014e-48
6.2899e-48
3.96642e-47
2.50812e-46
1.59013e-45
1.01082e-44
6.44261e-44
4.11714e-43
2.63797e-42
1.69468e-41
1.09155e-40
7.04927e-40
4.56444e-39
2.96331e-38
1.92683e-37
1.25613e-36
8.22102e-36
5.39391e-35
3.54533e-34
2.33065e-33
1.53267e-32
1.00821e-31
6.63386e-31
4.3659e-30
2.87375e-29
1.89175e-28
1.24533e-27
8.19763e-27
5.39572e-26
3.55082e-25
2.33605e-24
1.53621e-23
1.00957e-22
6.62922e-22
4.34853e-21
2.8489e-20
1.86362e-19
1.21647e-18
7.92323e-18
5.14746e-17
3.33414e-16
2.15208e-15
1.36351e-14
8.71979e-14
5.54693e-13
3.50523e-12
2.19829e-11
1.36652e-10
8.40684e-10
5.10865e-09
3.05914e-08
1.79961e-07
1.03578e-06
5.80713e-06
3.16931e-05
0.000166905
0.00083745
0.00394937
0.0172153
0.0684807
5.25938e-79
4.10681e-78
2.25796e-77
1.11946e-76
5.7197e-76
2.9425e-75
1.52941e-74
8.04628e-74
4.24437e-73
2.2555e-72
1.20702e-71
6.50487e-71
3.53006e-70
1.92883e-69
1.06096e-68
5.87307e-68
3.26774e-67
1.83662e-66
1.03986e-65
5.91436e-65
3.3999e-64
1.94736e-63
1.12062e-62
6.47961e-62
3.76418e-61
2.1967e-60
1.28765e-59
7.58072e-59
4.4819e-58
2.66082e-57
1.58611e-56
9.49252e-56
5.70334e-55
3.43991e-54
2.08262e-53
1.26559e-52
7.7192e-52
4.72532e-51
2.903e-50
1.78978e-49
1.10732e-48
6.8747e-48
4.28269e-47
2.67731e-46
1.67924e-45
1.05679e-44
6.67295e-44
4.22756e-43
2.68722e-42
1.71377e-41
1.09658e-40
7.0399e-40
4.53451e-39
2.93046e-38
1.89764e-37
1.23288e-36
8.04904e-36
5.27157e-35
3.46048e-34
2.27227e-33
1.49284e-32
9.81249e-32
6.45263e-31
4.24485e-30
2.79338e-29
1.83869e-28
1.2105e-27
7.97016e-27
5.24774e-26
3.45481e-25
2.27385e-24
1.49593e-23
9.83549e-23
6.46148e-22
4.24061e-21
2.77961e-20
1.81941e-19
1.18912e-18
7.75546e-18
5.04556e-17
3.27201e-16
2.08007e-15
1.33933e-14
8.54837e-14
5.44493e-13
3.44442e-12
2.16247e-11
1.34571e-10
8.28796e-10
5.04202e-09
3.02256e-08
1.77993e-07
1.02532e-06
5.75264e-06
3.14306e-05
0.000165812
0.000833463
0.00393706
0.0171873
0.0684445
1.30245e-78
1.01136e-77
5.54252e-77
2.84964e-76
1.42944e-75
7.1927e-75
3.64795e-74
1.86842e-73
9.60137e-73
4.97309e-72
2.59422e-71
1.36269e-70
7.20661e-70
3.83645e-69
2.05553e-68
1.10839e-67
6.01353e-67
3.28359e-66
1.79617e-65
9.83883e-65
5.41593e-64
3.02518e-63
1.69925e-62
9.59648e-62
5.44824e-61
3.10916e-60
1.7833e-59
1.02792e-58
5.95394e-58
3.46518e-57
2.02623e-56
1.19031e-55
7.02439e-55
4.16395e-54
2.47928e-53
1.48267e-52
8.90514e-52
5.37145e-51
3.25371e-50
1.97918e-49
1.20892e-48
7.41476e-48
4.56629e-47
2.82392e-46
1.75327e-45
1.09295e-44
6.84058e-44
4.29857e-43
2.712e-42
1.71785e-41
1.09248e-40
6.97552e-40
4.47168e-39
2.87806e-38
1.85796e-37
1.20344e-36
7.84107e-36
5.1283e-35
3.36371e-34
2.20725e-33
1.44943e-32
9.52433e-32
6.26232e-31
4.11977e-30
2.71155e-29
1.7854e-28
1.17594e-27
7.7469e-27
5.10395e-26
3.36251e-25
2.21479e-24
1.45829e-23
9.59658e-23
6.31057e-22
4.14574e-21
2.72023e-20
1.78213e-19
1.16537e-18
7.60399e-18
4.9493e-17
3.21258e-16
2.07802e-15
1.31661e-14
8.41513e-14
5.3652e-13
3.39741e-12
2.1351e-11
1.33002e-10
8.19953e-10
4.9932e-09
2.9962e-08
1.76598e-07
1.01802e-06
5.71509e-06
3.12507e-05
0.000165066
0.000830703
0.00392878
0.0171688
0.0684214
2.8816e-78
2.222e-77
1.20215e-76
6.00788e-76
2.96539e-75
1.46619e-74
7.29716e-74
3.66264e-73
1.84225e-72
9.33632e-72
4.76378e-71
2.44708e-70
1.26543e-69
6.58698e-69
3.45113e-68
1.81966e-67
9.65938e-67
5.11479e-66
2.73541e-65
1.49274e-64
8.19205e-64
4.48442e-63
2.46858e-62
1.36666e-61
7.60869e-61
4.25952e-60
2.39761e-59
1.35684e-58
7.71941e-58
4.41482e-57
2.538e-56
1.46652e-55
8.51691e-55
4.97105e-54
2.91585e-53
1.71876e-52
1.01807e-51
6.05949e-51
3.62389e-50
2.17762e-49
1.31475e-48
7.97525e-48
4.86031e-47
2.97631e-46
1.83082e-45
1.13144e-44
7.02455e-44
4.38135e-43
2.74534e-42
1.72815e-41
1.09286e-40
6.94294e-40
4.4312e-39
2.84119e-38
1.8293e-37
1.18146e-36
7.68299e-36
5.01815e-35
3.289e-34
2.15685e-33
1.41566e-32
9.29937e-32
6.11328e-31
4.02149e-30
2.64702e-29
1.74319e-28
1.14843e-27
7.56817e-27
4.98824e-26
3.28787e-25
2.16684e-24
1.42762e-23
9.40139e-23
6.18695e-22
4.06788e-21
2.67152e-20
1.75194e-19
1.14686e-18
7.49179e-18
4.88144e-17
3.17108e-16
2.0111e-15
1.29701e-14
8.31623e-14
5.30174e-13
3.36034e-12
2.11367e-11
1.31783e-10
8.13151e-10
4.95608e-09
2.97641e-08
1.75566e-07
1.01271e-06
5.68811e-06
3.11232e-05
0.000164548
0.000828862
0.00392316
0.0171564
0.0684055
5.62119e-78
4.30576e-77
2.31047e-76
1.14394e-75
5.58566e-75
2.72931e-74
1.34154e-73
6.64584e-73
3.29623e-72
1.6462e-71
8.27261e-71
4.18314e-70
2.12849e-69
1.08981e-68
5.61475e-68
2.91087e-67
1.51799e-66
7.95032e-66
4.20382e-65
2.23416e-64
1.19431e-63
6.42196e-63
3.47383e-62
1.89025e-61
1.03461e-60
5.69587e-60
3.15377e-59
1.75617e-58
9.83442e-58
5.53805e-57
3.13596e-56
1.78555e-55
1.02222e-54
5.88398e-54
3.40515e-53
1.98119e-52
1.15885e-51
6.81444e-51
4.02828e-50
2.39379e-49
1.42995e-48
8.58654e-48
5.18261e-47
3.14495e-46
1.91798e-45
1.17577e-44
7.24499e-44
4.48731e-43
2.79362e-42
1.74816e-41
1.09958e-40
6.95197e-40
4.418e-39
2.82216e-38
1.81209e-37
1.16691e-36
7.57291e-36
4.93874e-35
3.23406e-34
2.11912e-33
1.38999e-32
9.12621e-32
5.99725e-31
3.94422e-30
2.59585e-29
1.70948e-28
1.12634e-27
7.42412e-27
4.89475e-26
3.22748e-25
2.12801e-24
1.40276e-23
9.24282e-23
6.08619e-22
4.00403e-21
2.63111e-20
1.72638e-19
1.13069e-18
7.38908e-18
4.81606e-17
3.12919e-16
2.02579e-15
1.28016e-14
8.2302e-14
5.25191e-13
3.33113e-12
2.09683e-11
1.30829e-10
8.0786e-10
4.92739e-09
2.96124e-08
1.74782e-07
1.0087e-06
5.668e-06
3.10289e-05
0.000164167
0.000827501
0.00391907
0.0171474
0.0683942
9.95831e-78
7.59788e-77
4.05608e-76
1.99622e-75
9.68002e-75
4.69283e-74
2.28691e-73
1.12234e-72
5.50983e-72
2.72207e-71
1.35245e-70
6.75843e-70
3.3971e-69
1.71767e-68
8.73705e-68
4.4708e-67
2.302e-66
1.1789e-65
6.11702e-65
3.19068e-64
1.67436e-63
8.83986e-63
4.69537e-62
2.50905e-61
1.34881e-60
7.32001e-60
3.99626e-59
2.19463e-58
1.21233e-57
6.73635e-57
3.76494e-56
2.11647e-55
1.19668e-54
6.80528e-54
3.8923e-53
2.239e-52
1.29533e-51
7.5366e-51
4.40998e-50
2.59511e-49
1.53577e-48
9.14e-48
5.47003e-47
3.2929e-46
1.99304e-45
1.21312e-44
7.42559e-44
4.57083e-43
2.82942e-42
1.76132e-41
1.1026e-40
6.94134e-40
4.39454e-39
2.7979e-38
1.79144e-37
1.15063e-36
7.45352e-36
4.85416e-35
3.17627e-34
2.07981e-33
1.36343e-32
8.94766e-32
5.87781e-31
3.86465e-30
2.54303e-29
1.67454e-28
1.10329e-27
7.27251e-27
4.79528e-26
3.16237e-25
2.08549e-24
1.37505e-23
9.06261e-23
5.9692e-22
3.92821e-21
2.58207e-20
1.69472e-19
1.11029e-18
7.25801e-18
4.73208e-17
3.07563e-16
1.99133e-15
1.28387e-14
8.14919e-14
5.21228e-13
3.30801e-12
2.08358e-11
1.30083e-10
8.03748e-10
4.90525e-09
2.94962e-08
1.74186e-07
1.00567e-06
5.65284e-06
3.09575e-05
0.000163878
0.000826465
0.00391604
0.0171406
0.0683859
1.56672e-77
1.19102e-76
6.28315e-76
3.07342e-75
1.47997e-74
7.11858e-74
3.43937e-73
1.67225e-72
8.12613e-72
3.97144e-71
1.9508e-70
9.6324e-70
4.78162e-69
2.38662e-68
1.19784e-67
6.04535e-67
3.06739e-66
1.57809e-65
8.07952e-65
4.18754e-64
2.1818e-63
1.14368e-62
6.03185e-62
3.20077e-61
1.70894e-60
9.14934e-60
4.93211e-59
2.67637e-58
1.46113e-57
8.02541e-57
4.43479e-56
2.46552e-55
1.37901e-54
7.75984e-54
4.39297e-53
2.50198e-52
1.4336e-51
8.26398e-51
4.79252e-50
2.7961e-49
1.64116e-48
9.69073e-48
5.75686e-47
3.44124e-46
2.06898e-45
1.25149e-44
7.61581e-44
4.66255e-43
2.87178e-42
1.77952e-41
1.10938e-40
6.9581e-40
4.39071e-39
2.78751e-38
1.7805e-37
1.14109e-36
7.38075e-36
4.80157e-35
3.14052e-34
2.05564e-33
1.34725e-32
8.84032e-32
5.80717e-31
3.81851e-30
2.51311e-29
1.65527e-28
1.09098e-27
7.19442e-27
4.74619e-26
3.13182e-25
2.06669e-24
1.36365e-23
8.99467e-23
5.92965e-22
3.90597e-21
2.57023e-20
1.68901e-19
1.10808e-18
7.25493e-18
4.7385e-17
3.08598e-16
2.00334e-15
1.2657e-14
8.09949e-14
5.18086e-13
3.28967e-12
2.07312e-11
1.29496e-10
8.00519e-10
4.88793e-09
2.94056e-08
1.73724e-07
1.00334e-06
5.64124e-06
3.09035e-05
0.000163661
0.000825694
0.00391376
0.0171356
0.0683797
2.29202e-77
1.73769e-76
9.24335e-76
4.50437e-75
2.1591e-74
1.03309e-73
4.96284e-73
2.39785e-72
1.15719e-71
5.61415e-71
2.73644e-70
1.34026e-69
6.5974e-69
3.26443e-68
1.62388e-67
8.12178e-67
4.08423e-66
2.0392e-65
1.04142e-64
5.34639e-64
2.76246e-63
1.43609e-62
7.50985e-62
3.95058e-61
2.09067e-60
1.11147e-59
5.93754e-59
3.1889e-58
1.72328e-57
9.37064e-57
5.12727e-56
2.82302e-55
1.56407e-54
8.7201e-54
4.89227e-53
2.76203e-52
1.56921e-51
8.97154e-51
5.1617e-50
2.98856e-49
1.74131e-48
1.02099e-47
6.02536e-47
3.57895e-46
2.13886e-45
1.28644e-44
7.78697e-44
4.74373e-43
2.90835e-42
1.79455e-41
1.11442e-40
6.96519e-40
4.38138e-39
2.77389e-38
1.76755e-37
1.13026e-36
7.29879e-36
4.74215e-35
3.0996e-34
2.02754e-33
1.32809e-32
8.7104e-32
5.71945e-31
3.75947e-30
2.47348e-29
1.62873e-28
1.07323e-27
7.07581e-27
4.66698e-26
3.07891e-25
2.03133e-24
1.33999e-23
8.83619e-23
5.82331e-22
3.83448e-21
2.52206e-20
1.65648e-19
1.08606e-18
7.10563e-18
4.63715e-17
3.01715e-16
1.95577e-15
1.26283e-14
8.06156e-14
5.15606e-13
3.27515e-12
2.06487e-11
1.29034e-10
7.97984e-10
4.87436e-09
2.93349e-08
1.73363e-07
1.00153e-06
5.63228e-06
3.0862e-05
0.000163495
0.000825106
0.00391203
0.0171319
0.0683752
3.26949e-77
2.47419e-76
1.30939e-75
6.35991e-75
3.03724e-74
1.44711e-73
6.91931e-73
3.32598e-72
1.59601e-71
7.69627e-71
3.72723e-70
1.8132e-69
8.86234e-69
4.35291e-68
2.14892e-67
1.0664e-66
5.31889e-66
2.66471e-65
1.3457e-64
6.83794e-64
3.49134e-63
1.79236e-62
9.25558e-62
4.80795e-61
2.51257e-60
1.32102e-59
6.98837e-59
3.72008e-58
1.99278e-57
1.07427e-56
5.82817e-56
3.18217e-55
1.74865e-54
9.67116e-54
5.38348e-53
3.01624e-52
1.70096e-51
9.65517e-51
5.51656e-50
3.17269e-49
1.83674e-48
1.07028e-47
6.28044e-47
3.70869e-46
2.20472e-45
1.31942e-44
7.94906e-44
4.82118e-43
2.94377e-42
1.80955e-41
1.11986e-40
6.97725e-40
4.37665e-39
2.76401e-38
1.75746e-37
1.12154e-36
7.23176e-36
4.69308e-35
3.06579e-34
2.00434e-33
1.31228e-32
8.60351e-32
5.64754e-31
3.71132e-30
2.44137e-29
1.60739e-28
1.05909e-27
6.9825e-27
4.60558e-26
3.03866e-25
2.00504e-24
1.32289e-23
8.7254e-23
5.75187e-22
3.78863e-21
2.49276e-20
1.63784e-19
1.07425e-18
7.03107e-18
4.59022e-17
2.98772e-16
1.93782e-15
1.25164e-14
8.0325e-14
5.13726e-13
3.26385e-12
2.05839e-11
1.28673e-10
7.96013e-10
4.86385e-09
2.92803e-08
1.73086e-07
1.00014e-06
5.62541e-06
3.08299e-05
0.000163366
0.000824654
0.0039107
0.017129
0.0683716
4.43583e-77
3.35032e-76
1.76439e-75
8.54446e-75
4.06685e-74
1.93034e-73
9.19163e-73
4.39822e-72
2.10003e-71
1.00731e-70
4.85088e-70
2.34585e-69
1.13948e-68
5.56067e-68
2.72678e-67
1.34386e-66
6.65437e-66
3.301e-65
1.6561e-64
8.32552e-64
4.21547e-63
2.14691e-62
1.09992e-61
5.66921e-61
2.93988e-60
1.53397e-59
8.05399e-59
4.25542e-58
2.26274e-57
1.2109e-56
6.52216e-56
3.53588e-55
1.9295e-54
1.05987e-53
5.86053e-53
3.2622e-52
1.82805e-51
1.0313e-50
5.85749e-50
3.34951e-49
1.92844e-48
1.11779e-47
6.52632e-47
3.83536e-46
2.26966e-45
1.35245e-44
8.1152e-44
4.9034e-43
2.9835e-42
1.82806e-41
1.12798e-40
7.00913e-40
4.38616e-39
2.76421e-38
1.75441e-37
1.1177e-36
7.19827e-36
4.66695e-35
3.04739e-34
1.99165e-33
1.30365e-32
8.54539e-32
5.60882e-31
3.68575e-30
2.42461e-29
1.59648e-28
1.05205e-27
6.93726e-27
4.57671e-26
3.02033e-25
1.99347e-24
1.31562e-23
8.68002e-23
5.72366e-22
3.77118e-21
2.48205e-20
1.63133e-19
1.07035e-18
7.00812e-18
4.57715e-17
2.9807e-16
1.93445e-15
1.25041e-14
8.00295e-14
5.12212e-13
3.25508e-12
2.05339e-11
1.2839e-10
7.94471e-10
4.85563e-09
2.92377e-08
1.72871e-07
9.99059e-07
5.62007e-06
3.08051e-05
0.000163267
0.000824304
0.00390968
0.0171268
0.0683689
5.6845e-77
4.28593e-76
2.25206e-75
1.08783e-74
5.16272e-74
2.44258e-73
1.15898e-72
5.52454e-72
2.62679e-71
1.25438e-70
6.01232e-70
2.89314e-69
1.39805e-68
6.78586e-68
3.30898e-67
1.62157e-66
7.96883e-66
3.94264e-65
1.96585e-64
9.85269e-64
4.95398e-63
2.50578e-62
1.27512e-61
6.529e-61
3.36418e-60
1.74436e-59
9.10151e-59
4.7791e-58
2.52558e-57
1.34335e-56
7.19206e-56
3.87596e-55
2.10276e-54
1.14844e-53
6.31475e-53
3.49585e-52
1.94857e-51
1.09361e-50
6.18033e-50
3.51704e-49
2.01547e-48
1.16301e-47
6.76145e-47
3.95733e-46
2.33277e-45
1.38498e-44
8.28171e-44
4.98788e-43
3.0258e-42
1.84884e-41
1.1379e-40
7.05444e-40
4.40537e-39
2.77121e-38
1.75604e-37
1.11705e-36
7.18616e-36
4.65499e-35
3.03763e-34
1.98464e-33
1.29868e-32
8.51089e-32
5.58525e-31
3.66984e-30
2.41398e-29
1.58945e-28
1.04743e-27
6.90723e-27
4.55732e-26
3.00791e-25
1.98557e-24
1.31064e-23
8.64901e-23
5.70465e-22
3.75975e-21
2.47534e-20
1.62752e-19
1.06828e-18
6.99759e-18
4.57237e-17
2.97894e-16
1.93415e-15
1.25072e-14
7.98003e-14
5.11016e-13
3.24807e-12
2.04943e-11
1.28171e-10
7.93263e-10
4.8492e-09
2.92043e-08
1.72702e-07
9.98219e-07
5.61595e-06
3.0786e-05
0.000163191
0.000824037
0.00390889
0.0171251
0.0683669
6.94849e-77
5.23168e-76
2.7441e-75
1.3228e-74
6.26342e-74
2.95576e-73
1.39859e-72
6.64665e-72
3.14997e-71
1.49898e-70
7.15824e-70
3.43122e-69
1.65135e-68
7.98148e-68
3.87506e-67
1.89001e-66
9.27929e-66
4.54991e-65
2.2591e-64
1.12653e-63
5.64874e-63
2.84741e-62
1.44329e-61
7.35685e-61
3.77131e-60
1.94486e-59
1.00925e-58
5.27062e-58
2.77142e-57
1.46679e-56
7.81441e-56
4.19094e-55
2.26279e-54
1.23004e-53
6.73231e-53
3.71022e-52
2.05898e-51
1.15064e-50
6.47563e-50
3.67028e-49
2.09513e-48
1.20446e-47
6.97756e-47
4.06985e-46
2.3913e-45
1.41534e-44
8.43869e-44
5.06854e-43
3.06689e-42
1.86951e-41
1.14812e-40
7.10361e-40
4.42808e-39
2.78102e-38
1.75976e-37
1.1179e-36
7.18441e-36
4.64998e-35
3.03242e-34
1.98056e-33
1.2956e-32
8.48845e-32
5.5693e-31
3.65871e-30
2.40632e-29
1.58424e-28
1.04392e-27
6.88375e-27
4.54175e-26
2.99767e-25
1.97891e-24
1.30635e-23
8.62153e-23
5.68716e-22
3.74866e-21
2.46831e-20
1.62306e-19
1.06546e-18
6.97988e-18
4.56126e-17
2.972e-16
1.9298e-15
1.24801e-14
7.96208e-14
5.10043e-13
3.24295e-12
2.04647e-11
1.28006e-10
7.92368e-10
4.84443e-09
2.91795e-08
1.72576e-07
9.97583e-07
5.61279e-06
3.07713e-05
0.000163133
0.000823834
0.0039083
0.0171238
0.0683654
8.17865e-77
6.1512e-76
3.22192e-75
1.5507e-74
7.32978e-74
3.45237e-73
1.63022e-72
7.73031e-72
3.65474e-71
1.73477e-70
8.26199e-70
3.94915e-69
1.89503e-68
9.13133e-68
4.41935e-67
2.14859e-66
1.04862e-65
5.10746e-65
2.5265e-64
1.25455e-63
6.2636e-63
3.14482e-62
1.5881e-61
8.06714e-61
4.12271e-60
2.11992e-59
1.09693e-58
5.71214e-58
2.9911e-57
1.57674e-56
8.36726e-56
4.47009e-55
2.40431e-54
1.30207e-53
7.10033e-53
3.89895e-52
2.1561e-51
1.20079e-50
6.7354e-50
3.80522e-49
2.1654e-48
1.24112e-47
7.16934e-47
4.17018e-46
2.44382e-45
1.44283e-44
8.58231e-44
5.1434e-43
3.10574e-42
1.88956e-41
1.15837e-40
7.15538e-40
4.45379e-39
2.79347e-38
1.76558e-37
1.12035e-36
7.19411e-36
4.65303e-35
3.03277e-34
1.98023e-33
1.29504e-32
8.48289e-32
5.56463e-31
3.65509e-30
2.40365e-29
1.58233e-28
1.04257e-27
6.87444e-27
4.53536e-26
2.99331e-25
1.97594e-24
1.30433e-23
8.60792e-23
5.678e-22
3.74253e-21
2.46424e-20
1.62035e-19
1.06366e-18
6.96809e-18
4.55369e-17
2.96725e-16
1.92687e-15
1.24622e-14
7.95044e-14
5.0935e-13
3.23886e-12
2.04416e-11
1.27876e-10
7.91662e-10
4.84068e-09
2.91603e-08
1.7248e-07
9.97103e-07
5.61043e-06
3.07603e-05
0.000163089
0.000823681
0.00390786
0.0171229
0.0683643
9.34315e-77
7.01988e-76
3.67204e-75
1.76472e-74
8.32802e-74
3.91576e-73
1.84565e-72
8.73468e-72
4.1209e-71
1.9517e-70
9.27344e-70
4.42175e-69
2.11638e-68
1.01707e-67
4.90887e-67
2.38003e-66
1.15962e-65
5.63072e-65
2.77634e-64
1.37408e-63
6.83794e-63
3.42202e-62
1.7225e-61
8.72167e-61
4.4429e-60
2.27721e-59
1.17449e-58
6.09625e-58
3.18458e-57
1.67392e-56
8.85623e-56
4.71729e-55
2.52991e-54
1.3662e-53
7.42855e-53
4.06769e-52
2.24323e-51
1.24598e-50
6.9708e-50
3.92834e-49
2.23003e-48
1.27516e-47
7.34942e-47
4.26566e-46
2.49457e-45
1.46986e-44
8.72653e-44
5.22042e-43
3.14689e-42
1.91153e-41
1.17008e-40
7.21768e-40
4.48678e-39
2.81085e-38
1.77466e-37
1.12495e-36
7.21755e-36
4.66475e-35
3.03852e-34
1.98314e-33
1.29641e-32
8.4887e-32
5.56657e-31
3.65527e-30
2.40313e-29
1.58161e-28
1.04191e-27
6.86896e-27
4.53122e-26
2.99032e-25
1.97386e-24
1.30292e-23
8.59848e-23
5.67188e-22
3.73867e-21
2.46186e-20
1.61893e-19
1.06281e-18
6.96277e-18
4.55028e-17
2.965e-16
1.92537e-15
1.24516e-14
7.94225e-14
5.08824e-13
3.23597e-12
2.04251e-11
1.27783e-10
7.91155e-10
4.83798e-09
2.91462e-08
1.72408e-07
9.96748e-07
5.60869e-06
3.07523e-05
0.000163057
0.00082357
0.00390755
0.0171222
0.0683635
1.05536e-76
7.92489e-76
4.14173e-75
1.98888e-74
9.37769e-74
4.40507e-73
2.07407e-72
9.80408e-72
4.61929e-71
2.18453e-70
1.03629e-69
4.93247e-69
2.35625e-68
1.12996e-67
5.44107e-67
2.63132e-66
1.27646e-65
6.21997e-65
3.05442e-64
1.50691e-63
7.47251e-63
3.72545e-62
1.86909e-61
9.42964e-61
4.78851e-60
2.44582e-59
1.25682e-58
6.49798e-58
3.38073e-57
1.77146e-56
9.34196e-56
4.95934e-55
2.65212e-54
1.42786e-53
7.74727e-53
4.2326e-52
2.32871e-51
1.29035e-50
7.20509e-50
4.05414e-49
2.29778e-48
1.31181e-47
7.54871e-47
4.37628e-46
2.55629e-45
1.50455e-44
8.92288e-44
5.33241e-43
3.21125e-42
1.94881e-41
1.19185e-40
7.34577e-40
4.56279e-39
2.85633e-38
1.8021e-37
1.14153e-36
7.31946e-36
4.72786e-35
3.07794e-34
2.00794e-33
1.31197e-32
8.58597e-32
5.62714e-31
3.6932e-30
2.42673e-29
1.59619e-28
1.05081e-27
6.92265e-27
4.56422e-26
3.01023e-25
1.98561e-24
1.31013e-23
8.64169e-23
5.69701e-22
3.75272e-21
2.46928e-20
1.62334e-19
1.06535e-18
6.977e-18
4.5579e-17
2.96882e-16
1.92842e-15
1.24758e-14
7.93414e-14
5.08524e-13
3.2338e-12
2.0413e-11
1.27716e-10
7.90787e-10
4.83601e-09
2.9136e-08
1.72357e-07
9.96489e-07
5.60741e-06
3.07464e-05
0.000163034
0.000823491
0.00390732
0.0171218
0.0683629
1.17459e-76
8.82799e-76
4.62333e-75
2.22412e-74
1.05074e-73
4.94597e-73
2.33383e-72
1.1057e-71
5.22192e-71
2.47557e-70
1.17734e-69
5.61865e-69
2.69142e-68
1.2944e-67
6.25167e-67
3.03332e-66
1.47823e-65
7.17861e-65
3.54028e-64
1.75265e-63
8.7197e-63
4.22673e-62
2.13759e-61
1.04924e-60
5.36788e-60
2.74924e-59
1.41682e-58
7.34639e-58
3.73073e-57
1.96863e-56
1.04095e-55
5.40262e-55
2.90653e-54
1.53126e-53
8.34981e-53
4.56859e-52
2.5171e-51
1.36791e-50
7.51546e-50
4.24304e-49
2.40589e-48
1.37416e-47
7.77573e-47
4.5188e-46
2.63967e-45
1.5537e-44
9.21556e-44
5.50839e-43
3.31813e-42
2.01437e-41
1.23247e-40
7.60007e-40
4.7236e-39
2.95905e-38
1.86839e-37
1.18455e-36
7.60286e-36
4.91632e-35
3.20451e-34
2.09334e-33
1.36972e-32
8.97774e-32
5.86505e-31
3.85732e-30
2.53858e-29
1.67255e-28
1.10303e-27
7.19983e-27
4.76125e-26
3.1458e-25
2.04821e-24
1.35588e-23
8.95803e-23
5.91544e-22
3.90342e-21
2.51933e-20
1.66133e-19
1.0909e-18
7.14666e-18
4.66907e-17
2.95867e-16
1.92457e-15
1.24306e-14
7.94152e-14
5.08239e-13
3.2326e-12
2.0406e-11
1.27676e-10
7.90562e-10
4.83479e-09
2.91295e-08
1.72323e-07
9.96317e-07
5.60654e-06
3.07424e-05
0.000163018
0.000823434
0.00390715
0.0171214
0.0683625
1.18791e-76
8.92628e-76
4.67233e-75
2.2472e-74
1.06142e-73
4.99535e-73
2.35674e-72
1.11639e-71
5.27174e-71
2.49893e-70
1.18836e-69
5.67091e-69
2.71638e-68
1.30641e-67
6.30977e-67
3.06159e-66
1.49155e-65
7.24138e-65
3.57008e-64
1.7672e-63
8.79146e-63
4.26133e-62
2.15484e-61
1.05761e-60
5.41003e-60
2.77055e-59
1.42769e-58
7.40222e-58
3.75888e-57
1.98328e-56
1.04862e-55
5.44206e-55
2.92743e-54
1.54213e-53
8.4081e-53
4.60009e-52
2.53429e-51
1.37721e-50
7.56619e-50
4.27142e-49
2.42191e-48
1.3833e-47
7.82761e-47
4.54902e-46
2.65744e-45
1.56428e-44
9.27918e-44
5.54712e-43
3.34198e-42
2.02923e-41
1.24184e-40
7.65981e-40
4.76214e-39
2.98421e-38
1.88499e-37
1.1956e-36
7.67749e-36
4.96728e-35
3.2397e-34
2.11775e-33
1.38674e-32
9.06338e-32
5.95679e-31
3.9196e-30
2.58262e-29
1.70382e-28
1.11402e-27
7.28674e-27
4.8237e-26
3.14649e-25
2.05244e-24
1.35911e-23
8.98231e-23
5.93382e-22
3.8385e-21
2.53481e-20
1.66872e-19
1.09665e-18
7.19258e-18
4.58194e-17
2.99364e-16
1.94465e-15
1.25783e-14
7.92201e-14
5.08238e-13
3.23265e-12
2.04061e-11
1.27677e-10
7.90564e-10
4.8348e-09
2.91295e-08
1.72323e-07
9.96318e-07
5.60655e-06
3.07424e-05
0.000163018
0.000823434
0.00390715
0.0171214
0.0683625
1.09331e-76
8.20309e-76
4.28464e-75
2.05562e-74
9.68358e-74
4.54472e-73
2.13796e-72
1.00974e-71
4.75351e-71
2.24615e-70
1.06465e-69
5.06339e-69
2.41686e-68
1.15812e-67
5.57236e-67
2.69297e-66
1.30497e-65
6.37908e-65
3.12754e-64
1.5413e-63
7.63578e-63
3.80368e-62
1.90673e-61
9.61261e-61
4.87802e-60
2.4901e-59
1.27894e-58
6.60977e-58
3.43787e-57
1.80078e-56
9.49368e-56
5.03846e-55
2.69357e-54
1.44978e-53
7.8617e-53
4.29279e-52
2.36062e-51
1.3074e-50
7.29671e-50
4.10366e-49
2.32475e-48
1.3266e-47
7.63053e-47
4.42176e-46
2.58178e-45
1.51893e-44
9.00469e-44
5.37929e-43
3.23831e-42
1.96455e-41
1.20107e-40
7.40025e-40
4.5952e-39
2.87575e-38
1.81382e-37
1.14862e-36
7.36278e-36
4.75447e-35
3.09436e-34
2.01804e-33
1.31815e-32
8.6236e-32
5.65034e-31
3.70693e-30
2.43472e-29
1.60069e-28
1.05323e-27
6.93626e-27
4.57142e-26
3.01372e-25
1.98768e-24
1.3113e-23
8.64804e-23
5.70035e-22
3.75436e-21
2.47123e-20
1.62437e-19
1.0659e-18
6.97969e-18
4.55895e-17
2.97094e-16
1.92938e-15
1.24791e-14
7.93397e-14
5.08533e-13
3.23385e-12
2.04132e-11
1.27717e-10
7.9079e-10
4.83602e-09
2.9136e-08
1.72357e-07
9.96488e-07
5.60741e-06
3.07464e-05
0.000163034
0.000823491
0.00390732
0.0171218
0.0683629
9.97673e-77
7.48549e-76
3.90937e-75
1.87577e-74
8.83812e-74
4.1492e-73
1.95273e-72
9.22786e-72
4.34733e-71
2.05606e-70
9.75598e-70
4.64566e-69
2.22068e-68
1.06586e-67
5.13805e-67
2.48821e-66
1.20963e-65
5.86555e-65
2.88737e-64
1.42667e-63
7.08774e-63
3.54115e-62
1.7795e-61
8.9955e-61
4.57493e-60
2.34108e-59
1.20552e-58
6.24751e-58
3.25879e-57
1.71107e-56
9.04429e-56
4.813e-55
2.57886e-54
1.39136e-53
7.55951e-53
4.13628e-52
2.27938e-51
1.26515e-50
7.0731e-50
3.98291e-49
2.25929e-48
1.29094e-47
7.43507e-47
4.3124e-46
2.52023e-45
1.48403e-44
8.80521e-44
5.26437e-43
3.17158e-42
1.92548e-41
1.17801e-40
7.26297e-40
4.5128e-39
2.82588e-38
1.78339e-37
1.13003e-36
7.24737e-36
4.68234e-35
3.04895e-34
1.9893e-33
1.30004e-32
8.51006e-32
5.57908e-31
3.66256e-30
2.40736e-29
1.58406e-28
1.04331e-27
6.87702e-27
4.53582e-26
2.99295e-25
1.97535e-24
1.30376e-23
8.60317e-23
5.67444e-22
3.74005e-21
2.46262e-20
1.61934e-19
1.06304e-18
6.96405e-18
4.55096e-17
2.96537e-16
1.92554e-15
1.24524e-14
7.94258e-14
5.08839e-13
3.23602e-12
2.04253e-11
1.27784e-10
7.91156e-10
4.83798e-09
2.91462e-08
1.72408e-07
9.96746e-07
5.60868e-06
3.07523e-05
0.000163057
0.00082357
0.00390755
0.0171222
0.0683635
8.97211e-77
6.73304e-76
3.51743e-75
1.68836e-74
7.95887e-74
3.73862e-73
1.7607e-72
8.32701e-72
3.92656e-71
1.85895e-70
8.8306e-70
4.2101e-69
2.01509e-68
9.68508e-68
4.67538e-67
2.26746e-66
1.10442e-65
5.41361e-65
2.6681e-64
1.32188e-63
6.58501e-63
3.29879e-62
1.6621e-61
8.42421e-61
4.29558e-60
2.20385e-59
1.13778e-58
5.91164e-58
3.09144e-57
1.62728e-56
8.62292e-56
4.60013e-55
2.47083e-54
1.33629e-53
7.27743e-53
3.99113e-52
2.20435e-51
1.22619e-50
6.86994e-50
3.87659e-49
2.20347e-48
1.26153e-47
7.27941e-47
4.22983e-46
2.47631e-45
1.46062e-44
8.68017e-44
5.1975e-43
3.13579e-42
1.90633e-41
1.16777e-40
7.20831e-40
4.4837e-39
2.81044e-38
1.77523e-37
1.12585e-36
7.22559e-36
4.6711e-35
3.04317e-34
1.98616e-33
1.29841e-32
8.50185e-32
5.57521e-31
3.66093e-30
2.40683e-29
1.58403e-28
1.04348e-27
6.87912e-27
4.53774e-26
2.9945e-25
1.97652e-24
1.30462e-23
8.60935e-23
5.67869e-22
3.74287e-21
2.46445e-20
1.62053e-19
1.06381e-18
6.96914e-18
4.55432e-17
2.96758e-16
1.92704e-15
1.24631e-14
7.95093e-14
5.09376e-13
3.23899e-12
2.04421e-11
1.27879e-10
7.91671e-10
4.84071e-09
2.91603e-08
1.7248e-07
9.97104e-07
5.61044e-06
3.07603e-05
0.000163089
0.000823681
0.00390786
0.0171229
0.0683642
7.87868e-77
5.9161e-76
3.09328e-75
1.48631e-74
7.01508e-74
3.30005e-73
1.55669e-72
7.37563e-72
3.48512e-71
1.65367e-70
7.8746e-70
3.76416e-69
1.8067e-68
8.70936e-68
4.21762e-67
2.05218e-66
1.00298e-65
4.89122e-65
2.422e-64
1.20412e-63
6.0197e-63
3.02554e-62
1.52922e-61
7.77492e-61
3.9772e-60
2.04717e-59
1.0604e-58
5.52793e-58
2.90047e-57
1.53187e-56
8.14433e-56
4.35911e-55
2.34898e-54
1.27445e-53
6.96237e-53
3.83006e-52
2.12172e-51
1.18367e-50
6.65041e-50
3.76328e-49
2.14489e-48
1.23123e-47
7.12235e-47
4.14857e-46
2.43433e-45
1.43899e-44
8.56927e-44
5.14105e-43
3.10736e-42
1.89222e-41
1.16092e-40
7.17619e-40
4.46943e-39
2.80468e-38
1.77336e-37
1.12574e-36
7.2299e-36
4.67653e-35
3.04799e-34
1.98967e-33
1.30092e-32
8.51952e-32
5.58741e-31
3.66926e-30
2.41246e-29
1.5878e-28
1.04598e-27
6.89567e-27
4.54863e-26
3.00163e-25
1.98117e-24
1.30762e-23
8.62857e-23
5.69105e-22
3.75081e-21
2.46952e-20
1.62374e-19
1.06583e-18
6.9818e-18
4.56224e-17
2.97248e-16
1.93002e-15
1.2481e-14
7.96249e-14
5.10061e-13
3.24302e-12
2.04649e-11
1.28006e-10
7.92366e-10
4.84441e-09
2.91794e-08
1.72576e-07
9.97583e-07
5.6128e-06
3.07713e-05
0.000163133
0.000823833
0.0039083
0.0171238
0.0683654
6.63217e-77
4.98388e-76
2.60841e-75
1.25482e-74
5.93096e-74
2.79475e-73
1.32082e-72
6.27135e-72
2.97039e-71
1.41307e-70
6.74753e-70
3.23493e-69
1.55752e-68
7.5327e-68
3.66021e-67
1.78741e-66
8.76423e-66
4.31404e-65
2.14281e-64
1.06995e-63
5.36669e-63
2.70759e-62
1.37426e-61
7.01753e-61
3.60555e-60
1.86407e-59
9.69829e-59
5.07811e-58
2.67619e-57
1.41961e-56
7.58026e-56
4.07465e-55
2.20501e-54
1.20134e-53
6.58991e-53
3.63974e-52
2.02423e-51
1.13361e-50
6.39289e-50
3.63062e-49
2.07649e-48
1.19596e-47
6.94042e-47
4.05501e-46
2.38636e-45
1.41453e-44
8.44558e-44
5.07923e-43
3.07698e-42
1.87768e-41
1.15423e-40
7.14743e-40
4.45858e-39
2.80183e-38
1.77374e-37
1.1273e-36
7.24613e-36
4.69025e-35
3.05848e-34
1.99696e-33
1.30597e-32
8.55399e-32
5.61075e-31
3.68494e-30
2.42292e-29
1.59475e-28
1.05057e-27
6.9258e-27
4.5683e-26
3.01438e-25
1.98937e-24
1.31287e-23
8.66193e-23
5.71211e-22
3.76404e-21
2.47778e-20
1.62888e-19
1.06902e-18
7.00139e-18
4.57419e-17
2.97973e-16
1.93448e-15
1.25087e-14
7.9807e-14
5.11041e-13
3.2482e-12
2.04951e-11
1.28175e-10
7.9329e-10
4.84932e-09
2.92049e-08
1.72704e-07
9.98223e-07
5.61595e-06
3.07859e-05
0.000163191
0.000824036
0.00390889
0.0171251
0.0683669
5.33138e-77
4.01104e-76
2.10246e-75
1.01324e-74
4.79932e-74
2.26712e-73
1.07443e-72
5.11718e-72
2.43207e-71
1.16128e-70
5.56727e-70
2.68037e-69
1.29628e-68
6.29858e-68
3.07546e-67
1.50935e-66
7.44036e-66
3.68232e-65
1.8358e-64
9.2001e-64
4.64767e-63
2.35831e-62
1.20376e-61
6.18184e-61
3.19424e-60
1.66082e-59
8.68994e-59
4.5759e-58
2.42509e-57
1.29358e-56
6.9454e-56
3.75366e-55
2.04215e-54
1.11844e-53
6.16658e-53
3.42296e-52
1.91293e-51
1.07634e-50
6.0977e-50
3.47825e-49
1.99778e-48
1.15531e-47
6.73042e-47
3.94684e-46
2.33084e-45
1.38618e-44
8.30189e-44
5.00721e-43
3.04147e-42
1.86057e-41
1.14627e-40
7.11245e-40
4.44472e-39
2.79749e-38
1.77336e-37
1.12849e-36
7.26001e-36
4.70231e-35
3.06765e-34
2.00318e-33
1.31016e-32
8.58184e-32
5.62901e-31
3.69678e-30
2.43054e-29
1.5996e-28
1.05363e-27
6.94502e-27
4.58027e-26
3.0218e-25
1.99395e-24
1.31567e-23
8.67899e-23
5.72241e-22
3.77018e-21
2.48138e-20
1.63095e-19
1.07017e-18
7.00757e-18
4.57723e-17
2.98099e-16
1.93471e-15
1.25057e-14
8.00363e-14
5.12238e-13
3.25517e-12
2.05346e-11
1.28394e-10
7.94485e-10
4.85568e-09
2.92378e-08
1.72871e-07
9.99058e-07
5.62006e-06
3.0805e-05
0.000163267
0.000824303
0.00390967
0.0171268
0.0683689
4.06569e-77
3.06326e-76
1.61107e-75
7.78249e-75
3.69635e-74
1.75164e-73
8.33067e-73
3.98324e-72
1.90143e-71
9.12179e-71
4.39506e-70
2.12729e-69
1.03457e-68
5.0564e-68
2.484e-67
1.22675e-66
6.08937e-66
3.03039e-65
1.52517e-64
7.7095e-64
3.91348e-63
2.00011e-62
1.02828e-61
5.31852e-61
2.76773e-60
1.44926e-59
7.63644e-59
4.04931e-58
2.1609e-57
1.16056e-56
6.27331e-56
3.41298e-55
1.86892e-54
1.03011e-53
5.71503e-53
3.19161e-52
1.79418e-51
1.01531e-50
5.78377e-50
3.31678e-49
1.9148e-48
1.11277e-47
6.51276e-47
3.83624e-46
2.27506e-45
1.35837e-44
8.16563e-44
4.9421e-43
3.01154e-42
1.84769e-41
1.14139e-40
7.09927e-40
4.446e-39
2.80355e-38
1.78006e-37
1.13445e-36
7.30597e-36
4.73581e-35
3.09042e-34
2.01847e-33
1.32036e-32
8.64941e-32
5.67351e-31
3.72594e-30
2.44955e-29
1.61194e-28
1.06161e-27
6.99637e-27
4.61317e-26
3.04278e-25
2.00727e-24
1.32409e-23
8.732e-23
5.75556e-22
3.79077e-21
2.49406e-20
1.63865e-19
1.07476e-18
7.03427e-18
4.59219e-17
2.98889e-16
1.93846e-15
1.25196e-14
8.03319e-14
5.13783e-13
3.26406e-12
2.05849e-11
1.28676e-10
7.96023e-10
4.86388e-09
2.92803e-08
1.73087e-07
1.00014e-06
5.6254e-06
3.08298e-05
0.000163366
0.000824652
0.00391069
0.017129
0.0683716
2.94027e-77
2.21892e-76
1.1717e-75
5.67645e-75
2.70517e-74
1.28694e-73
6.14721e-73
2.95337e-72
1.41735e-71
6.8384e-71
3.31496e-70
1.61482e-69
7.90628e-69
3.89125e-68
1.92549e-67
9.57984e-67
4.79241e-66
2.3915e-65
1.21406e-64
6.19366e-64
3.17943e-63
1.64213e-62
8.53341e-62
4.46139e-61
2.34385e-60
1.23786e-59
6.57808e-59
3.51755e-58
1.89279e-57
1.02494e-56
5.58507e-56
3.06272e-55
1.69021e-54
9.38705e-54
5.24665e-53
2.95124e-52
1.6707e-51
9.51855e-51
5.45789e-50
3.14967e-49
1.82935e-48
1.06931e-47
6.29178e-47
3.72647e-46
2.22087e-45
1.33222e-44
8.04355e-44
4.8881e-43
2.9899e-42
1.84078e-41
1.14073e-40
7.11537e-40
4.46739e-39
2.82329e-38
1.79601e-37
1.14665e-36
7.39367e-36
4.79718e-35
3.13155e-34
2.04601e-33
1.33872e-32
8.77138e-32
5.75423e-31
3.7792e-30
2.48461e-29
1.63496e-28
1.07669e-27
7.09493e-27
4.67746e-26
3.08464e-25
2.03447e-24
1.34173e-23
8.84606e-23
5.82913e-22
3.83808e-21
2.5244e-20
1.65808e-19
1.08721e-18
7.11405e-18
4.64344e-17
3.02172e-16
1.95937e-15
1.26539e-14
8.05701e-14
5.15675e-13
3.27544e-12
2.06497e-11
1.29038e-10
7.98005e-10
4.87445e-09
2.93352e-08
1.73365e-07
1.00153e-06
5.63228e-06
3.08618e-05
0.000163494
0.000825104
0.00391202
0.0171319
0.0683752
2.03669e-77
1.54104e-76
8.10108e-76
3.93904e-75
1.88567e-74
9.01742e-74
4.33194e-73
2.09438e-72
1.01212e-71
4.9196e-71
2.40362e-70
1.1806e-69
5.83039e-69
2.89536e-68
1.44598e-67
7.26278e-67
3.66763e-66
1.86868e-65
9.51153e-65
4.90025e-64
2.53757e-63
1.32192e-62
6.92887e-62
3.65427e-61
1.93605e-60
1.03282e-59
5.54369e-59
2.99392e-58
1.62684e-57
8.89444e-57
4.89279e-56
2.70807e-55
1.50809e-54
8.44997e-54
4.76373e-53
2.70209e-52
1.54211e-51
8.85499e-51
5.1159e-50
2.97383e-49
1.73929e-48
1.02348e-47
6.05979e-47
3.6107e-46
2.16415e-45
1.30516e-44
7.91969e-44
4.83532e-43
2.9704e-42
1.83604e-41
1.1419e-40
7.14591e-40
4.49958e-39
2.85086e-38
1.8175e-37
1.16272e-36
7.50801e-36
4.8767e-35
3.18497e-34
2.08188e-33
1.36272e-32
8.93135e-32
5.8606e-31
3.84978e-30
2.53136e-29
1.66588e-28
1.09712e-27
7.22978e-27
4.76642e-26
3.1433e-25
2.07315e-24
1.36724e-23
9.01442e-23
5.94035e-22
3.91166e-21
2.57316e-20
1.69045e-19
1.10874e-18
7.25758e-18
4.73934e-17
3.08642e-16
2.00346e-15
1.2659e-14
8.10075e-14
5.18144e-13
3.29008e-12
2.07328e-11
1.29503e-10
8.0055e-10
4.88805e-09
2.9406e-08
1.73724e-07
1.00334e-06
5.64122e-06
3.09034e-05
0.000163661
0.000825692
0.00391375
0.0171356
0.0683797
1.3085e-77
9.93016e-77
5.26594e-76
2.57363e-75
1.23924e-74
5.96571e-74
2.88691e-73
1.40695e-72
6.85913e-72
3.36524e-71
1.66045e-70
8.24024e-70
4.1133e-69
2.06543e-68
1.04332e-67
5.30179e-67
2.7109e-66
1.38666e-65
7.18866e-65
3.74609e-64
1.9643e-63
1.03224e-62
5.45682e-62
2.90212e-61
1.5571e-60
8.4055e-60
4.56468e-59
2.49372e-58
1.37047e-57
7.57642e-57
4.21332e-56
2.3569e-55
1.3262e-54
7.50613e-54
4.27325e-53
2.44697e-52
1.40935e-51
8.16446e-51
4.75715e-50
2.78788e-49
1.64325e-48
9.74169e-48
5.8082e-47
3.48376e-46
2.10116e-45
1.2746e-44
7.7765e-44
4.77188e-43
2.94504e-42
1.82805e-41
1.14126e-40
7.16608e-40
4.52565e-39
2.87466e-38
1.83654e-37
1.17715e-36
7.61048e-36
4.94733e-35
3.2317e-34
2.11273e-33
1.38295e-32
9.0633e-32
5.94616e-31
3.90495e-30
2.56673e-29
1.68842e-28
1.11139e-27
7.31942e-27
4.82225e-26
3.1777e-25
2.09407e-24
1.37975e-23
9.08761e-23
5.98184e-22
3.9341e-21
2.58442e-20
1.69534e-19
1.11014e-18
7.25372e-18
4.72739e-17
3.07138e-16
1.98827e-15
1.28132e-14
8.15429e-14
5.21298e-13
3.30832e-12
2.08372e-11
1.30089e-10
8.03768e-10
4.90531e-09
2.94963e-08
1.74185e-07
1.00567e-06
5.65281e-06
3.09575e-05
0.000163878
0.000826462
0.00391603
0.0171406
0.0683859
7.78741e-78
5.93429e-77
3.16462e-76
1.55685e-75
7.55334e-75
3.66738e-74
1.79129e-73
8.81844e-73
4.34673e-72
2.1575e-71
1.07759e-70
5.41602e-70
2.73927e-69
1.39418e-68
7.14044e-68
3.6801e-67
1.90797e-66
9.86725e-66
5.18656e-65
2.72661e-64
1.44181e-63
7.70565e-63
4.1434e-62
2.2412e-61
1.21947e-60
6.67408e-60
3.67386e-59
2.03396e-58
1.1325e-57
6.34137e-57
3.5708e-56
2.02195e-55
1.15127e-54
6.59139e-54
3.79449e-53
2.19632e-52
1.27819e-51
7.47888e-51
4.39962e-50
2.60209e-49
1.54721e-48
9.2489e-48
5.55804e-47
3.35851e-46
2.03983e-45
1.24551e-44
7.64543e-44
4.71793e-43
2.92683e-42
1.82532e-41
1.14441e-40
7.21307e-40
4.57047e-39
2.91142e-38
1.86447e-37
1.19765e-36
7.75416e-36
5.0458e-35
3.29734e-34
2.15642e-33
1.41192e-32
9.25477e-32
6.07236e-31
3.98794e-30
2.62119e-29
1.7241e-28
1.13473e-27
7.47193e-27
4.92181e-26
3.24266e-25
2.13644e-24
1.40738e-23
9.26783e-23
6.09942e-22
4.01084e-21
2.63449e-20
1.72799e-19
1.1314e-18
7.39205e-18
4.81716e-17
3.1295e-16
2.02562e-15
1.28018e-14
8.23118e-14
5.2528e-13
3.33156e-12
2.09703e-11
1.30838e-10
8.07902e-10
4.92757e-09
2.96131e-08
1.74785e-07
1.00871e-06
5.66802e-06
3.10288e-05
0.000164166
0.000827498
0.00391907
0.0171473
0.0683942
4.14787e-78
3.18168e-77
1.71086e-76
8.49701e-76
4.16737e-75
2.04766e-74
1.01292e-73
5.05402e-73
2.52715e-72
1.27309e-71
6.45715e-71
3.29747e-70
1.69531e-69
8.77448e-69
4.57143e-68
2.39713e-67
1.26563e-66
6.67368e-66
3.52505e-65
1.89671e-64
1.0253e-63
5.57427e-63
3.04816e-62
1.67637e-61
9.27144e-61
5.15629e-60
2.88343e-59
1.62118e-58
9.16381e-58
5.20732e-57
2.97455e-56
1.70794e-55
9.85707e-55
5.71776e-54
3.33341e-53
1.95308e-52
1.15002e-51
6.80498e-51
4.04647e-50
2.41792e-49
1.45182e-48
8.75948e-48
5.31029e-47
3.23528e-46
1.98025e-45
1.21789e-44
7.52605e-44
4.673e-43
2.91537e-42
1.82751e-41
1.15105e-40
7.28453e-40
4.63211e-39
2.95958e-38
1.89916e-37
1.22269e-36
7.92733e-36
5.1631e-35
3.37499e-34
2.20771e-33
1.44566e-32
9.47576e-32
6.21661e-31
4.08178e-30
2.68204e-29
1.76343e-28
1.16007e-27
7.63469e-27
5.02603e-26
3.30919e-25
2.17879e-24
1.43426e-23
9.43795e-23
6.20684e-22
4.07853e-21
2.67709e-20
1.75478e-19
1.14826e-18
7.4983e-18
4.88401e-17
3.17213e-16
2.01108e-15
1.29726e-14
8.31962e-14
5.30311e-13
3.36098e-12
2.11393e-11
1.31794e-10
8.13194e-10
4.95624e-09
2.97646e-08
1.75567e-07
1.0127e-06
5.68809e-06
3.11231e-05
0.000164548
0.000828861
0.00392315
0.0171564
0.0684055
1.90368e-78
1.46841e-77
7.97482e-77
4.05359e-76
2.01529e-75
1.00505e-74
5.05184e-74
2.56421e-73
1.30599e-72
6.70635e-72
3.46862e-71
1.80642e-70
9.47098e-70
4.99814e-69
2.65494e-68
1.41943e-67
7.63447e-67
4.13199e-66
2.25804e-65
1.24686e-64
6.92752e-64
3.8442e-63
2.14462e-62
1.2029e-61
6.78266e-61
3.84425e-60
2.18988e-59
1.25369e-58
7.21234e-58
4.16916e-57
2.42144e-56
1.41293e-55
8.28251e-55
4.87724e-54
2.88492e-53
1.71404e-52
1.02287e-51
6.13069e-51
3.69043e-50
2.23105e-49
1.35454e-48
8.25883e-48
5.05665e-47
3.10948e-46
1.9199e-45
1.1904e-44
7.41163e-44
4.6339e-43
2.90929e-42
1.83416e-41
1.16117e-40
7.38188e-40
4.71248e-39
3.02097e-38
1.94282e-37
1.25388e-36
8.14178e-36
5.30781e-35
3.47089e-34
2.27109e-33
1.48736e-32
9.74914e-32
6.39518e-31
4.19802e-30
2.75746e-29
1.81221e-28
1.19152e-27
7.8368e-27
5.15551e-26
3.39188e-25
2.23142e-24
1.46764e-23
9.64889e-23
6.33964e-22
4.16182e-21
2.72914e-20
1.78719e-19
1.16825e-18
7.6192e-18
4.9571e-17
3.21624e-16
2.07951e-15
1.31717e-14
8.41889e-14
5.36685e-13
3.39816e-12
2.13542e-11
1.33015e-10
8.20004e-10
4.99339e-09
2.99626e-08
1.766e-07
1.01803e-06
5.71508e-06
3.12507e-05
0.000165066
0.000830702
0.00392877
0.0171688
0.0684214
7.8733e-79
6.11468e-78
3.34207e-77
1.65233e-76
8.37368e-76
4.27486e-75
2.2055e-74
1.15211e-73
6.03812e-73
3.18945e-72
1.69716e-71
9.09689e-71
4.91104e-70
2.66989e-69
1.46099e-68
8.04375e-68
4.45317e-67
2.48759e-66
1.383e-65
7.712e-65
4.31963e-64
2.4573e-63
1.40517e-62
8.07401e-62
4.66103e-61
2.70306e-60
1.57457e-59
9.21204e-59
5.41245e-58
3.19329e-57
1.8917e-56
1.12513e-55
6.71838e-55
4.02722e-54
2.42328e-53
1.46365e-52
8.87335e-52
5.39931e-51
3.29743e-50
2.02108e-49
1.24322e-48
7.6746e-48
4.7543e-47
2.95584e-46
1.84397e-45
1.15436e-44
7.25166e-44
4.57128e-43
2.89164e-42
1.8355e-41
1.16915e-40
7.47299e-40
4.79324e-39
3.08516e-38
1.99009e-37
1.28818e-36
8.38067e-36
5.47059e-35
3.57991e-34
2.34379e-33
1.5356e-32
1.00677e-31
6.60465e-31
4.33525e-30
2.84705e-29
1.87051e-28
1.22934e-27
8.08151e-27
5.31341e-26
3.49351e-25
2.29668e-24
1.50943e-23
9.91497e-23
6.50785e-22
4.26716e-21
2.79472e-20
1.82774e-19
1.19335e-18
7.7794e-18
5.05902e-17
3.27943e-16
2.08403e-15
1.34137e-14
8.5554e-14
5.44753e-13
3.44541e-12
2.16293e-11
1.34591e-10
8.2887e-10
5.04227e-09
3.02263e-08
1.77994e-07
1.02532e-06
5.75262e-06
3.14305e-05
0.000165812
0.000833469
0.00393705
0.0171873
0.0684445
3.11525e-79
2.4378e-78
1.35199e-77
6.97035e-77
3.49979e-76
1.76771e-75
9.01377e-75
4.69327e-74
2.47642e-73
1.32615e-72
7.19203e-72
3.94443e-71
2.18512e-70
1.22145e-69
6.88322e-69
3.90729e-68
2.23056e-67
1.27605e-66
7.14342e-66
4.15811e-65
2.42735e-64
1.42375e-63
8.38774e-63
4.96216e-62
2.9473e-61
1.75724e-60
1.05155e-59
6.31478e-59
3.80511e-58
2.30044e-57
1.39523e-56
8.48858e-56
5.18015e-55
3.17056e-54
1.94619e-53
1.19801e-52
7.39492e-52
4.57696e-51
2.841e-50
1.76851e-49
1.10401e-48
6.9113e-48
4.33861e-47
2.73132e-46
1.72413e-45
1.09135e-44
6.92707e-44
4.40889e-43
2.81385e-42
1.80079e-41
1.15563e-40
7.43652e-40
4.7986e-39
3.10498e-38
2.01249e-37
1.30794e-36
8.53491e-36
5.58416e-35
3.66061e-34
2.40035e-33
1.57472e-32
1.03353e-31
6.786e-31
4.45711e-30
2.92829e-29
1.92429e-28
1.2647e-27
8.31239e-27
5.46317e-26
3.59001e-25
2.35843e-24
1.54872e-23
1.0165e-22
6.66751e-22
4.36981e-21
2.86057e-20
1.8699e-19
1.2202e-18
7.94331e-18
5.15809e-17
3.33966e-16
2.15487e-15
1.36485e-14
8.72608e-14
5.54987e-13
3.50658e-12
2.19889e-11
1.36677e-10
8.4078e-10
5.10897e-09
3.05923e-08
1.79962e-07
1.03577e-06
5.80705e-06
3.16926e-05
0.000166901
0.000837433
0.00394936
0.0172153
0.0684807
9.61821e-80
7.62551e-79
4.31487e-78
2.26325e-77
1.18648e-76
6.29234e-76
3.38383e-75
1.81064e-74
9.86763e-74
5.44662e-73
3.03981e-72
1.71362e-71
9.74826e-71
5.59145e-70
3.23129e-69
1.88032e-68
1.10105e-67
6.47867e-67
3.77963e-66
2.25542e-65
1.34941e-64
8.10877e-64
4.89295e-63
2.96411e-62
1.80236e-61
1.09987e-60
6.73487e-60
4.13762e-59
2.55011e-58
1.57657e-57
9.7765e-57
6.08052e-56
3.79281e-55
2.37259e-54
1.48836e-53
9.36261e-53
5.90586e-52
3.71444e-51
2.34152e-50
1.47955e-49
9.37063e-49
5.94841e-48
3.78447e-47
2.41316e-46
1.54207e-45
9.87552e-45
6.33795e-44
4.07627e-43
2.62721e-42
1.69683e-41
1.09822e-40
7.12269e-40
4.6291e-39
3.0147e-38
1.96738e-37
1.28534e-36
8.42365e-36
5.53124e-35
3.63714e-34
2.39189e-33
1.57336e-32
1.03515e-31
6.8117e-31
4.4829e-30
2.95049e-29
1.94204e-28
1.2782e-27
8.41163e-27
5.53438e-26
3.64015e-25
2.39322e-24
1.57254e-23
1.03255e-22
6.77392e-22
4.43914e-21
2.9053e-20
1.89847e-19
1.23827e-18
8.05893e-18
5.23158e-17
3.38606e-16
2.18397e-15
1.38734e-14
8.87667e-14
5.64211e-13
3.56343e-12
2.23353e-11
1.38762e-10
8.53139e-10
5.18092e-09
3.10028e-08
1.82259e-07
1.04845e-06
5.87558e-06
3.20333e-05
0.000168383
0.000843178
0.00396791
0.017261
0.0685413
2.11912e-80
1.68354e-79
9.50349e-79
5.16756e-78
2.80742e-77
1.55279e-76
8.76374e-76
5.04163e-75
2.85672e-74
1.63916e-73
9.51278e-73
5.57614e-72
3.29749e-71
1.96523e-70
1.17936e-69
7.12111e-69
4.3233e-68
2.63805e-67
1.59638e-66
9.83958e-66
6.07649e-65
3.76497e-64
2.3399e-63
1.45832e-62
9.11242e-62
5.70759e-61
3.58288e-60
2.25374e-59
1.42037e-58
8.96742e-58
5.67083e-57
3.59239e-56
2.28013e-55
1.44989e-54
9.23578e-54
5.89298e-53
3.76603e-52
2.4293e-51
1.56949e-50
1.0154e-49
6.57812e-49
4.26724e-48
2.77181e-47
1.80282e-46
1.17408e-45
7.65589e-45
4.99861e-44
3.26777e-43
2.13896e-42
1.40183e-41
9.19876e-41
6.04367e-40
3.97565e-39
2.61848e-38
1.72672e-37
1.14005e-36
7.53638e-36
4.98802e-35
3.30431e-34
2.18863e-33
1.4496e-32
9.60058e-32
6.35771e-31
4.20958e-30
2.7823e-29
1.84164e-28
1.21838e-27
8.05718e-27
5.32567e-26
3.51813e-25
2.32247e-24
1.53191e-23
1.00949e-22
6.64482e-22
4.36813e-21
2.86734e-20
1.87887e-19
1.22865e-18
8.0156e-18
5.21504e-17
3.38225e-16
2.16952e-15
1.39871e-14
8.9562e-14
5.70299e-13
3.60783e-12
2.26492e-11
1.40913e-10
8.67459e-10
5.27358e-09
3.15846e-08
1.85799e-07
1.06929e-06
5.99184e-06
3.26062e-05
0.000170932
0.000853229
0.00400078
0.01734
0.0686506
2.39204e-81
1.96815e-80
1.13909e-79
6.19685e-79
3.38046e-78
1.87619e-77
1.05545e-76
5.99997e-76
3.54214e-75
2.12138e-74
1.2858e-73
7.87395e-73
4.86496e-72
3.02935e-71
1.89935e-70
1.19811e-69
7.59964e-69
4.84273e-68
3.10052e-67
1.99765e-66
1.2917e-65
8.38141e-65
5.45592e-64
3.56207e-63
2.33195e-62
1.53049e-61
1.00682e-60
6.63754e-60
4.38464e-59
2.9018e-58
1.92377e-57
1.2767e-56
8.47496e-56
5.62748e-55
3.73796e-54
2.48379e-53
1.65108e-52
1.09808e-51
7.3057e-51
4.86247e-50
3.23762e-49
2.15662e-48
1.43715e-47
9.58125e-47
6.39043e-46
4.26415e-45
2.84664e-44
1.90122e-43
1.27038e-42
8.49257e-42
5.67999e-41
3.80067e-40
2.54434e-39
1.70409e-38
1.14186e-37
7.65474e-37
5.1339e-36
3.44476e-35
2.31239e-34
1.55187e-33
1.04126e-32
6.98502e-32
4.68447e-31
3.14066e-30
2.10489e-29
1.41017e-28
9.44301e-28
6.31996e-27
4.22715e-26
2.82534e-25
1.88684e-24
1.2589e-23
8.39026e-23
5.58499e-22
3.70415e-21
2.45855e-20
1.62833e-19
1.07616e-18
7.09495e-18
4.66453e-17
3.05685e-16
1.98866e-15
1.29117e-14
8.32573e-14
5.35417e-13
3.41955e-12
2.16702e-11
1.36083e-10
8.45466e-10
5.1866e-09
3.13404e-08
1.85963e-07
1.07936e-06
6.0975e-06
3.33049e-05
0.000174367
0.00086897
0.00405651
0.0174777
0.0688628
1.83706e-82
1.41474e-81
8.30966e-81
4.85888e-80
2.95327e-79
1.83121e-78
1.1523e-77
7.33874e-77
4.73598e-76
3.07783e-75
2.01142e-74
1.3206e-73
8.70422e-73
5.75616e-72
3.81748e-71
2.53804e-70
1.69108e-69
1.12889e-68
7.54933e-68
5.05647e-67
3.39088e-66
2.27639e-65
1.52966e-64
1.02875e-63
6.92388e-63
4.66308e-62
3.14229e-61
2.11856e-60
1.42898e-59
9.64218e-59
6.5083e-58
4.39415e-57
2.96745e-56
2.0045e-55
1.35441e-54
9.1543e-54
6.18929e-53
4.18601e-52
2.83208e-51
1.91673e-50
1.29767e-49
8.78868e-49
5.95437e-48
4.03554e-47
2.73603e-46
1.85562e-45
1.25895e-44
8.54414e-44
5.80055e-43
3.93916e-42
2.67586e-41
1.81821e-40
1.23575e-39
8.40078e-39
5.71208e-38
3.88456e-37
2.6421e-36
1.79721e-35
1.22257e-34
8.31667e-34
5.65743e-33
3.84831e-32
2.6175e-31
1.78012e-30
1.21043e-29
8.22867e-29
5.59236e-28
3.7993e-27
2.57999e-26
1.75105e-25
1.18768e-24
8.04953e-24
5.45035e-23
3.68631e-22
2.48997e-21
1.67948e-20
1.13083e-19
7.59875e-19
5.09426e-18
3.40609e-17
2.27e-16
1.5077e-15
9.97377e-15
6.56685e-14
4.30053e-13
2.79843e-12
1.80746e-11
1.15725e-10
7.33347e-10
4.59056e-09
2.83159e-08
1.71569e-07
1.01697e-06
5.8649e-06
3.26675e-05
0.00017393
0.000877713
0.00410424
0.0175477
0.0689983
)
;

boundaryField
{
    fuel
    {
        type            fixedValue;
        value           uniform 0;
    }
    air
    {
        type            fixedValue;
        value           uniform 0.23;
    }
    outlet
    {
        type            zeroGradient;
    }
    frontAndBack
    {
        type            empty;
    }
}


// ************************************************************************* //
