/*--------------------------------*- C++ -*----------------------------------*\
| =========                 |                                                 |
| \\      /  F ield         | OpenFOAM: The Open Source CFD Toolbox           |
|  \\    /   O peration     | Version:  2406                                  |
|   \\  /    A nd           | Website:  www.openfoam.com                      |
|    \\/     M anipulation  |                                                 |
\*---------------------------------------------------------------------------*/
FoamFile
{
    version     2.0;
    format      ascii;
    arch        "LSB;label=32;scalar=64";
    class       volScalarField;
    location    "6.4416e-05";
    object      p;
}
// * * * * * * * * * * * * * * * * * * * * * * * * * * * * * * * * * * * * * //

dimensions      [1 -1 -2 0 0 0 0];

internalField   nonuniform List<scalar> 
4000
(
99998.7
99998.6
99998.7
99999.1
99999.4
99999.6
99999.8
100000
100000
100000
100000
100000
100000
100000
100001
100001
100001
100001
100001
100001
100001
100001
100001
100001
100001
100001
100001
100001
100001
100001
100001
100001
100001
100001
100001
100001
100001
100001
100001
100001
100001
100001
100001
100001
100001
100001
100001
100001
100001
100001
100001
100001
100001
100001
100001
100001
100001
100001
100001
100001
100001
100001
100001
100001
100001
100001
100001
100001
100001
100001
100001
100001
100001
100001
100001
100001
100001
100001
100001
100001
100001
100001
100001
100001
100001
100001
100001
100001
100001
100001
100001
100001
100001
100000
100000
100000
100000
99999.7
99999.5
99999.4
99993.9
99993.9
99994.3
99995.2
99996.1
99996.9
99997.7
99998.3
99998.9
99999.3
99999.7
100000
100000
100001
100001
100001
100001
100002
100002
100002
100002
100002
100002
100002
100002
100002
100002
100002
100002
100002
100002
100002
100003
100003
100003
100003
100003
100003
100003
100003
100003
100003
100003
100003
100003
100003
100003
100003
100003
100003
100003
100003
100003
100003
100003
100003
100003
100003
100003
100003
100003
100003
100003
100002
100002
100002
100002
100002
100002
100002
100002
100002
100002
100002
100002
100002
100002
100002
100002
100002
100002
100002
100002
100002
100002
100002
100002
100002
100001
100001
100001
100001
100000
100000
99999.5
99999
99998.5
99998
99997.8
99997.9
99991.2
99991.6
99992.9
99994.6
99996.2
99997.7
99999
100000
100001
100002
100002
100003
100004
100004
100004
100005
100005
100005
100005
100006
100006
100006
100006
100006
100006
100006
100006
100006
100006
100006
100006
100006
100006
100006
100006
100006
100006
100006
100006
100006
100006
100006
100006
100006
100006
100006
100006
100006
100006
100006
100006
100006
100006
100006
100006
100006
100006
100006
100006
100006
100006
100006
100006
100006
100006
100006
100006
100006
100006
100006
100006
100006
100006
100006
100006
100006
100006
100006
100006
100006
100006
100006
100005
100005
100005
100005
100005
100005
100004
100004
100004
100003
100003
100002
100002
100001
100000
99999.3
99998.7
99998.6
99989
99989.8
99991.7
99994
99996.3
99998.4
100000
100002
100003
100004
100005
100006
100007
100007
100008
100008
100009
100009
100009
100010
100010
100010
100010
100010
100010
100010
100010
100010
100010
100010
100010
100010
100010
100010
100010
100010
100010
100010
100010
100010
100010
100010
100010
100010
100010
100010
100010
100010
100010
100009
100009
100009
100009
100009
100009
100009
100009
100009
100009
100009
100009
100009
100009
100009
100009
100009
100009
100009
100009
100009
100009
100009
100009
100009
100009
100009
100009
100009
100009
100009
100009
100009
100009
100009
100009
100008
100008
100008
100008
100007
100007
100006
100006
100005
100004
100003
100002
100001
100000
99999.8
99987.9
99988.8
99991
99993.7
99996.5
99999
100001
100003
100005
100006
100008
100009
100010
100010
100011
100012
100012
100013
100013
100013
100013
100014
100014
100014
100014
100014
100014
100014
100014
100014
100014
100014
100014
100014
100014
100014
100014
100014
100014
100014
100013
100013
100013
100013
100013
100013
100013
100013
100013
100013
100013
100013
100013
100013
100013
100013
100013
100013
100013
100013
100013
100013
100013
100013
100013
100013
100013
100013
100013
100013
100013
100013
100013
100013
100013
100013
100013
100013
100013
100013
100013
100012
100012
100012
100012
100012
100011
100011
100011
100010
100010
100009
100008
100007
100006
100005
100004
100003
100002
100001
99988
99989
99991.4
99994.4
99997.4
100000
100003
100005
100007
100009
100010
100011
100012
100013
100014
100015
100016
100016
100016
100017
100017
100017
100018
100018
100018
100018
100018
100018
100018
100018
100018
100018
100018
100018
100018
100018
100017
100017
100017
100017
100017
100017
100017
100017
100017
100017
100016
100016
100016
100016
100016
100016
100016
100016
100016
100016
100016
100016
100016
100016
100016
100016
100016
100016
100016
100016
100016
100016
100016
100016
100016
100016
100016
100016
100016
100016
100016
100016
100016
100016
100016
100016
100016
100015
100015
100015
100015
100014
100014
100013
100013
100012
100011
100010
100009
100008
100006
100005
100004
100004
99989.2
99990.3
99992.7
99995.8
99999
100002
100005
100007
100009
100011
100013
100014
100015
100016
100017
100018
100019
100019
100020
100020
100021
100021
100021
100021
100021
100022
100022
100022
100022
100022
100022
100021
100021
100021
100021
100021
100021
100021
100021
100021
100020
100020
100020
100020
100020
100020
100020
100020
100020
100019
100019
100019
100019
100019
100019
100019
100019
100019
100019
100019
100019
100019
100019
100019
100019
100019
100019
100019
100019
100019
100019
100019
100019
100019
100019
100019
100019
100019
100019
100019
100019
100019
100019
100019
100018
100018
100018
100017
100017
100016
100016
100015
100014
100013
100012
100010
100009
100008
100006
100006
99991
99992.2
99994.6
99997.8
100001
100004
100007
100009
100012
100014
100015
100017
100018
100019
100020
100021
100022
100023
100023
100024
100024
100024
100025
100025
100025
100025
100025
100025
100025
100025
100025
100025
100025
100025
100025
100024
100024
100024
100024
100024
100024
100024
100023
100023
100023
100023
100023
100023
100023
100023
100022
100022
100022
100022
100022
100022
100022
100022
100022
100022
100022
100022
100022
100022
100022
100022
100022
100022
100022
100022
100022
100022
100022
100022
100022
100022
100022
100022
100022
100022
100022
100022
100022
100022
100021
100021
100021
100020
100020
100019
100018
100018
100017
100016
100014
100013
100012
100010
100009
100009
99993.3
99994.5
99997
100000
100003
100007
100009
100012
100014
100016
100018
100020
100021
100022
100024
100025
100025
100026
100027
100027
100027
100028
100028
100028
100028
100028
100028
100028
100028
100028
100028
100028
100028
100028
100028
100028
100027
100027
100027
100027
100027
100027
100026
100026
100026
100026
100026
100026
100026
100025
100025
100025
100025
100025
100025
100025
100025
100025
100025
100025
100025
100025
100025
100025
100025
100025
100025
100025
100025
100025
100025
100025
100025
100025
100025
100025
100025
100025
100025
100025
100025
100025
100025
100025
100024
100024
100024
100023
100023
100022
100021
100020
100019
100018
100017
100016
100014
100013
100012
100011
99995.9
99997
99999.5
100003
100006
100009
100012
100015
100017
100019
100021
100023
100024
100025
100027
100028
100028
100029
100030
100030
100031
100031
100031
100031
100031
100032
100032
100032
100032
100031
100031
100031
100031
100031
100031
100031
100030
100030
100030
100030
100030
100029
100029
100029
100029
100029
100029
100028
100028
100028
100028
100028
100028
100028
100028
100028
100028
100028
100028
100028
100028
100028
100028
100028
100028
100028
100028
100028
100028
100028
100028
100028
100028
100028
100028
100028
100028
100028
100028
100028
100028
100028
100028
100027
100027
100027
100026
100026
100025
100025
100024
100023
100022
100021
100020
100018
100017
100016
100015
100014
99998.5
99999.6
100002
100005
100009
100012
100015
100017
100020
100022
100024
100025
100027
100028
100029
100030
100031
100032
100033
100033
100034
100034
100034
100034
100034
100035
100035
100035
100034
100034
100034
100034
100034
100034
100034
100033
100033
100033
100033
100033
100032
100032
100032
100032
100032
100031
100031
100031
100031
100031
100031
100031
100030
100030
100030
100030
100030
100030
100030
100030
100030
100030
100030
100030
100030
100030
100030
100030
100030
100030
100030
100031
100031
100031
100031
100031
100031
100031
100031
100031
100031
100030
100030
100030
100030
100029
100029
100029
100028
100027
100027
100026
100025
100024
100022
100021
100020
100018
100017
100017
100001
100002
100005
100008
100011
100014
100017
100020
100022
100024
100026
100028
100030
100031
100032
100033
100034
100035
100035
100036
100036
100037
100037
100037
100037
100037
100037
100037
100037
100037
100037
100037
100037
100036
100036
100036
100036
100036
100035
100035
100035
100035
100034
100034
100034
100034
100034
100033
100033
100033
100033
100033
100033
100033
100033
100032
100032
100032
100032
100032
100032
100032
100032
100032
100032
100032
100033
100033
100033
100033
100033
100033
100033
100033
100033
100033
100033
100033
100033
100033
100033
100033
100033
100032
100032
100032
100031
100031
100030
100030
100029
100028
100027
100026
100025
100023
100022
100021
100019
100019
100004
100005
100007
100010
100014
100017
100020
100022
100025
100027
100029
100031
100032
100033
100035
100036
100036
100037
100038
100038
100039
100039
100039
100040
100040
100040
100040
100040
100040
100039
100039
100039
100039
100039
100039
100038
100038
100038
100038
100037
100037
100037
100037
100036
100036
100036
100036
100036
100035
100035
100035
100035
100035
100035
100035
100035
100034
100034
100034
100034
100034
100034
100034
100034
100034
100035
100035
100035
100035
100035
100035
100035
100035
100035
100035
100035
100035
100035
100035
100035
100035
100035
100035
100035
100034
100034
100034
100033
100033
100032
100031
100030
100029
100028
100027
100026
100024
100023
100022
100021
100006
100007
100010
100013
100016
100019
100022
100025
100027
100029
100031
100033
100034
100036
100037
100038
100039
100039
100040
100041
100041
100041
100042
100042
100042
100042
100042
100042
100042
100042
100041
100041
100041
100041
100041
100040
100040
100040
100040
100039
100039
100039
100039
100038
100038
100038
100038
100037
100037
100037
100037
100037
100037
100037
100036
100036
100036
100036
100036
100036
100036
100036
100036
100036
100036
100036
100036
100036
100037
100037
100037
100037
100037
100037
100037
100037
100037
100037
100037
100037
100037
100037
100037
100036
100036
100036
100036
100035
100034
100034
100033
100032
100031
100030
100029
100028
100026
100025
100024
100023
100008
100009
100012
100015
100018
100021
100024
100027
100029
100031
100033
100035
100036
100038
100039
100040
100041
100041
100042
100042
100043
100043
100043
100044
100044
100044
100044
100044
100044
100043
100043
100043
100043
100043
100042
100042
100042
100042
100041
100041
100041
100041
100040
100040
100040
100040
100039
100039
100039
100039
100039
100038
100038
100038
100038
100038
100038
100038
100038
100038
100038
100038
100038
100038
100038
100038
100038
100038
100038
100038
100038
100038
100038
100039
100039
100039
100039
100039
100039
100039
100039
100039
100038
100038
100038
100038
100037
100037
100036
100036
100035
100034
100033
100032
100031
100029
100028
100026
100025
100025
100010
100011
100014
100017
100020
100023
100026
100028
100031
100033
100035
100036
100038
100039
100040
100041
100042
100043
100044
100044
100044
100045
100045
100045
100045
100045
100045
100045
100045
100045
100045
100045
100044
100044
100044
100044
100043
100043
100043
100043
100042
100042
100042
100041
100041
100041
100041
100040
100040
100040
100040
100040
100040
100039
100039
100039
100039
100039
100039
100039
100039
100039
100039
100039
100039
100039
100039
100039
100039
100040
100040
100040
100040
100040
100040
100040
100040
100040
100040
100040
100040
100040
100040
100040
100039
100039
100039
100038
100038
100037
100036
100035
100034
100033
100032
100031
100029
100028
100027
100026
100012
100013
100015
100018
100021
100024
100027
100030
100032
100034
100036
100038
100039
100041
100042
100043
100044
100044
100045
100045
100046
100046
100046
100047
100047
100047
100047
100047
100046
100046
100046
100046
100046
100045
100045
100045
100045
100044
100044
100044
100043
100043
100043
100043
100042
100042
100042
100042
100041
100041
100041
100041
100041
100041
100040
100040
100040
100040
100040
100040
100040
100040
100040
100040
100040
100040
100040
100040
100041
100041
100041
100041
100041
100041
100041
100041
100041
100041
100041
100041
100041
100041
100041
100041
100040
100040
100040
100039
100039
100038
100037
100037
100036
100034
100033
100032
100031
100029
100028
100028
100013
100014
100016
100019
100022
100025
100028
100031
100033
100035
100037
100039
100040
100042
100043
100044
100045
100045
100046
100046
100047
100047
100047
100047
100048
100048
100048
100047
100047
100047
100047
100047
100047
100046
100046
100046
100045
100045
100045
100045
100044
100044
100044
100043
100043
100043
100043
100042
100042
100042
100042
100042
100042
100041
100041
100041
100041
100041
100041
100041
100041
100041
100041
100041
100041
100041
100041
100041
100041
100041
100042
100042
100042
100042
100042
100042
100042
100042
100042
100042
100042
100042
100042
100042
100041
100041
100041
100040
100040
100039
100038
100037
100036
100035
100034
100033
100031
100030
100029
100029
100014
100015
100017
100020
100023
100026
100029
100032
100034
100036
100038
100039
100041
100042
100043
100044
100045
100046
100047
100047
100047
100048
100048
100048
100048
100048
100048
100048
100048
100048
100048
100047
100047
100047
100047
100046
100046
100046
100045
100045
100045
100045
100044
100044
100044
100043
100043
100043
100043
100043
100042
100042
100042
100042
100042
100042
100042
100042
100042
100041
100041
100041
100042
100042
100042
100042
100042
100042
100042
100042
100042
100042
100042
100042
100042
100043
100043
100043
100043
100043
100043
100042
100042
100042
100042
100042
100041
100041
100040
100040
100039
100038
100037
100036
100035
100033
100032
100031
100030
100029
100014
100015
100017
100020
100024
100027
100029
100032
100034
100036
100038
100040
100041
100043
100044
100045
100046
100046
100047
100047
100048
100048
100048
100048
100049
100049
100049
100048
100048
100048
100048
100048
100048
100047
100047
100047
100046
100046
100046
100045
100045
100045
100045
100044
100044
100044
100044
100043
100043
100043
100043
100042
100042
100042
100042
100042
100042
100042
100042
100042
100042
100042
100042
100042
100042
100042
100042
100042
100042
100042
100042
100042
100043
100043
100043
100043
100043
100043
100043
100043
100043
100043
100043
100042
100042
100042
100041
100041
100040
100040
100039
100038
100037
100036
100035
100034
100032
100031
100030
100030
100014
100015
100017
100020
100024
100027
100029
100032
100034
100036
100038
100040
100041
100043
100044
100045
100046
100046
100047
100047
100048
100048
100048
100048
100049
100049
100049
100048
100048
100048
100048
100048
100048
100047
100047
100047
100046
100046
100046
100045
100045
100045
100045
100044
100044
100044
100044
100043
100043
100043
100043
100042
100042
100042
100042
100042
100042
100042
100042
100042
100042
100042
100042
100042
100042
100042
100042
100042
100042
100042
100042
100042
100043
100043
100043
100043
100043
100043
100043
100043
100043
100043
100043
100042
100042
100042
100041
100041
100040
100040
100039
100038
100037
100036
100035
100034
100032
100031
100030
100030
100014
100015
100017
100020
100023
100026
100029
100032
100034
100036
100038
100039
100041
100042
100043
100044
100045
100046
100047
100047
100047
100048
100048
100048
100048
100048
100048
100048
100048
100048
100048
100047
100047
100047
100047
100046
100046
100046
100045
100045
100045
100045
100044
100044
100044
100043
100043
100043
100043
100043
100042
100042
100042
100042
100042
100042
100042
100042
100042
100041
100041
100041
100042
100042
100042
100042
100042
100042
100042
100042
100042
100042
100042
100042
100042
100043
100043
100043
100043
100043
100043
100042
100042
100042
100042
100042
100041
100041
100040
100040
100039
100038
100037
100036
100035
100033
100032
100031
100030
100029
100013
100014
100016
100019
100022
100025
100028
100031
100033
100035
100037
100039
100040
100042
100043
100044
100045
100045
100046
100046
100047
100047
100047
100047
100048
100048
100048
100047
100047
100047
100047
100047
100047
100046
100046
100046
100045
100045
100045
100045
100044
100044
100044
100043
100043
100043
100043
100042
100042
100042
100042
100042
100042
100041
100041
100041
100041
100041
100041
100041
100041
100041
100041
100041
100041
100041
100041
100041
100041
100041
100042
100042
100042
100042
100042
100042
100042
100042
100042
100042
100042
100042
100042
100042
100041
100041
100041
100040
100040
100039
100038
100037
100036
100035
100034
100033
100031
100030
100029
100029
100012
100013
100015
100018
100021
100024
100027
100030
100032
100034
100036
100038
100039
100041
100042
100043
100044
100044
100045
100045
100046
100046
100046
100047
100047
100047
100047
100047
100046
100046
100046
100046
100046
100045
100045
100045
100045
100044
100044
100044
100043
100043
100043
100043
100042
100042
100042
100042
100041
100041
100041
100041
100041
100041
100040
100040
100040
100040
100040
100040
100040
100040
100040
100040
100040
100040
100040
100040
100041
100041
100041
100041
100041
100041
100041
100041
100041
100041
100041
100041
100041
100041
100041
100041
100040
100040
100040
100039
100039
100038
100037
100037
100036
100034
100033
100032
100031
100029
100028
100028
100010
100011
100014
100017
100020
100023
100026
100028
100031
100033
100035
100036
100038
100039
100040
100041
100042
100043
100044
100044
100044
100045
100045
100045
100045
100045
100045
100045
100045
100045
100045
100045
100044
100044
100044
100044
100043
100043
100043
100043
100042
100042
100042
100041
100041
100041
100041
100040
100040
100040
100040
100040
100040
100039
100039
100039
100039
100039
100039
100039
100039
100039
100039
100039
100039
100039
100039
100039
100039
100040
100040
100040
100040
100040
100040
100040
100040
100040
100040
100040
100040
100040
100040
100040
100039
100039
100039
100038
100038
100037
100036
100035
100034
100033
100032
100031
100029
100028
100027
100026
100008
100009
100012
100015
100018
100021
100024
100027
100029
100031
100033
100035
100036
100038
100039
100040
100041
100041
100042
100042
100043
100043
100043
100044
100044
100044
100044
100044
100044
100043
100043
100043
100043
100043
100042
100042
100042
100042
100041
100041
100041
100041
100040
100040
100040
100040
100039
100039
100039
100039
100039
100038
100038
100038
100038
100038
100038
100038
100038
100038
100038
100038
100038
100038
100038
100038
100038
100038
100038
100038
100038
100038
100038
100039
100039
100039
100039
100039
100039
100039
100039
100039
100038
100038
100038
100038
100037
100037
100036
100036
100035
100034
100033
100032
100031
100029
100028
100026
100025
100025
100006
100007
100010
100013
100016
100019
100022
100025
100027
100029
100031
100033
100034
100036
100037
100038
100039
100039
100040
100041
100041
100041
100042
100042
100042
100042
100042
100042
100042
100042
100041
100041
100041
100041
100041
100040
100040
100040
100040
100039
100039
100039
100039
100038
100038
100038
100038
100037
100037
100037
100037
100037
100037
100037
100036
100036
100036
100036
100036
100036
100036
100036
100036
100036
100036
100036
100036
100036
100037
100037
100037
100037
100037
100037
100037
100037
100037
100037
100037
100037
100037
100037
100037
100036
100036
100036
100036
100035
100034
100034
100033
100032
100031
100030
100029
100028
100026
100025
100024
100023
100004
100005
100007
100010
100014
100017
100020
100022
100025
100027
100029
100031
100032
100033
100035
100036
100036
100037
100038
100038
100039
100039
100039
100040
100040
100040
100040
100040
100040
100039
100039
100039
100039
100039
100039
100038
100038
100038
100038
100037
100037
100037
100037
100036
100036
100036
100036
100036
100035
100035
100035
100035
100035
100035
100035
100035
100034
100034
100034
100034
100034
100034
100034
100034
100034
100035
100035
100035
100035
100035
100035
100035
100035
100035
100035
100035
100035
100035
100035
100035
100035
100035
100035
100035
100034
100034
100034
100033
100033
100032
100031
100030
100029
100028
100027
100026
100024
100023
100022
100021
100001
100002
100005
100008
100011
100014
100017
100020
100022
100024
100026
100028
100030
100031
100032
100033
100034
100035
100035
100036
100036
100037
100037
100037
100037
100037
100037
100037
100037
100037
100037
100037
100037
100036
100036
100036
100036
100036
100035
100035
100035
100035
100034
100034
100034
100034
100034
100033
100033
100033
100033
100033
100033
100033
100033
100032
100032
100032
100032
100032
100032
100032
100032
100032
100032
100032
100033
100033
100033
100033
100033
100033
100033
100033
100033
100033
100033
100033
100033
100033
100033
100033
100033
100032
100032
100032
100031
100031
100030
100030
100029
100028
100027
100026
100025
100023
100022
100021
100019
100019
99998.5
99999.6
100002
100005
100009
100012
100015
100017
100020
100022
100024
100025
100027
100028
100029
100030
100031
100032
100033
100033
100034
100034
100034
100034
100034
100035
100035
100035
100034
100034
100034
100034
100034
100034
100034
100033
100033
100033
100033
100033
100032
100032
100032
100032
100032
100031
100031
100031
100031
100031
100031
100031
100030
100030
100030
100030
100030
100030
100030
100030
100030
100030
100030
100030
100030
100030
100030
100030
100030
100030
100030
100031
100031
100031
100031
100031
100031
100031
100031
100031
100031
100030
100030
100030
100030
100029
100029
100029
100028
100027
100027
100026
100025
100024
100022
100021
100020
100018
100017
100017
99995.9
99997
99999.5
100003
100006
100009
100012
100015
100017
100019
100021
100023
100024
100025
100027
100028
100028
100029
100030
100030
100031
100031
100031
100031
100031
100032
100032
100032
100032
100031
100031
100031
100031
100031
100031
100031
100030
100030
100030
100030
100030
100029
100029
100029
100029
100029
100029
100028
100028
100028
100028
100028
100028
100028
100028
100028
100028
100028
100028
100028
100028
100028
100028
100028
100028
100028
100028
100028
100028
100028
100028
100028
100028
100028
100028
100028
100028
100028
100028
100028
100028
100028
100028
100027
100027
100027
100026
100026
100025
100025
100024
100023
100022
100021
100020
100018
100017
100016
100015
100014
99993.3
99994.5
99997
100000
100003
100007
100009
100012
100014
100016
100018
100020
100021
100022
100024
100025
100025
100026
100027
100027
100027
100028
100028
100028
100028
100028
100028
100028
100028
100028
100028
100028
100028
100028
100028
100028
100027
100027
100027
100027
100027
100027
100026
100026
100026
100026
100026
100026
100026
100025
100025
100025
100025
100025
100025
100025
100025
100025
100025
100025
100025
100025
100025
100025
100025
100025
100025
100025
100025
100025
100025
100025
100025
100025
100025
100025
100025
100025
100025
100025
100025
100025
100025
100025
100024
100024
100024
100023
100023
100022
100021
100020
100019
100018
100017
100016
100014
100013
100012
100011
99991.1
99992.2
99994.6
99997.8
100001
100004
100007
100009
100012
100014
100015
100017
100018
100019
100020
100021
100022
100023
100023
100024
100024
100024
100025
100025
100025
100025
100025
100025
100025
100025
100025
100025
100025
100025
100025
100024
100024
100024
100024
100024
100024
100024
100023
100023
100023
100023
100023
100023
100023
100023
100022
100022
100022
100022
100022
100022
100022
100022
100022
100022
100022
100022
100022
100022
100022
100022
100022
100022
100022
100022
100022
100022
100022
100022
100022
100022
100022
100022
100022
100022
100022
100022
100022
100022
100021
100021
100021
100020
100020
100019
100018
100018
100017
100016
100014
100013
100012
100010
100009
100009
99989.2
99990.3
99992.7
99995.8
99999
100002
100005
100007
100009
100011
100013
100014
100015
100016
100017
100018
100019
100019
100020
100020
100021
100021
100021
100021
100021
100022
100022
100022
100022
100022
100022
100021
100021
100021
100021
100021
100021
100021
100021
100021
100020
100020
100020
100020
100020
100020
100020
100020
100020
100019
100019
100019
100019
100019
100019
100019
100019
100019
100019
100019
100019
100019
100019
100019
100019
100019
100019
100019
100019
100019
100019
100019
100019
100019
100019
100019
100019
100019
100019
100019
100019
100019
100019
100019
100018
100018
100018
100017
100017
100016
100016
100015
100014
100013
100012
100010
100009
100008
100006
100006
99988
99989.1
99991.4
99994.4
99997.4
100000
100003
100005
100007
100009
100010
100011
100012
100013
100014
100015
100016
100016
100016
100017
100017
100017
100018
100018
100018
100018
100018
100018
100018
100018
100018
100018
100018
100018
100018
100018
100017
100017
100017
100017
100017
100017
100017
100017
100017
100017
100016
100016
100016
100016
100016
100016
100016
100016
100016
100016
100016
100016
100016
100016
100016
100016
100016
100016
100016
100016
100016
100016
100016
100016
100016
100016
100016
100016
100016
100016
100016
100016
100016
100016
100016
100016
100016
100015
100015
100015
100015
100014
100014
100013
100013
100012
100011
100010
100009
100008
100006
100005
100004
100004
99987.9
99988.8
99991
99993.7
99996.5
99999
100001
100003
100005
100006
100008
100009
100010
100010
100011
100012
100012
100013
100013
100013
100013
100014
100014
100014
100014
100014
100014
100014
100014
100014
100014
100014
100014
100014
100014
100014
100014
100014
100014
100014
100013
100013
100013
100013
100013
100013
100013
100013
100013
100013
100013
100013
100013
100013
100013
100013
100013
100013
100013
100013
100013
100013
100013
100013
100013
100013
100013
100013
100013
100013
100013
100013
100013
100013
100013
100013
100013
100013
100013
100013
100013
100012
100012
100012
100012
100012
100011
100011
100011
100010
100010
100009
100008
100007
100006
100005
100004
100003
100002
100001
99989
99989.8
99991.7
99994
99996.3
99998.4
100000
100002
100003
100004
100005
100006
100007
100007
100008
100008
100009
100009
100009
100010
100010
100010
100010
100010
100010
100010
100010
100010
100010
100010
100010
100010
100010
100010
100010
100010
100010
100010
100010
100010
100010
100010
100010
100010
100010
100010
100010
100010
100010
100009
100009
100009
100009
100009
100009
100009
100009
100009
100009
100009
100009
100009
100009
100009
100009
100009
100009
100009
100009
100009
100009
100009
100009
100009
100009
100009
100009
100009
100009
100009
100009
100009
100009
100009
100009
100008
100008
100008
100008
100007
100007
100006
100006
100005
100004
100003
100002
100001
100000
99999.8
99991.2
99991.6
99992.9
99994.6
99996.3
99997.7
99999
100000
100001
100002
100002
100003
100004
100004
100004
100005
100005
100005
100005
100006
100006
100006
100006
100006
100006
100006
100006
100006
100006
100006
100006
100006
100006
100006
100006
100006
100006
100006
100006
100006
100006
100006
100006
100006
100006
100006
100006
100006
100006
100006
100006
100006
100006
100006
100006
100006
100006
100006
100006
100006
100006
100006
100006
100006
100006
100006
100006
100006
100006
100006
100006
100006
100006
100006
100006
100006
100006
100006
100006
100006
100006
100006
100005
100005
100005
100005
100005
100005
100004
100004
100004
100003
100003
100002
100002
100001
100000
99999.3
99998.7
99998.6
99993.9
99993.9
99994.4
99995.2
99996.1
99996.9
99997.7
99998.3
99998.9
99999.3
99999.7
100000
100000
100001
100001
100001
100001
100002
100002
100002
100002
100002
100002
100002
100002
100002
100002
100002
100002
100002
100002
100002
100003
100003
100003
100003
100003
100003
100003
100003
100003
100003
100003
100003
100003
100003
100003
100003
100003
100003
100003
100003
100003
100003
100003
100003
100003
100003
100003
100003
100003
100003
100003
100002
100002
100002
100002
100002
100002
100002
100002
100002
100002
100002
100002
100002
100002
100002
100002
100002
100002
100002
100002
100002
100002
100002
100002
100002
100001
100001
100001
100001
100000
100000
99999.5
99999
99998.5
99998
99997.8
99997.9
99998.7
99998.6
99998.8
99999.1
99999.4
99999.6
99999.8
100000
100000
100000
100000
100000
100000
100000
100001
100001
100001
100001
100001
100001
100001
100001
100001
100001
100001
100001
100001
100001
100001
100001
100001
100001
100001
100001
100001
100001
100001
100001
100001
100001
100001
100001
100001
100001
100001
100001
100001
100001
100001
100001
100001
100001
100001
100001
100001
100001
100001
100001
100001
100001
100001
100001
100001
100001
100001
100001
100001
100001
100001
100001
100001
100001
100001
100001
100001
100001
100001
100001
100001
100001
100001
100001
100001
100001
100001
100001
100001
100001
100001
100001
100001
100001
100001
100000
100000
100000
100000
99999.7
99999.5
99999.4
)
;

boundaryField
{
    fuel
    {
        type            zeroGradient;
    }
    air
    {
        type            zeroGradient;
    }
    outlet
    {
        type            fixedValue;
        value           uniform 100000;
    }
    frontAndBack
    {
        type            empty;
    }
}


// ************************************************************************* //
