/*--------------------------------*- C++ -*----------------------------------*\
| =========                 |                                                 |
| \\      /  F ield         | OpenFOAM: The Open Source CFD Toolbox           |
|  \\    /   O peration     | Version:  2406                                  |
|   \\  /    A nd           | Website:  www.openfoam.com                      |
|    \\/     M anipulation  |                                                 |
\*---------------------------------------------------------------------------*/
FoamFile
{
    version     2.0;
    format      ascii;
    arch        "LSB;label=32;scalar=64";
    class       volScalarField;
    location    "6.4416e-05";
    object      Qdot;
}
// * * * * * * * * * * * * * * * * * * * * * * * * * * * * * * * * * * * * * //

dimensions      [1 -1 -3 0 0 0 0];

internalField   nonuniform List<scalar> 
4000
(
2.07185e-161
5.21894e-159
9.64338e-158
9.7558e-157
8.3242e-156
6.60524e-155
5.05523e-154
3.76878e-153
2.76069e-152
1.99782e-151
1.43337e-150
1.02221e-149
7.25994e-149
5.14228e-148
3.63655e-147
2.56971e-146
1.81577e-145
1.28303e-144
9.07757e-144
6.43924e-143
4.56977e-142
3.2504e-141
2.31529e-140
1.65126e-139
1.18063e-138
8.45668e-138
6.06948e-137
4.36503e-136
3.1457e-135
2.27169e-134
1.64394e-133
1.19213e-132
8.66297e-132
6.30818e-131
4.60286e-130
3.36534e-129
2.46545e-128
1.80974e-127
1.33099e-126
9.80751e-126
7.24017e-125
5.35461e-124
3.96706e-123
2.94406e-122
2.18916e-121
1.63044e-120
1.21625e-119
9.08675e-119
6.79893e-118
5.09442e-117
3.8225e-116
2.87191e-115
2.16043e-114
1.62711e-113
1.22671e-112
9.25733e-112
6.99222e-111
5.28558e-110
3.99834e-109
3.02647e-108
2.29202e-107
1.73652e-106
1.31609e-105
9.97737e-105
7.56562e-104
5.73778e-103
4.35193e-102
3.30082e-101
2.50337e-100
1.89819e-99
1.43886e-98
1.09018e-97
8.2549e-97
6.24572e-96
4.72086e-95
3.56391e-94
2.68649e-93
2.02145e-92
1.51779e-91
1.13671e-90
8.48745e-90
6.31468e-89
4.67802e-88
3.44595e-87
2.52616e-86
1.83903e-85
1.32771e-84
9.49195e-84
6.70631e-83
4.28396e-82
2.92618e-81
1.96143e-80
1.28056e-79
8.08773e-79
4.89221e-78
2.79487e-77
1.4671e-76
6.36812e-76
1.12221e-75
3.24609e-76
1.86062e-160
0
5.74517e-157
1.21531e-155
1.31592e-154
1.15702e-153
9.57467e-153
7.40288e-152
5.49728e-151
3.98549e-150
2.84134e-149
2.00224e-148
1.39972e-147
9.73249e-147
6.74363e-146
4.66081e-145
3.20709e-144
2.2147e-143
1.52112e-142
1.05558e-141
7.33096e-141
5.10093e-140
3.55649e-139
2.48509e-138
1.74038e-137
1.22168e-136
8.59586e-136
6.0626e-135
4.28613e-134
3.03744e-133
2.15764e-132
1.53627e-131
1.09638e-130
7.84233e-130
5.62216e-129
4.03942e-128
2.90851e-127
2.09866e-126
1.51745e-125
1.09941e-124
7.98112e-124
5.80497e-123
4.22923e-122
3.08226e-121
2.2551e-120
1.65211e-119
1.21239e-118
8.91168e-118
6.56105e-117
4.838e-116
3.57288e-115
2.6425e-114
1.9572e-113
1.45165e-112
1.07816e-111
8.01816e-111
5.97073e-110
4.45167e-109
3.32311e-108
2.48358e-107
1.85825e-106
1.39181e-105
1.04285e-104
7.8171e-104
5.8619e-103
4.39716e-102
3.29928e-101
2.47598e-100
1.85831e-99
1.39475e-98
1.04671e-97
7.8534e-97
5.89017e-96
4.41536e-95
3.30745e-94
2.47523e-93
1.85021e-92
1.38093e-91
1.0288e-90
7.64732e-90
5.66929e-89
4.18941e-88
3.08376e-87
2.25887e-86
1.64011e-85
1.18767e-84
8.52413e-84
6.05817e-83
3.98554e-82
2.69343e-81
1.83398e-80
1.22135e-79
7.9195e-79
4.96861e-78
2.98437e-77
1.6673e-76
9.01427e-76
3.88932e-75
6.53492e-75
1.96027e-75
1.42684e-156
2.30239e-154
1.80171e-153
7.99595e-153
4.37223e-152
2.37966e-151
1.2899e-150
7.00094e-150
3.94857e-149
2.23951e-148
1.28734e-147
7.49497e-147
4.41641e-146
2.63222e-145
1.58586e-144
9.64265e-144
5.87318e-143
3.43169e-142
2.04715e-141
1.23284e-140
7.79853e-140
4.97389e-139
3.19551e-138
2.06731e-137
1.3463e-136
8.82369e-136
5.81847e-135
3.85932e-134
2.57422e-133
1.72636e-132
1.16376e-131
7.88448e-131
5.36742e-130
3.67088e-129
2.52184e-128
1.73995e-127
1.20549e-126
8.38562e-126
5.85592e-125
4.10476e-124
2.88776e-123
2.03873e-122
1.4437e-121
1.02288e-120
7.2993e-120
5.22118e-119
3.74609e-118
2.69579e-117
1.94565e-116
1.40826e-115
1.02216e-114
7.4395e-114
5.42925e-113
3.9727e-112
2.91448e-111
2.14362e-110
1.58063e-109
1.1684e-108
8.658e-108
6.43127e-107
4.78868e-106
3.57371e-105
2.67034e-104
1.99757e-103
1.49601e-102
1.12158e-101
8.41709e-101
6.3225e-100
4.75315e-99
3.57598e-98
2.69196e-97
2.02745e-96
1.52752e-95
1.15104e-94
8.67308e-94
6.53389e-93
4.92019e-92
3.70242e-91
2.78294e-90
2.0889e-89
1.56516e-88
1.1699e-87
8.73231e-87
6.43796e-86
4.75128e-85
3.4882e-84
2.5445e-83
1.84063e-82
1.2643e-81
8.5317e-81
5.94947e-80
4.07423e-79
2.72301e-78
1.72948e-77
1.06711e-76
6.30592e-76
3.45419e-75
1.58434e-74
2.82255e-74
9.06367e-75
4.10576e-155
7.4533e-153
6.91879e-152
3.65138e-151
1.66648e-150
7.53944e-150
3.42501e-149
1.56723e-148
7.52454e-148
3.65408e-147
1.81312e-146
9.18245e-146
4.7406e-145
2.49197e-144
1.33214e-143
7.2296e-143
3.99039e-142
2.2733e-141
1.296e-140
7.62257e-140
4.44421e-139
2.62117e-138
1.56322e-137
9.42325e-137
5.73842e-136
3.52824e-135
2.18951e-134
1.37077e-133
8.6546e-133
5.50857e-132
3.53342e-131
2.28333e-130
1.48611e-129
9.73895e-129
6.42448e-128
4.26513e-127
2.84898e-126
1.91435e-125
1.29372e-124
8.79146e-124
6.0063e-123
4.12477e-122
2.84534e-121
1.9646e-120
1.37062e-119
9.5958e-119
6.74831e-118
4.76673e-117
3.38156e-116
2.40903e-115
1.7233e-114
1.23776e-113
8.92569e-113
6.46166e-112
4.69588e-111
3.42558e-110
2.50827e-109
1.84338e-108
1.35969e-107
1.00655e-106
7.478e-106
5.57457e-105
4.16416e-104
3.116e-103
2.33582e-102
1.75396e-101
1.31916e-100
9.93642e-100
7.49495e-99
5.66034e-98
4.27945e-97
3.23846e-96
2.45274e-95
1.85888e-94
1.40947e-93
1.06896e-92
8.10603e-92
6.14521e-91
4.65613e-90
3.52478e-89
2.66502e-88
2.01152e-87
1.51174e-86
1.12048e-85
8.40121e-85
6.24745e-84
4.6209e-83
3.39232e-82
2.25283e-81
1.62598e-80
1.15506e-79
8.07509e-79
5.51736e-78
3.56012e-77
2.25651e-76
1.36973e-75
7.63354e-75
3.60397e-74
6.60183e-74
2.17565e-74
1.45258e-153
2.27075e-151
1.8391e-150
8.45492e-150
3.4909e-149
1.42223e-148
5.79067e-148
2.38161e-147
1.02671e-146
4.479e-146
2.00219e-145
9.16499e-145
4.29167e-144
2.05371e-143
1.00313e-142
4.99357e-142
2.53546e-141
1.30607e-140
6.75315e-140
3.62514e-139
1.96388e-138
1.07981e-137
6.02173e-137
3.4032e-136
1.94836e-135
1.12922e-134
6.62143e-134
3.92637e-133
2.35355e-132
1.42542e-131
8.71909e-131
5.38448e-130
3.35585e-129
2.11009e-128
1.33814e-127
8.55597e-127
5.51433e-126
3.58135e-125
2.34331e-124
1.54433e-123
1.0249e-122
6.84793e-122
4.6023e-121
3.0975e-120
2.1128e-119
1.4478e-118
9.97975e-118
6.91903e-117
4.82427e-116
3.38241e-115
2.38441e-114
1.68985e-113
1.20389e-112
8.62104e-112
6.2048e-111
4.48807e-110
3.26231e-109
2.38285e-108
1.74885e-107
1.28964e-106
9.55509e-106
7.11151e-105
5.30815e-104
3.97121e-103
2.97804e-102
2.23828e-101
1.68595e-100
1.27244e-99
9.62122e-99
7.2871e-98
5.52805e-97
4.19922e-96
3.19381e-95
2.43172e-94
1.85308e-93
1.41305e-92
1.07793e-91
8.22187e-91
6.27042e-90
4.78009e-89
3.64121e-88
2.77052e-87
2.10021e-86
1.57138e-85
1.18538e-84
8.91419e-84
6.66528e-83
4.95144e-82
3.21818e-81
2.43738e-80
1.75798e-79
1.24946e-78
8.68809e-78
5.67525e-77
3.64504e-76
2.25212e-75
1.28705e-74
6.1624e-74
1.14685e-73
3.83305e-74
2.41585e-152
3.31167e-150
2.54286e-149
1.10611e-148
4.30034e-148
1.64031e-147
6.2212e-147
2.38277e-146
9.5274e-146
3.84753e-145
1.59199e-144
6.74819e-144
2.92864e-143
1.30037e-142
5.90271e-142
2.73687e-141
1.29463e-140
6.07012e-140
2.93058e-139
1.47549e-138
7.50571e-138
3.88216e-137
2.04099e-136
1.08955e-135
5.90399e-135
3.24502e-134
1.80808e-133
1.02062e-132
5.83392e-132
3.37552e-131
1.97587e-130
1.16965e-129
6.99943e-129
4.23269e-128
2.58564e-127
1.59505e-126
9.93366e-126
6.24355e-125
3.95944e-124
2.53274e-123
1.63382e-122
1.06257e-121
6.95956e-121
4.56693e-120
3.04549e-119
2.04229e-118
1.37942e-117
9.38296e-117
6.42661e-116
4.43157e-115
3.0762e-114
2.14929e-113
1.51128e-112
1.06934e-111
7.61312e-111
5.45315e-110
3.92943e-109
2.84824e-108
2.07663e-107
1.52283e-106
1.12315e-105
8.32964e-105
6.20062e-104
4.62837e-103
3.46473e-102
2.60077e-101
1.95745e-100
1.47698e-99
1.1171e-98
8.46705e-98
6.43096e-97
4.89378e-96
3.7299e-95
2.84721e-94
2.17589e-93
1.66471e-92
1.27434e-91
9.75779e-91
7.47469e-90
5.72682e-89
4.38718e-88
3.35776e-87
2.56218e-86
1.92287e-85
1.46554e-84
1.11007e-83
8.3705e-83
6.27462e-82
4.23838e-81
3.15033e-80
2.29848e-79
1.65333e-78
1.1641e-77
7.66826e-77
4.96548e-76
3.10387e-75
1.78357e-74
8.63618e-74
1.6245e-73
5.4921e-74
2.07302e-151
3.02673e-149
2.25425e-148
9.1062e-148
3.40298e-147
1.2426e-146
4.4926e-146
1.63847e-145
6.21162e-145
2.3726e-144
9.27499e-144
3.7119e-143
1.52046e-142
6.37204e-142
2.73075e-141
1.19554e-140
5.34102e-140
2.41906e-139
1.08762e-138
5.18676e-138
2.50157e-137
1.22822e-136
6.13814e-136
3.11899e-135
1.611e-134
8.45209e-134
4.50089e-133
2.43205e-132
1.33249e-131
7.40035e-131
4.16392e-130
2.37265e-129
1.36857e-128
7.98751e-128
4.7157e-127
2.81506e-126
1.69868e-125
1.03584e-124
6.38114e-124
3.97017e-123
2.49407e-122
1.58156e-121
1.01109e-120
6.47892e-120
4.22918e-119
2.77855e-118
1.84078e-117
1.22955e-116
8.27908e-116
5.61875e-115
3.8428e-114
2.6482e-113
1.83857e-112
1.28583e-111
9.05744e-111
6.42541e-110
4.59012e-109
3.30168e-108
2.3911e-107
1.7433e-106
1.27948e-105
9.45107e-105
7.01353e-104
5.22115e-103
3.89984e-102
2.92242e-101
2.19653e-100
1.65561e-99
1.25134e-98
9.48235e-98
7.20266e-97
5.48205e-96
4.18079e-95
3.19336e-94
2.4431e-93
1.87178e-92
1.43581e-91
1.10244e-90
8.46598e-90
6.50016e-89
4.99173e-88
3.83245e-87
2.93722e-86
2.20924e-85
1.69009e-84
1.28748e-83
9.76195e-83
7.3627e-82
5.29993e-81
3.75197e-80
2.75506e-79
1.99789e-78
1.41865e-77
9.39553e-77
6.1142e-76
3.85142e-75
2.2328e-74
1.08791e-73
2.05973e-73
6.97381e-74
1.23643e-150
1.72165e-148
1.25225e-147
5.12811e-147
1.86476e-146
6.59625e-146
2.30247e-145
8.09636e-145
2.94784e-144
1.07871e-143
4.03388e-143
1.54242e-142
6.03068e-142
2.41076e-141
9.85012e-141
4.10801e-140
1.74463e-139
7.68216e-139
3.40462e-138
1.54503e-137
7.14386e-137
3.36482e-136
1.61353e-135
7.87295e-135
3.90681e-134
1.9711e-133
1.01025e-132
5.259e-132
2.77845e-131
1.48948e-130
8.09692e-130
4.46226e-129
2.49193e-128
1.40953e-127
8.07345e-127
4.6806e-126
2.74587e-125
1.62952e-124
9.77973e-124
5.93396e-123
3.63925e-122
2.2553e-121
1.4103e-120
8.84271e-120
5.66002e-119
3.64905e-118
2.37466e-117
1.55963e-116
1.03361e-115
6.91098e-115
4.66117e-114
3.1707e-113
2.17493e-112
1.50419e-111
1.04875e-110
7.37047e-110
5.22054e-109
3.72635e-108
2.68019e-107
1.94232e-106
1.41811e-105
1.04295e-104
7.71297e-104
5.72386e-103
4.26406e-102
3.18824e-101
2.39189e-100
1.80015e-99
1.35905e-98
1.02906e-97
7.81289e-97
5.94517e-96
4.53296e-95
3.46225e-94
2.64941e-93
2.03075e-92
1.55866e-91
1.19699e-90
9.20096e-90
7.07797e-89
5.44827e-88
4.19559e-87
3.22382e-86
2.42474e-85
1.86465e-84
1.42569e-83
1.08547e-82
8.22304e-82
5.75804e-81
4.22715e-80
3.12392e-79
2.27845e-78
1.62748e-77
1.08179e-76
7.06161e-76
4.47142e-75
2.6041e-74
1.27433e-73
2.42367e-73
8.24588e-74
5.72329e-150
7.84984e-148
5.62349e-147
2.2895e-146
8.16827e-146
2.8264e-145
9.62611e-145
3.29894e-144
1.16687e-143
4.13984e-143
1.49889e-142
5.54272e-142
2.09384e-141
8.08098e-141
3.18587e-140
1.28256e-139
5.27284e-139
2.18562e-138
9.45214e-138
4.13043e-137
1.83982e-136
8.3546e-136
3.86489e-135
1.81985e-134
8.72201e-134
4.25191e-133
2.10738e-132
1.06143e-131
5.43046e-131
2.82045e-130
1.48683e-129
7.95162e-129
4.31266e-128
2.37121e-127
1.32126e-126
7.45806e-126
4.26373e-125
2.46795e-124
1.44588e-123
8.57173e-123
5.14094e-122
3.11839e-121
1.91016e-120
1.17361e-119
7.37462e-119
4.67056e-118
2.98846e-117
1.9316e-116
1.26094e-115
8.31177e-115
5.53158e-114
3.71606e-113
2.51951e-112
1.72377e-111
1.18989e-110
8.28576e-110
5.81968e-109
4.12251e-108
2.9449e-107
2.12119e-106
1.54055e-105
1.12786e-104
8.31157e-104
6.14838e-103
4.56779e-102
3.40714e-101
2.55111e-100
1.91738e-99
1.44622e-98
1.09433e-97
8.30733e-97
6.32343e-96
4.82524e-95
3.69036e-94
2.82951e-93
2.1746e-92
1.67485e-91
1.29162e-90
9.97079e-90
7.70216e-89
5.95221e-88
4.59647e-87
3.47455e-86
2.63176e-85
2.02509e-84
1.55114e-83
1.18337e-82
8.98563e-82
6.34951e-81
4.64008e-80
3.44295e-79
2.51976e-78
1.80633e-77
1.20301e-76
7.86534e-76
4.99601e-75
2.9175e-74
1.43181e-73
2.72961e-73
9.31057e-74
2.19586e-149
2.97968e-147
2.08123e-146
8.28467e-146
2.91207e-145
9.90728e-145
3.31084e-144
1.11219e-143
3.84569e-143
1.33139e-142
4.69791e-142
1.69108e-141
6.21217e-141
2.32931e-140
8.91529e-140
3.48155e-139
1.38478e-138
5.62055e-138
2.33812e-137
9.90891e-137
4.28066e-136
1.88461e-135
8.45202e-135
3.86125e-134
1.79582e-133
8.49661e-133
4.08954e-132
2.00124e-131
9.95306e-131
5.02792e-130
2.57959e-129
1.34331e-128
7.09926e-128
3.80567e-127
2.06901e-126
1.14037e-125
6.36988e-125
3.60508e-124
2.0667e-123
1.19982e-122
7.05193e-122
4.19515e-121
2.52203e-120
1.52143e-119
9.40189e-119
5.85898e-118
3.6916e-117
2.35145e-116
1.51391e-115
9.84955e-115
6.47453e-114
4.29934e-113
2.88346e-112
1.95287e-111
1.33536e-110
9.21784e-110
6.42234e-109
4.51571e-108
3.20385e-107
2.29342e-106
1.65626e-105
1.20652e-104
8.8543e-104
6.52278e-103
4.82656e-102
3.58709e-101
2.67707e-100
2.0055e-99
1.50814e-98
1.13824e-97
8.62026e-97
6.54765e-96
4.98875e-95
3.81057e-94
2.91892e-93
2.24186e-92
1.72505e-91
1.32944e-90
1.02583e-89
7.92259e-89
6.12164e-88
4.72947e-87
3.64495e-86
2.74512e-85
2.11783e-84
1.62553e-83
1.24284e-82
9.45922e-82
6.50909e-81
4.92436e-80
3.65337e-79
2.68169e-78
1.92836e-77
1.28661e-76
8.42292e-76
5.36441e-75
3.13972e-74
1.54326e-73
2.95011e-73
1.00811e-73
6.76912e-149
9.10727e-147
6.4071e-146
2.5285e-145
8.79726e-145
2.95743e-144
9.75094e-144
3.22915e-143
1.0984e-142
3.73566e-142
1.29359e-141
4.56542e-141
1.64293e-140
6.03039e-140
2.25799e-139
8.62433e-139
3.34637e-138
1.30951e-137
5.33529e-137
2.18658e-136
9.18713e-136
3.93686e-135
1.71882e-134
7.64424e-134
3.46159e-133
1.59552e-132
7.48257e-132
3.56911e-131
1.73132e-130
8.53488e-130
4.27564e-129
2.17529e-128
1.12384e-127
5.89295e-127
3.13577e-126
1.6927e-125
9.26603e-125
5.14288e-124
2.89326e-123
1.64936e-122
9.52569e-122
5.56958e-121
3.28402e-120
1.95114e-119
1.18811e-118
7.29921e-118
4.5373e-117
2.85336e-116
1.81494e-115
1.16743e-114
7.59252e-114
4.99149e-113
3.31652e-112
2.22674e-111
1.51042e-110
1.03491e-109
7.16158e-109
5.00437e-108
3.53061e-107
2.51451e-106
1.80766e-105
1.31156e-104
9.59558e-104
7.04872e-103
5.20286e-102
3.85741e-101
2.87184e-100
2.14698e-99
1.61134e-98
1.2134e-97
9.16889e-97
6.95079e-96
5.28539e-95
4.03028e-94
3.07921e-93
2.35653e-92
1.80736e-91
1.38894e-90
1.06943e-89
8.2496e-89
6.37514e-88
4.92359e-87
3.71492e-86
2.86818e-85
2.20119e-84
1.69078e-83
1.29395e-82
9.85731e-82
6.81852e-81
5.13141e-80
3.8217e-79
2.80979e-78
2.02399e-77
1.35155e-76
8.85276e-76
5.64677e-75
3.30925e-74
1.6291e-73
3.11849e-73
1.0668e-73
1.73357e-148
2.31702e-146
1.62849e-145
6.37828e-145
2.1997e-144
7.31968e-144
2.38582e-143
7.80509e-143
2.61796e-142
8.76907e-142
2.9878e-141
1.0366e-140
3.66404e-140
1.31996e-139
4.84743e-139
1.81358e-138
6.87366e-138
2.64837e-137
1.05689e-136
4.27904e-136
1.75892e-135
7.37002e-135
3.1484e-134
1.37059e-133
6.075e-133
2.74211e-132
1.25973e-131
5.88642e-131
2.79793e-130
1.35184e-129
6.63805e-129
3.31217e-128
1.67869e-127
8.63966e-127
4.51358e-126
2.39307e-125
1.28731e-124
7.02458e-124
3.88729e-123
2.18105e-122
1.24042e-121
7.14179e-121
4.13682e-120
2.4256e-119
1.45707e-118
8.83458e-118
5.42307e-117
3.36979e-116
2.11919e-115
1.34852e-114
8.68102e-114
5.65227e-113
3.72164e-112
2.47745e-111
1.66706e-110
1.13369e-109
7.79043e-109
5.40847e-108
3.79282e-107
2.6865e-106
1.92166e-105
1.38805e-104
1.01199e-103
7.40911e-103
5.45113e-102
4.02935e-101
2.99157e-100
2.23095e-99
1.67075e-98
1.2562e-97
9.47678e-97
7.17095e-96
5.44098e-95
4.14054e-94
3.15713e-93
2.41133e-92
1.84557e-91
1.41381e-90
1.08487e-89
8.33699e-89
6.41517e-88
4.94185e-87
3.81087e-86
2.93681e-85
2.24228e-84
1.72572e-83
1.32186e-82
1.00795e-81
6.99489e-81
5.25985e-80
3.92151e-79
2.8871e-78
2.08272e-77
1.39179e-76
9.12129e-76
5.82541e-75
3.41765e-74
1.68423e-73
3.22796e-73
1.10494e-73
3.85312e-148
5.12571e-146
3.56128e-145
1.38681e-144
4.75144e-144
1.56903e-143
5.07031e-143
1.64356e-142
5.4546e-142
1.80607e-141
6.07836e-141
2.08158e-140
7.25773e-140
2.57741e-139
9.32523e-139
3.43697e-138
1.28383e-137
4.84375e-137
1.8965e-136
7.52063e-136
3.03895e-135
1.2516e-134
5.25251e-134
2.24518e-133
9.77276e-133
4.33186e-132
1.95444e-131
8.97261e-131
4.19041e-130
1.98966e-129
9.60311e-129
4.71078e-128
2.34788e-127
1.18863e-126
6.11002e-126
3.1885e-125
1.68877e-124
9.0761e-124
4.94853e-123
2.73659e-122
1.53459e-121
8.709e-121
4.96065e-120
2.90767e-119
1.72164e-118
1.03264e-117
6.27397e-117
3.86044e-116
2.40516e-115
1.51698e-114
9.68385e-114
6.25548e-113
4.08814e-112
2.70233e-111
1.80641e-110
1.22087e-109
8.34093e-109
5.75931e-108
4.01844e-107
2.83265e-106
2.01726e-105
1.45121e-104
1.05406e-103
7.6935e-103
5.6438e-102
4.15971e-101
3.07946e-100
2.28985e-99
1.70979e-98
1.28166e-97
9.64268e-97
7.28011e-96
5.51454e-95
4.19006e-94
3.19264e-93
2.4393e-92
1.86708e-91
1.43264e-90
1.10081e-89
8.47429e-89
6.52647e-88
5.02686e-87
3.87028e-86
2.98e-85
2.27935e-84
1.75388e-83
1.3437e-82
1.02497e-81
7.12735e-81
5.35737e-80
3.99423e-79
2.94303e-78
2.12491e-77
1.4205e-76
9.3104e-76
5.95082e-75
3.49347e-74
1.72269e-73
3.30371e-73
1.1318e-73
7.42279e-148
9.83518e-146
6.80525e-145
2.63796e-144
8.99014e-144
2.95038e-143
9.46767e-143
3.0461e-142
1.00222e-141
3.28717e-141
1.09517e-140
3.71038e-140
1.27907e-139
4.48855e-139
1.60389e-138
5.83595e-138
2.14811e-137
7.99179e-137
3.10429e-136
1.21177e-135
4.8301e-135
1.96246e-134
8.12474e-134
3.4247e-133
1.47038e-132
6.42429e-132
2.85733e-131
1.29266e-130
5.94976e-130
2.78493e-129
1.32505e-128
6.40874e-128
3.14976e-127
1.57271e-126
7.97598e-126
4.10716e-125
2.14729e-124
1.13949e-123
6.13645e-123
3.35293e-122
1.85838e-121
1.04267e-120
5.87367e-120
3.40736e-119
1.9962e-118
1.18523e-117
7.13148e-117
4.34757e-116
2.68485e-115
1.67924e-114
1.0635e-113
6.81851e-113
4.42468e-112
2.90555e-111
1.93036e-110
1.29722e-109
8.81568e-109
6.05729e-108
4.2074e-107
2.95411e-106
2.09639e-105
1.50342e-104
1.08917e-103
7.9346e-103
5.8098e-102
4.27566e-101
3.16174e-100
2.34935e-99
1.75367e-98
1.31409e-97
9.88232e-97
7.46024e-96
5.64864e-95
4.29151e-94
3.26808e-93
2.49348e-92
1.90547e-91
1.45952e-90
1.12011e-89
8.59888e-89
6.60084e-88
5.0734e-87
3.90403e-86
3.00549e-85
2.30287e-84
1.77128e-83
1.35729e-82
1.03556e-81
7.21009e-81
5.41115e-80
4.04027e-79
2.97853e-78
2.15189e-77
1.43885e-76
9.43125e-76
6.03141e-75
3.5424e-74
1.74761e-73
3.35348e-73
1.14935e-73
1.27207e-147
1.68075e-145
1.15965e-144
4.48079e-144
1.52133e-143
4.97075e-143
1.58718e-142
5.07945e-142
1.66091e-141
5.41085e-141
1.78973e-140
6.01728e-140
2.05766e-139
7.1601e-139
2.53599e-138
9.14268e-138
3.34707e-137
1.2298e-136
4.70619e-136
1.8201e-135
7.1615e-135
2.87171e-134
1.17275e-133
4.87741e-133
2.06725e-132
8.92362e-132
3.92101e-131
1.75262e-130
7.97103e-130
3.6862e-129
1.73321e-128
8.28375e-128
4.02415e-127
1.98644e-126
9.96057e-126
5.07272e-125
2.62357e-124
1.37753e-123
7.34198e-123
3.97141e-122
2.17973e-121
1.21136e-120
6.76008e-120
3.88756e-119
2.25821e-118
1.32989e-117
7.93937e-117
4.80401e-116
2.94564e-115
1.82985e-114
1.15143e-113
7.33746e-113
4.73418e-112
3.09201e-111
2.04379e-110
1.3669e-109
9.24812e-109
6.32836e-108
4.37878e-107
3.06311e-106
2.16604e-105
1.54838e-104
1.11839e-103
8.12719e-103
5.93561e-102
4.35845e-101
3.21682e-100
2.38588e-99
1.77788e-98
1.3307e-97
9.99667e-97
7.53505e-96
5.69648e-95
4.31795e-94
3.28326e-93
2.50347e-92
1.91214e-91
1.46423e-90
1.12382e-89
8.6328e-89
6.64395e-88
5.11472e-87
3.94326e-86
3.03549e-85
2.31899e-84
1.78433e-83
1.36699e-82
1.04295e-81
7.26642e-81
5.45422e-80
4.07038e-79
3.00154e-78
2.16922e-77
1.45049e-76
9.50666e-76
6.08149e-75
3.57265e-74
1.76296e-73
3.38402e-73
1.16008e-73
1.94086e-147
2.55696e-145
1.75833e-144
6.76835e-144
2.28809e-143
7.43922e-143
2.36238e-142
7.51628e-142
2.44137e-141
7.89577e-141
2.59141e-140
8.64073e-140
2.92893e-139
1.00978e-138
3.542e-138
1.26268e-137
4.56281e-137
1.69094e-136
6.40015e-136
2.46054e-135
9.6392e-135
3.84239e-134
1.56067e-133
6.4585e-133
2.71736e-132
1.16351e-131
5.06664e-131
2.24389e-130
1.01099e-129
4.63419e-129
2.15894e-128
1.02245e-127
4.92235e-127
2.40823e-126
1.19699e-125
6.04342e-125
3.09854e-124
1.61312e-123
8.52584e-123
4.57422e-122
2.49055e-121
1.37327e-120
7.60423e-120
4.34141e-119
2.50398e-118
1.46457e-117
8.68603e-117
5.22274e-116
3.18311e-115
1.96606e-114
1.23039e-113
7.8e-113
5.00791e-112
3.2556e-111
2.14249e-110
1.42701e-109
9.61713e-109
6.55649e-108
4.52091e-107
3.15258e-106
2.22306e-105
1.58506e-104
1.14207e-103
8.28372e-103
6.03881e-102
4.42672e-101
3.26204e-100
2.41497e-99
1.79631e-98
1.34143e-97
1.0054e-96
7.56486e-96
5.71372e-95
4.3314e-94
3.29484e-93
2.51225e-92
1.91915e-91
1.46845e-90
1.12632e-89
8.64755e-89
6.65278e-88
5.11923e-87
3.9434e-86
3.02e-85
2.32165e-84
1.78427e-83
1.36713e-82
1.04312e-81
7.26875e-81
5.45705e-80
4.07326e-79
3.00453e-78
2.1721e-77
1.45255e-76
9.52011e-76
6.09187e-75
3.57959e-74
1.76679e-73
3.39232e-73
1.16314e-73
2.80626e-147
3.69257e-145
2.53646e-144
9.75152e-144
3.29159e-143
1.06822e-142
3.38498e-142
1.07451e-141
3.48053e-141
1.12224e-140
3.67127e-140
1.21992e-139
4.12014e-139
1.41508e-138
4.94438e-138
1.75781e-137
6.33001e-137
2.29278e-136
8.64575e-136
3.28824e-135
1.2722e-134
5.01757e-134
2.01574e-133
8.24612e-133
3.4331e-132
1.45495e-131
6.2791e-131
2.75818e-130
1.2327e-129
5.59965e-129
2.58847e-128
1.21657e-127
5.80969e-127
2.82024e-126
1.39098e-125
6.97041e-125
3.5475e-124
1.83353e-123
9.62468e-123
5.1294e-122
2.77489e-121
1.52047e-120
8.36752e-120
4.74994e-119
2.72437e-118
1.58497e-117
9.35239e-117
5.59619e-116
3.39499e-115
2.08782e-114
1.30124e-113
8.21754e-113
5.25693e-112
3.40591e-111
2.23426e-110
1.48369e-109
9.97178e-109
6.78167e-108
4.66593e-107
3.24702e-106
2.28539e-105
1.62673e-104
1.1704e-103
8.48075e-103
6.17787e-102
4.52586e-101
3.33237e-100
2.46532e-99
1.8326e-98
1.36764e-97
1.02433e-96
7.69739e-96
5.80516e-95
4.39298e-94
3.33491e-93
2.53904e-92
1.93823e-91
1.48131e-90
1.13313e-89
8.68534e-89
6.6703e-88
5.13243e-87
3.95339e-86
3.02727e-85
2.32494e-84
1.78725e-83
1.36925e-82
1.04477e-81
7.28168e-81
5.46738e-80
4.08081e-79
3.01075e-78
2.17709e-77
1.45597e-76
9.54224e-76
6.1073e-75
3.58924e-74
1.77183e-73
3.40265e-73
1.16677e-73
3.71213e-147
4.87392e-145
3.34114e-144
1.28159e-143
4.31496e-143
1.39634e-142
4.41094e-142
1.3956e-141
4.50391e-141
1.44646e-140
4.71211e-140
1.55891e-139
5.24088e-139
1.79135e-138
6.22763e-138
2.20279e-137
7.88615e-137
2.84062e-136
1.06618e-135
4.026e-135
1.54871e-134
6.07322e-134
2.42361e-133
9.85414e-133
4.08209e-132
1.72069e-131
7.38333e-131
3.22327e-130
1.43189e-129
6.46788e-129
2.97141e-128
1.38821e-127
6.59215e-127
3.1808e-126
1.55962e-125
7.77013e-125
3.93355e-124
2.0228e-123
1.05624e-122
5.60029e-122
3.01461e-121
1.6438e-120
9.00306e-120
5.08798e-119
2.90552e-118
1.68327e-117
9.89227e-117
5.89624e-116
3.56374e-115
2.1838e-114
1.35643e-113
8.53813e-113
5.44497e-112
3.51734e-111
2.3009e-110
1.52391e-109
1.02165e-108
6.93173e-108
4.75843e-107
3.30447e-106
2.32103e-105
1.64873e-104
1.18414e-103
8.56821e-103
6.23173e-102
4.55846e-101
3.35158e-100
2.47713e-99
1.84e-98
1.3732e-97
1.02886e-96
7.73647e-96
5.83633e-95
4.416e-94
3.3532e-93
2.55495e-92
1.95298e-91
1.49551e-90
1.14678e-89
8.80196e-89
6.76052e-88
5.20355e-87
4.0102e-86
3.07173e-85
2.35272e-84
1.80962e-83
1.38673e-82
1.05827e-81
7.38585e-81
5.53658e-80
4.13667e-79
3.05288e-78
2.20832e-77
1.47715e-76
9.68252e-76
6.19905e-75
3.64416e-74
1.79941e-73
3.45659e-73
1.18548e-73
4.6725e-147
6.12906e-145
4.19143e-144
1.60324e-143
5.38082e-143
1.73507e-142
5.45956e-142
1.72012e-141
5.52502e-141
1.76524e-140
5.71858e-140
1.88054e-139
6.28147e-139
2.13229e-138
7.35876e-138
2.58136e-137
9.20424e-137
3.35021e-136
1.24272e-135
4.69013e-135
1.80062e-134
7.04521e-134
2.80726e-133
1.13888e-132
4.70506e-132
1.97735e-131
8.44688e-131
3.66905e-130
1.62217e-129
7.30015e-129
3.33919e-128
1.55326e-127
7.35016e-127
3.53563e-126
1.72974e-125
8.59473e-125
4.33685e-124
2.22336e-123
1.1589e-122
6.13669e-122
3.29837e-121
1.7956e-120
9.81723e-120
5.53872e-119
3.15734e-118
1.82592e-117
1.07116e-116
6.37339e-116
3.84542e-115
2.35226e-114
1.45858e-113
9.16569e-113
5.83594e-112
3.764e-111
2.45856e-110
1.62592e-109
1.08843e-108
7.37401e-108
5.05487e-107
3.50554e-106
2.45888e-105
1.74436e-104
1.25103e-103
9.03997e-103
6.56685e-102
4.79743e-101
3.52374e-100
2.60065e-99
1.92909e-98
1.43749e-97
1.07595e-96
8.0835e-96
6.09201e-95
4.60723e-94
3.4925e-93
2.65338e-92
2.02255e-91
1.54563e-90
1.18383e-89
9.07399e-89
6.97022e-88
5.3616e-87
4.13181e-86
3.16473e-85
2.4252e-84
1.86697e-83
1.43149e-82
1.09309e-81
7.65495e-81
5.73205e-80
4.27982e-79
3.16016e-78
2.28702e-77
1.53032e-76
1.00337e-75
6.42619e-75
3.77881e-74
1.86638e-73
3.58612e-73
1.23008e-73
6.00561e-147
7.89719e-145
5.42267e-144
2.08374e-143
7.02721e-143
2.27726e-142
7.20247e-142
2.28133e-141
7.36828e-141
2.36789e-140
7.7178e-140
2.55428e-139
8.58956e-139
2.93652e-138
1.02096e-137
3.61031e-137
1.29181e-136
4.64973e-136
1.74454e-135
6.58441e-135
2.51788e-134
9.68793e-134
3.87132e-133
1.53865e-132
6.38202e-132
2.66954e-131
1.13695e-130
4.91177e-130
2.13137e-129
9.63109e-129
4.37697e-128
1.99677e-127
9.44024e-127
4.44851e-126
2.17666e-125
1.07569e-124
5.3877e-124
2.7021e-123
1.38675e-122
7.3257e-122
3.91005e-121
2.11489e-120
1.1495e-119
6.45062e-119
3.65917e-118
2.10664e-117
1.23076e-116
7.2956e-116
4.38695e-115
2.6753e-114
1.65432e-113
1.03699e-112
6.588e-112
4.24068e-111
2.76512e-110
1.82597e-109
1.22088e-108
8.26309e-108
5.66028e-107
3.92312e-106
2.75045e-105
1.94855e-104
1.39824e-103
1.01099e-102
7.34807e-102
5.37243e-101
3.94853e-100
2.90579e-99
2.16091e-98
1.61225e-97
1.19982e-96
9.04573e-96
6.83719e-95
5.18476e-94
3.94239e-93
2.9679e-92
2.27891e-91
1.75084e-90
1.34779e-89
1.0376e-88
7.8231e-88
5.9135e-87
4.5698e-86
3.44161e-85
2.62675e-84
2.01911e-83
1.5444e-82
1.17666e-81
8.05489e-81
6.13963e-80
4.57934e-79
3.37537e-78
2.43878e-77
1.6292e-76
1.06655e-75
6.82121e-75
4.00568e-74
1.97591e-73
3.79227e-73
1.29955e-73
6.05061e-147
7.95448e-145
5.46181e-144
2.09868e-143
7.07708e-143
2.29318e-142
7.25184e-142
2.29657e-141
7.41597e-141
2.38262e-140
7.76354e-140
2.56855e-139
8.63419e-139
2.95047e-138
1.0253e-137
3.62367e-137
1.29554e-136
4.66262e-136
1.75064e-135
6.61131e-135
2.53134e-134
9.74256e-134
3.89394e-133
1.54854e-132
6.42508e-132
2.68814e-131
1.14511e-130
4.94634e-130
2.14632e-129
9.69726e-129
4.40696e-128
2.01046e-127
9.5043e-127
4.47844e-126
2.19113e-125
1.08269e-124
5.42235e-124
2.71925e-123
1.3954e-122
7.37055e-122
3.93363e-121
2.12748e-120
1.15625e-119
6.48813e-119
3.68023e-118
2.11862e-117
1.23768e-116
7.33623e-116
4.41112e-115
2.68988e-114
1.66322e-113
1.04254e-112
6.6229e-112
4.26298e-111
2.77956e-110
1.83547e-109
1.2272e-108
8.30586e-108
5.68952e-107
3.94362e-106
2.76588e-105
1.96272e-104
1.40853e-103
1.01893e-102
7.41242e-102
5.42299e-101
3.97415e-100
2.92629e-99
2.17437e-98
1.61017e-97
1.19805e-96
9.02431e-96
6.81475e-95
5.15662e-94
3.86716e-93
2.95058e-92
2.25394e-91
1.72506e-90
1.32139e-89
9.92426e-89
7.64302e-88
5.88209e-87
4.52868e-86
3.39432e-85
2.60012e-84
1.99892e-83
1.52981e-82
1.1661e-81
7.97881e-81
6.09054e-80
4.54394e-79
3.35048e-78
2.42161e-77
1.61823e-76
1.05967e-75
6.77904e-75
3.98191e-74
1.96465e-73
3.77143e-73
1.29262e-73
4.83535e-147
6.34667e-145
4.34595e-144
1.66484e-143
5.59636e-143
1.80751e-142
5.69703e-142
1.79802e-141
5.78557e-141
1.85194e-140
6.01112e-140
1.98074e-139
6.63008e-139
2.25557e-138
7.80209e-138
2.74444e-137
9.76081e-137
3.49489e-136
1.30507e-135
4.89952e-135
1.87389e-134
7.3024e-134
2.9005e-133
1.17347e-132
4.83757e-132
2.02828e-131
8.6522e-131
3.7551e-130
1.65847e-129
7.45803e-129
3.40909e-128
1.58523e-127
7.49682e-127
3.60447e-126
1.76243e-125
8.7527e-125
4.41485e-124
2.26255e-123
1.17897e-122
6.24138e-122
3.35383e-121
1.82541e-120
9.97837e-120
5.62874e-119
3.20822e-118
1.85511e-117
1.08817e-116
6.47401e-116
3.90589e-115
2.38912e-114
1.48136e-113
9.30813e-113
5.92611e-112
3.82185e-111
2.49616e-110
1.65061e-109
1.10483e-108
7.48403e-108
5.12942e-107
3.55626e-106
2.49392e-105
1.7686e-104
1.26785e-103
9.15899e-103
6.65064e-102
4.85635e-101
3.56506e-100
2.62973e-99
1.94842e-98
1.45012e-97
1.0841e-96
8.13274e-96
6.12272e-95
4.6241e-94
3.50044e-93
2.65857e-92
2.02446e-91
1.5453e-90
1.1822e-89
9.065e-89
6.95978e-88
5.35416e-87
4.12344e-86
3.15675e-85
2.41841e-84
1.86112e-83
1.42659e-82
1.08903e-81
7.62182e-81
5.70544e-80
4.26062e-79
3.14523e-78
2.27573e-77
1.52245e-76
9.98024e-76
6.3908e-75
3.75736e-74
1.8555e-73
3.56469e-73
1.22258e-73
3.74171e-147
4.91447e-145
3.36984e-144
1.29306e-143
4.35512e-143
1.40982e-142
4.455e-142
1.40999e-141
4.55172e-141
1.46224e-140
4.76489e-140
1.5768e-139
5.30242e-139
1.81285e-138
6.3039e-138
2.23037e-137
7.98664e-137
2.87447e-136
1.07812e-135
4.07196e-135
1.56599e-134
6.13549e-134
2.44981e-133
9.96312e-133
4.12413e-132
1.73839e-131
7.46005e-131
3.25584e-130
1.44609e-129
6.53279e-129
3.00173e-128
1.40211e-127
6.65799e-127
3.21346e-126
1.57585e-125
7.85198e-125
3.9747e-124
2.04364e-123
1.06714e-122
5.65803e-122
3.04552e-121
1.66056e-120
9.09428e-120
5.13911e-119
2.93446e-118
1.69985e-117
9.98861e-117
5.95295e-116
3.59758e-115
2.2042e-114
1.36888e-113
8.61479e-113
5.49291e-112
3.54758e-111
2.32025e-110
1.53637e-109
1.02971e-108
6.98413e-108
4.79282e-107
3.32693e-106
2.33562e-105
1.65813e-104
1.19015e-103
8.60759e-103
6.25666e-102
4.5736e-101
3.36016e-100
2.48133e-99
1.84126e-98
1.37268e-97
1.0278e-96
7.72297e-96
5.82186e-95
4.40456e-94
3.34081e-93
2.54235e-92
1.94094e-91
1.48612e-90
1.13941e-89
8.74339e-89
6.71361e-88
5.16607e-87
3.98017e-86
3.04783e-85
2.33371e-84
1.79447e-83
1.37471e-82
1.04878e-81
7.31128e-81
5.48387e-80
4.09569e-79
3.02164e-78
2.185e-77
1.46108e-76
9.57407e-76
6.12757e-75
3.60094e-74
1.77748e-73
3.41332e-73
1.17026e-73
2.75959e-147
3.62621e-145
2.48781e-144
9.5523e-144
3.21995e-143
1.04344e-142
3.30128e-142
1.0462e-141
3.38276e-141
1.08862e-140
3.55395e-140
1.17835e-139
3.97043e-139
1.36026e-138
4.73975e-138
1.68004e-137
6.06391e-137
2.23298e-136
8.38581e-136
3.203e-135
1.24542e-134
4.92788e-134
1.98555e-133
8.14528e-133
3.39967e-132
1.44385e-131
6.24024e-131
2.74312e-130
1.22677e-129
5.57827e-129
2.57885e-128
1.21193e-127
5.78957e-127
2.81089e-126
1.38652e-125
6.94774e-125
3.53642e-124
1.82809e-123
9.59522e-123
5.11328e-122
2.76588e-121
1.51534e-120
8.33801e-120
4.73238e-119
2.71378e-118
1.57847e-117
9.31194e-117
5.57061e-116
3.37858e-115
2.07708e-114
1.2941e-113
8.16938e-113
5.22424e-112
3.38352e-111
2.21876e-110
1.47277e-109
9.89378e-109
6.7252e-108
4.62475e-107
3.21686e-106
2.26276e-105
1.60942e-104
1.15721e-103
8.37947e-103
6.09983e-102
4.46392e-101
3.28421e-100
2.42847e-99
1.80352e-98
1.34539e-97
1.00734e-96
7.57241e-96
5.71386e-95
4.32657e-94
3.28398e-93
2.49791e-92
1.90539e-91
1.45737e-90
1.11727e-89
8.57122e-89
6.57879e-88
5.05933e-87
3.89506e-86
2.98101e-85
2.28813e-84
1.75796e-83
1.34605e-82
1.02646e-81
7.13804e-81
5.36093e-80
4.00197e-79
2.95064e-78
2.13224e-77
1.42504e-76
9.33324e-76
5.96951e-75
3.50585e-74
1.72947e-73
3.31897e-73
1.13727e-73
1.99914e-147
2.63332e-145
1.81215e-144
6.98252e-144
2.36309e-143
7.69206e-143
2.44567e-142
7.79127e-142
2.53416e-141
8.20793e-141
2.69807e-140
9.0114e-140
3.06001e-139
1.05697e-138
3.71517e-138
1.32905e-137
4.8113e-137
1.752e-136
6.66075e-136
2.54963e-135
9.93976e-135
3.94705e-134
1.59653e-133
6.57958e-133
2.76135e-132
1.17995e-131
5.12999e-131
2.26995e-130
1.02181e-129
4.67839e-129
2.17765e-128
1.03062e-127
4.95682e-127
2.42291e-126
1.20329e-125
6.06988e-125
3.10996e-124
1.61803e-123
8.54631e-123
4.58243e-122
2.49362e-121
1.37422e-120
7.60544e-120
4.33984e-119
2.50178e-118
1.46252e-117
8.66958e-117
5.21022e-116
3.1739e-115
1.95939e-114
1.2256e-113
7.76576e-113
4.98342e-112
3.23804e-111
2.12986e-110
1.41782e-109
9.55005e-109
6.50749e-108
4.4848e-107
3.12545e-106
2.20224e-105
1.56899e-104
1.12978e-103
8.19112e-103
5.97041e-102
4.37487e-101
3.22281e-100
2.38522e-99
1.77302e-98
1.32395e-97
9.9284e-97
7.47103e-96
5.63934e-95
4.26879e-94
3.24224e-93
2.47024e-92
1.88587e-91
1.44368e-90
1.10638e-89
8.48644e-89
6.5225e-88
5.01432e-87
3.85907e-86
2.95283e-85
2.26818e-84
1.74159e-83
1.3332e-82
1.01627e-81
7.05765e-81
5.30857e-80
3.95688e-79
2.91581e-78
2.10584e-77
1.40682e-76
9.21091e-76
5.88791e-75
3.4561e-74
1.70403e-73
3.26833e-73
1.11941e-73
1.29906e-147
1.71467e-145
1.1826e-144
4.56839e-144
1.5507e-143
5.06532e-143
1.61687e-142
5.17269e-142
1.69073e-141
5.5056e-141
1.82018e-140
6.11642e-140
2.09034e-139
7.26911e-139
2.57279e-138
9.26837e-138
3.3872e-137
1.2438e-136
4.76488e-136
1.83941e-135
7.23744e-135
2.90164e-134
1.18501e-133
4.9312e-133
2.08889e-132
9.01155e-132
3.95573e-131
1.7668e-130
8.02714e-130
3.70992e-129
1.74355e-128
8.32906e-128
4.04378e-127
1.99513e-126
1.00004e-125
5.0909e-125
2.63192e-124
1.38148e-123
7.36089e-123
3.98044e-122
2.18406e-121
1.21343e-120
6.76977e-120
3.89211e-119
2.26028e-118
1.33078e-117
7.94291e-117
4.80507e-116
2.94566e-115
1.82948e-114
1.15093e-113
7.33262e-113
4.72996e-112
3.0885e-111
2.04094e-110
1.36457e-109
9.22899e-109
6.31283e-108
4.36646e-107
3.05348e-106
2.15842e-105
1.54229e-104
1.11348e-103
8.08754e-103
5.90486e-102
4.33428e-101
3.19764e-100
2.37049e-99
1.76542e-98
1.3205e-97
9.91212e-97
7.46389e-96
5.63598e-95
4.26618e-94
3.2388e-93
2.46548e-92
1.88147e-91
1.43916e-90
1.10305e-89
8.45895e-89
6.49702e-88
4.98901e-87
3.83597e-86
2.95044e-85
2.25196e-84
1.73109e-83
1.32475e-82
1.0096e-81
7.00464e-81
5.26654e-80
3.92655e-79
2.89205e-78
2.08755e-77
1.39417e-76
9.12623e-76
5.83078e-75
3.421e-74
1.68594e-73
3.23199e-73
1.10654e-73
7.51505e-148
9.94457e-146
6.87738e-145
2.66505e-144
9.07971e-144
2.97884e-143
9.55586e-143
3.07344e-142
1.01085e-141
3.31429e-141
1.10379e-140
3.7382e-140
1.28817e-139
4.51877e-139
1.61406e-138
5.87073e-138
2.16206e-137
8.05978e-137
3.12362e-136
1.22076e-135
4.86487e-135
1.97482e-134
8.1663e-134
3.43911e-133
1.47463e-132
6.43628e-132
2.85987e-131
1.29307e-130
5.94767e-130
2.7823e-129
1.32306e-128
6.39446e-128
3.14081e-127
1.56729e-126
7.94378e-126
4.08861e-125
2.1365e-124
1.13314e-123
6.09891e-123
3.33058e-122
1.84503e-121
1.03465e-120
5.82544e-120
3.37769e-119
1.97782e-118
1.17374e-117
7.05873e-117
4.301e-116
2.65476e-115
1.65953e-114
1.05047e-113
6.7316e-113
4.36603e-112
2.86549e-111
1.90263e-110
1.2778e-109
8.67811e-109
5.95898e-108
4.1365e-107
2.90214e-106
2.05765e-105
1.47417e-104
1.06664e-103
7.7598e-103
5.67463e-102
4.17146e-101
3.08171e-100
2.28668e-99
1.70436e-98
1.27574e-97
9.5872e-97
7.22806e-96
5.46534e-95
4.1436e-94
3.15142e-93
2.40369e-92
1.83665e-91
1.40701e-90
1.08032e-89
8.30102e-89
6.38199e-88
4.91466e-87
3.78321e-86
2.90769e-85
2.22488e-84
1.70894e-83
1.30767e-82
9.96276e-82
6.90091e-81
5.19128e-80
3.86944e-79
2.84816e-78
2.05441e-77
1.37146e-76
8.97488e-76
5.73e-75
3.35968e-74
1.65463e-73
3.16957e-73
1.0844e-73
3.89912e-148
5.17865e-146
3.59591e-145
1.39977e-144
4.79411e-144
1.58251e-143
5.11173e-143
1.65624e-142
5.49403e-142
1.81817e-141
6.11572e-141
2.09315e-140
7.29349e-140
2.58845e-139
9.35928e-139
3.44694e-138
1.28655e-137
4.85567e-137
1.90688e-136
7.55612e-136
3.05184e-135
1.2562e-134
5.26817e-134
2.25148e-133
9.79619e-133
4.33899e-132
1.95644e-131
8.97611e-131
4.18806e-130
1.98685e-129
9.58312e-129
4.69666e-128
2.33854e-127
1.1828e-126
6.07492e-126
3.16731e-125
1.67615e-124
9.00077e-124
4.9034e-123
2.70928e-122
1.51798e-121
8.60708e-121
4.89824e-120
2.86854e-119
1.69695e-118
1.01692e-117
6.17286e-117
3.79476e-116
2.36209e-115
1.48845e-114
9.49317e-114
6.12681e-113
4.00048e-112
2.64219e-111
1.76478e-110
1.19179e-109
8.13588e-109
5.61348e-108
3.91408e-107
2.75762e-106
1.96276e-105
1.41121e-104
1.02438e-103
7.47156e-103
5.47761e-102
4.03603e-101
2.98732e-100
2.22118e-99
1.65863e-98
1.24314e-97
9.35292e-97
7.058e-96
5.3412e-95
4.05447e-94
3.08695e-93
2.35686e-92
1.80431e-91
1.38476e-90
1.06405e-89
8.18215e-89
6.2936e-88
4.84111e-87
3.72803e-86
2.86619e-85
2.18848e-84
1.68061e-83
1.28505e-82
9.78277e-82
6.75812e-81
5.08937e-80
3.78865e-79
2.78556e-78
2.00684e-77
1.33862e-76
8.75425e-76
5.58272e-75
3.26986e-74
1.60869e-73
3.07808e-73
1.052e-73
1.77411e-148
2.36762e-146
1.66189e-145
6.50981e-145
2.24541e-144
7.47295e-144
2.43613e-143
7.97077e-143
2.67388e-142
8.95764e-142
3.05248e-141
1.0592e-140
3.74452e-140
1.34918e-139
4.95563e-139
1.85441e-138
7.02933e-138
2.68744e-137
1.07205e-136
4.32222e-136
1.77611e-135
7.44422e-135
3.17853e-134
1.3831e-133
6.12961e-133
2.76473e-132
1.26937e-131
5.92765e-131
2.81494e-130
1.35894e-129
6.66848e-129
3.32483e-128
1.68361e-127
8.65771e-127
4.51954e-126
2.39423e-125
1.28686e-124
7.01613e-124
3.87924e-123
2.1746e-122
1.23563e-121
7.10742e-121
4.1114e-120
2.4084e-119
1.4452e-118
8.75314e-118
5.36721e-117
3.33135e-116
2.09263e-115
1.33007e-114
8.55229e-114
5.56203e-113
3.65785e-112
2.43207e-111
1.63454e-110
1.11022e-109
7.61956e-109
5.2831e-108
3.70029e-107
2.61766e-106
1.87007e-105
1.34923e-104
9.82557e-104
7.18559e-103
5.28207e-102
3.90135e-101
2.89455e-100
2.15669e-99
1.61327e-98
1.2112e-97
9.12368e-97
6.89402e-96
5.22654e-95
3.97253e-94
3.02811e-93
2.31261e-92
1.76855e-91
1.35412e-90
1.03881e-89
7.98212e-89
6.13356e-88
4.71152e-87
3.62324e-86
2.78494e-85
2.13671e-84
1.6373e-83
1.25193e-82
9.52727e-82
6.56136e-81
4.95459e-80
3.68328e-79
2.70587e-78
1.94763e-77
1.2986e-76
8.4909e-76
5.41025e-75
3.1666e-74
1.55679e-73
2.97636e-73
1.01661e-73
6.89696e-149
9.26057e-147
6.52028e-146
2.57253e-145
8.9486e-145
3.0076e-144
9.91372e-144
3.28201e-143
1.11598e-142
3.79399e-142
1.31322e-141
4.6325e-141
1.66621e-140
6.11242e-140
2.28732e-139
8.73064e-139
3.38533e-138
1.33035e-137
5.41834e-137
2.23016e-136
9.36506e-136
4.00862e-135
1.74869e-134
7.77088e-134
3.51773e-133
1.62061e-132
7.59869e-132
3.62421e-131
1.75765e-130
8.66414e-130
4.33946e-129
2.20719e-128
1.13995e-127
5.97583e-127
3.17868e-126
1.71503e-125
9.38361e-125
5.20532e-124
2.92668e-123
1.66744e-122
9.62417e-122
5.62399e-121
3.31636e-120
1.96874e-119
1.19805e-118
7.35548e-118
4.56915e-117
2.87132e-116
1.82502e-115
1.17302e-114
7.62289e-114
5.00738e-113
3.32436e-112
2.23011e-111
1.51138e-110
1.03463e-109
7.15284e-109
4.99314e-108
3.51895e-107
2.50359e-106
1.79795e-105
1.30311e-104
9.52408e-104
6.98761e-103
5.15023e-102
3.81317e-101
2.83532e-100
2.11673e-99
1.58584e-98
1.1923e-97
8.99064e-97
6.80035e-96
5.15837e-95
3.9232e-94
2.99113e-93
2.2856e-92
1.74994e-91
1.34127e-90
1.02989e-89
7.9211e-89
6.10162e-88
4.69702e-87
3.5376e-86
2.72699e-85
2.08888e-84
1.60088e-83
1.22244e-82
9.29178e-82
6.37453e-81
4.81282e-80
3.5782e-79
2.62482e-78
1.88642e-77
1.25679e-76
8.21345e-76
5.2269e-75
3.05608e-74
1.50095e-73
2.86648e-73
9.78371e-74
2.25084e-149
3.04738e-147
2.13644e-146
8.50524e-146
2.99009e-145
1.01744e-144
3.40064e-144
1.14251e-143
3.951e-143
1.36802e-142
4.82773e-142
1.73801e-141
6.38528e-141
2.3945e-140
9.16592e-140
3.57945e-139
1.42382e-138
5.74741e-138
2.38817e-137
1.01733e-136
4.39499e-136
1.93531e-135
8.67929e-135
3.96488e-134
1.84377e-133
8.72436e-133
4.19878e-132
2.05443e-131
1.02155e-130
5.1601e-130
2.6468e-129
1.37813e-128
7.28057e-128
3.90191e-127
2.12041e-126
1.1682e-125
6.52261e-125
3.6899e-124
2.11428e-123
1.22681e-122
7.20667e-122
4.28474e-121
2.57433e-120
1.55195e-119
9.58401e-119
5.96833e-118
3.75786e-117
2.39193e-116
1.53881e-115
1.00041e-114
6.57109e-114
4.35995e-113
2.92166e-112
1.97702e-111
1.35068e-110
9.31493e-110
6.48369e-109
4.55424e-108
3.22788e-107
2.30823e-106
1.66511e-105
1.21164e-104
8.88137e-104
6.53442e-103
4.82928e-102
3.58444e-101
2.67134e-100
1.99817e-99
1.50015e-98
1.13016e-97
8.53955e-97
6.47223e-96
4.91749e-95
3.74598e-94
2.85874e-93
2.18477e-92
1.6716e-91
1.28102e-90
9.83146e-90
7.55533e-89
5.81287e-88
4.47538e-87
3.43733e-86
2.58282e-85
1.98768e-84
1.52211e-83
1.16111e-82
8.81611e-82
6.22212e-81
4.55651e-80
3.38022e-79
2.47504e-78
1.77531e-77
1.18154e-76
7.71596e-76
4.90172e-75
2.86161e-74
1.40289e-73
2.67316e-73
9.11149e-74
5.89871e-150
8.06823e-148
5.77641e-147
2.34946e-146
8.38176e-146
2.90006e-145
9.87588e-145
3.3841e-144
1.1968e-143
4.24523e-143
1.53673e-142
5.68131e-142
2.14564e-141
8.27842e-141
3.26249e-140
1.31294e-139
5.39584e-139
2.26036e-138
9.76245e-138
4.23495e-137
1.88638e-136
8.5656e-136
3.96219e-135
1.86539e-134
8.93823e-134
4.35608e-133
2.15828e-132
1.08664e-131
5.55597e-131
2.8844e-130
1.5197e-129
8.1218e-129
4.40156e-128
2.41825e-127
1.34637e-126
7.59381e-126
4.33762e-125
2.50839e-124
1.46819e-123
8.69545e-123
5.20982e-122
3.15682e-121
1.93158e-120
1.18541e-119
7.44006e-119
4.70628e-118
3.00755e-117
1.94143e-116
1.26567e-115
8.33168e-115
5.53705e-114
3.71437e-113
2.51466e-112
1.71785e-111
1.18395e-110
8.23126e-110
5.77198e-109
4.08185e-108
2.91084e-107
2.09301e-106
1.51736e-105
1.10889e-104
8.15663e-104
6.02227e-103
4.46536e-102
3.32407e-101
2.48375e-100
1.8624e-99
1.40114e-98
1.05764e-97
8.00818e-97
6.07975e-96
4.62709e-95
3.53087e-94
2.70093e-93
2.06971e-92
1.58839e-91
1.22047e-90
9.38718e-90
7.23197e-89
5.58011e-88
4.30231e-87
3.24344e-86
2.45087e-85
1.88055e-84
1.43664e-83
1.09312e-82
8.27812e-82
5.79882e-81
4.25557e-80
3.1462e-79
2.29626e-78
1.64158e-77
1.09029e-76
7.1084e-76
4.50277e-75
2.62215e-74
1.28335e-73
2.44079e-73
8.30186e-74
1.26985e-150
1.76251e-148
1.28105e-147
5.26179e-147
1.91367e-146
6.77055e-146
2.3638e-145
8.31381e-145
3.02773e-144
1.10825e-143
4.14558e-143
1.58567e-142
6.20202e-142
2.48025e-141
1.01384e-140
4.23016e-140
1.79711e-139
7.83227e-139
3.47626e-138
1.57715e-137
7.29444e-137
3.43571e-136
1.64735e-135
8.03618e-135
3.98644e-134
2.01036e-133
1.03001e-132
5.35889e-132
2.82989e-131
1.51588e-130
8.23484e-130
4.53447e-129
2.52996e-128
1.42963e-127
8.17988e-127
4.73692e-126
2.77568e-125
1.6452e-124
9.86095e-124
5.97522e-123
3.65939e-122
2.26444e-121
1.41386e-120
8.85108e-120
5.6562e-119
3.64051e-118
2.36505e-117
1.5506e-116
1.0258e-115
6.84624e-115
4.60897e-114
3.12925e-113
2.14242e-112
1.47885e-111
1.02908e-110
7.21802e-110
5.1025e-109
3.63488e-108
2.60913e-107
1.88699e-106
1.37497e-105
1.00917e-104
7.44802e-104
5.51567e-103
4.10004e-102
3.05898e-101
2.28999e-100
1.71979e-99
1.29541e-98
9.78429e-98
7.4086e-97
5.62249e-96
4.27691e-95
3.26015e-94
2.4889e-93
1.90332e-92
1.45762e-91
1.11709e-90
8.57071e-90
6.58201e-89
5.05784e-88
3.87717e-87
2.91649e-86
2.23812e-85
1.7086e-84
1.30251e-83
9.88823e-83
7.46915e-82
5.38981e-81
3.81678e-80
2.81265e-79
2.04541e-78
1.45672e-77
9.65448e-77
6.28391e-76
3.96737e-75
2.30381e-74
1.1241e-73
2.13175e-73
7.23143e-74
2.07983e-151
3.01851e-149
2.24414e-148
9.12271e-148
3.40602e-147
1.24263e-146
4.48878e-146
1.63564e-145
6.19528e-145
2.36419e-144
9.23341e-144
3.69167e-143
1.51064e-142
6.32418e-142
2.70715e-141
1.18376e-140
5.28226e-140
2.4295e-139
1.10711e-138
5.27978e-138
2.54576e-137
1.24997e-136
6.24421e-136
3.17189e-135
1.63733e-134
8.58534e-134
4.56975e-133
2.46771e-132
1.35131e-131
7.49984e-131
4.21684e-130
2.40088e-129
1.38365e-128
8.06792e-128
4.75813e-127
2.83737e-126
1.71021e-125
1.04161e-124
6.40856e-124
3.98193e-123
2.49798e-122
1.58175e-121
1.00969e-120
6.45984e-120
4.20994e-119
2.76133e-118
1.82627e-117
1.21773e-116
8.18489e-116
5.54473e-115
3.78516e-114
2.60354e-113
1.80409e-112
1.25924e-111
8.85255e-111
6.26738e-110
4.468e-109
3.20703e-108
2.3175e-107
1.68593e-106
1.23464e-105
9.09911e-105
6.7362e-104
5.00235e-103
3.72715e-102
2.78563e-101
2.0882e-100
1.56983e-99
1.18328e-98
8.94132e-98
6.77211e-97
5.14017e-96
3.90919e-95
2.97829e-94
2.27257e-93
1.73583e-92
1.3274e-91
1.01603e-90
7.78304e-90
5.96543e-89
4.57365e-88
3.50379e-87
2.67912e-86
2.0083e-85
1.53216e-84
1.16373e-83
8.79723e-83
6.61519e-82
4.50952e-81
3.34634e-80
2.45317e-79
1.77368e-78
1.25569e-77
8.29173e-77
5.38009e-76
3.37913e-75
1.9533e-74
9.48966e-74
1.79148e-73
6.04791e-74
2.45729e-152
3.39678e-150
2.60275e-149
1.13121e-148
4.39549e-148
1.67592e-147
6.35452e-147
2.43354e-146
9.7306e-146
3.93029e-145
1.62676e-144
6.8988e-144
2.99578e-143
1.33113e-142
6.04726e-142
2.80631e-141
1.3287e-140
6.26762e-140
2.97013e-139
1.49502e-138
7.60477e-138
3.93425e-137
2.06844e-136
1.10417e-135
5.98252e-135
3.28702e-134
1.83081e-133
1.03297e-132
5.90181e-132
3.41276e-131
1.99645e-130
1.18102e-129
7.06176e-129
4.26655e-128
2.60384e-127
1.60457e-126
9.98134e-126
6.26583e-125
3.96834e-124
2.53496e-123
1.63289e-122
1.06037e-121
6.93421e-121
4.54286e-120
3.02434e-119
2.02459e-118
1.36503e-117
9.26815e-117
6.33614e-116
4.36091e-115
3.0213e-114
2.10679e-113
1.47845e-112
1.044e-111
7.41764e-111
5.30223e-110
3.81279e-109
2.75796e-108
2.00661e-107
1.46839e-106
1.08071e-105
7.99795e-105
5.94088e-104
4.42517e-103
3.30573e-102
2.47647e-101
1.86025e-100
1.40086e-99
1.05738e-98
7.99846e-98
6.06241e-97
4.60328e-96
3.50148e-95
2.66702e-94
2.03369e-93
1.5521e-92
1.18568e-91
9.06381e-91
6.9287e-90
5.29478e-89
4.0454e-88
3.08723e-87
2.35069e-86
1.76137e-85
1.32883e-84
1.00536e-83
7.5579e-83
5.64914e-82
3.76075e-81
2.8215e-80
2.05161e-79
1.47158e-78
1.03324e-77
6.78749e-77
4.38341e-76
2.73276e-75
1.56637e-74
7.55605e-74
1.41776e-73
4.78104e-74
1.50153e-153
2.32344e-151
1.87379e-150
8.59189e-150
3.53976e-149
1.43946e-148
5.85177e-148
2.40368e-147
1.03518e-146
4.51252e-146
2.01609e-145
9.22537e-145
4.31907e-144
2.06664e-143
1.00958e-142
5.02996e-142
2.55367e-141
1.31541e-140
6.79882e-140
3.65088e-139
1.97904e-138
1.08864e-137
6.07315e-137
3.43364e-136
1.96597e-135
1.13949e-134
6.68117e-134
3.96141e-133
2.37382e-132
1.43708e-131
8.78605e-131
5.42235e-130
3.37705e-129
2.12171e-128
1.34431e-127
8.58718e-127
5.52861e-126
3.5866e-125
2.34394e-124
1.54279e-123
1.02251e-122
6.82231e-122
4.57833e-121
3.07663e-120
2.09524e-119
1.43341e-118
9.86391e-118
6.82693e-117
4.75168e-116
3.32555e-115
2.34005e-114
1.65535e-113
1.17711e-112
8.4133e-112
6.04374e-111
4.36318e-110
3.1654e-109
2.30757e-108
1.69027e-107
1.24401e-106
9.19883e-106
6.83287e-105
5.08993e-104
3.8003e-103
2.84421e-102
2.13344e-101
1.6037e-100
1.20796e-99
9.11617e-99
6.89152e-98
5.2183e-97
3.95714e-96
3.00439e-95
2.28362e-94
1.73737e-93
1.32246e-92
1.00685e-91
7.66506e-91
5.83442e-90
4.43746e-89
3.37249e-88
2.56029e-87
1.93809e-86
1.44534e-85
1.08809e-84
8.16521e-84
6.09213e-83
4.51608e-82
3.10591e-81
2.2119e-80
1.59342e-79
1.13024e-78
7.84348e-78
5.11363e-77
3.2782e-76
2.02175e-75
1.15306e-74
5.51645e-74
1.02489e-73
3.42008e-74
4.25911e-155
7.60736e-153
7.00836e-152
3.68108e-151
1.67347e-150
7.54741e-150
3.42065e-149
1.56283e-148
7.49724e-148
3.64026e-147
1.80708e-146
9.1609e-146
4.73641e-145
2.49446e-144
1.33647e-143
7.27191e-143
4.02386e-142
2.29609e-141
1.28848e-140
7.46311e-140
4.35519e-139
2.57135e-138
1.53532e-137
9.26516e-137
5.64754e-136
3.47584e-135
2.15881e-134
1.35263e-133
8.54626e-133
5.4431e-132
3.49338e-131
2.25854e-130
1.47055e-129
9.6399e-129
6.36069e-128
4.22345e-127
2.82137e-126
1.89581e-125
1.2811e-124
8.70451e-124
5.94571e-123
4.08209e-122
2.81498e-121
1.94289e-120
1.35488e-119
9.48095e-119
6.66395e-118
4.70442e-117
3.33528e-116
2.3745e-115
1.69742e-114
1.2183e-113
8.77869e-113
6.35026e-112
4.61118e-111
3.36101e-110
2.45891e-109
1.80556e-108
1.33063e-107
9.84169e-107
7.30517e-106
5.44083e-105
4.06051e-104
3.03562e-103
2.27341e-102
1.70547e-101
1.28142e-100
9.64223e-100
7.26554e-99
5.48164e-98
4.14045e-97
3.13035e-96
2.36866e-95
1.79352e-94
1.35868e-93
1.02955e-92
7.80175e-92
5.90962e-91
4.47304e-90
3.38177e-89
2.55271e-88
1.92352e-87
1.44255e-86
1.06886e-85
8.00104e-85
5.94548e-84
4.39193e-83
3.22085e-82
2.12555e-81
1.54069e-80
1.09324e-79
7.6355e-79
5.21207e-78
3.36002e-77
2.12753e-76
1.29031e-75
7.18658e-75
3.38762e-74
6.20176e-74
2.04338e-74
1.22321e-156
1.97874e-154
1.5579e-153
6.9798e-153
3.79331e-152
2.05508e-151
1.10983e-150
6.0061e-150
3.37987e-149
1.91373e-148
1.09871e-147
6.39098e-147
3.76335e-146
2.24176e-145
1.34991e-144
8.21152e-144
5.03864e-143
2.97482e-142
1.83487e-141
1.15908e-140
7.35527e-140
4.70298e-139
3.02897e-138
1.96433e-137
1.28233e-136
8.4241e-136
5.56758e-135
3.70099e-134
2.47386e-133
1.66241e-132
1.12284e-131
7.62125e-131
5.19738e-130
3.56054e-129
2.44988e-128
1.69281e-127
1.17447e-126
8.18056e-126
5.71975e-125
4.01392e-124
2.82687e-123
1.99773e-122
1.41597e-121
1.00408e-120
7.17084e-120
5.13301e-119
3.68529e-118
2.65366e-117
1.91631e-116
1.38773e-115
1.00773e-114
7.33755e-114
5.35689e-113
3.92109e-112
2.87751e-111
2.11701e-110
1.5614e-109
1.15444e-108
8.5563e-108
6.35683e-107
4.73396e-106
3.53332e-105
2.64046e-104
1.97541e-103
1.47952e-102
1.1093e-101
8.32548e-101
6.25417e-100
4.70204e-99
3.53773e-98
2.66341e-97
2.00617e-96
1.51163e-95
1.13924e-94
8.58611e-94
6.46955e-93
4.87275e-92
3.66722e-91
2.75689e-90
2.06946e-89
1.55046e-88
1.15883e-87
8.64652e-87
6.37535e-86
4.7073e-85
3.45563e-84
2.52054e-83
1.82314e-82
1.25169e-81
8.44212e-81
5.89244e-80
4.03504e-79
2.69677e-78
1.71284e-77
1.05774e-76
6.2512e-76
3.42145e-75
1.573e-74
2.8038e-74
9.01376e-75
2.72774e-160
5.19153e-159
8.04662e-157
1.31203e-155
1.29179e-154
1.07753e-153
8.63048e-153
6.54154e-152
4.8013e-151
3.45791e-150
2.4578e-149
1.73132e-148
1.21227e-147
8.45538e-147
5.88377e-146
4.08783e-145
2.82958e-144
1.96542e-143
1.35773e-142
9.47514e-142
6.61152e-141
4.6218e-140
3.23735e-139
2.27237e-138
1.59847e-137
1.12692e-136
7.96259e-136
5.63889e-135
4.00232e-134
2.84709e-133
2.02982e-132
1.45033e-131
1.03852e-130
7.45237e-130
5.35899e-129
3.8616e-128
2.78824e-127
2.01721e-126
1.46222e-125
1.06193e-124
7.72644e-124
5.63177e-123
4.11137e-122
3.00211e-121
2.20045e-120
1.61484e-119
1.18697e-118
8.73822e-118
6.44273e-117
4.75732e-116
3.51791e-115
2.60509e-114
1.9318e-113
1.43445e-112
1.06654e-111
7.94014e-111
5.91864e-110
4.41718e-109
3.30054e-108
2.46903e-107
1.84908e-106
1.38621e-105
1.03959e-104
7.79977e-104
5.8542e-103
4.39539e-102
3.30098e-101
2.47957e-100
1.86277e-99
1.39944e-98
1.05128e-97
7.89564e-97
5.92802e-96
4.44849e-95
3.33585e-94
2.49923e-93
1.87027e-92
1.39751e-91
1.04233e-90
7.75682e-90
5.75722e-89
4.25953e-88
3.13957e-87
2.30294e-86
1.67461e-85
1.21456e-84
8.73132e-84
6.21587e-83
4.1039e-82
2.77405e-81
1.89184e-80
1.2622e-79
8.20019e-79
5.15511e-78
3.10266e-77
1.73684e-76
9.38273e-76
4.08084e-75
6.87132e-75
2.06779e-75
1.59123e-161
3.83367e-159
6.81663e-158
6.77591e-157
5.74159e-156
4.55755e-155
3.50617e-154
2.63602e-153
1.9513e-152
1.42894e-151
1.03834e-150
7.50352e-150
5.40123e-149
3.87755e-148
2.77886e-147
1.98944e-146
1.4237e-145
1.01842e-144
7.29691e-144
5.23479e-143
3.7585e-142
2.70148e-141
1.94415e-140
1.40104e-139
1.01112e-138
7.3085e-138
5.29112e-137
3.83691e-136
2.78707e-135
2.02794e-134
1.47813e-133
1.07926e-132
7.89389e-132
5.78379e-131
4.24508e-130
3.12109e-129
2.29863e-128
1.69576e-127
1.2531e-126
9.27513e-126
6.87636e-125
5.10609e-124
3.79742e-123
2.82838e-122
2.11037e-121
1.57688e-120
1.17994e-119
8.84148e-119
6.63401e-118
4.98421e-117
3.74943e-116
2.82398e-115
2.12945e-114
1.60748e-113
1.21463e-112
9.18626e-112
6.95345e-111
5.2674e-110
3.99293e-109
3.02867e-108
2.29846e-107
1.74503e-106
1.32532e-105
1.00687e-104
7.65133e-104
5.81551e-103
4.42077e-102
3.36073e-101
2.5548e-100
1.94189e-99
1.47565e-98
1.12093e-97
8.51035e-97
6.45669e-96
4.8942e-95
3.70566e-94
2.80187e-93
2.11494e-92
1.5932e-91
1.19725e-90
8.9711e-90
6.69906e-89
4.98171e-88
3.68419e-87
2.71186e-86
1.98268e-85
1.4378e-84
1.03266e-83
7.3311e-83
4.69413e-82
3.23139e-81
2.17771e-80
1.42974e-79
9.08179e-79
5.52651e-78
3.17646e-77
1.67744e-76
7.33427e-76
1.30356e-75
3.81085e-76
)
;

boundaryField
{
    fuel
    {
        type            calculated;
        value           uniform 0;
    }
    air
    {
        type            calculated;
        value           uniform 0;
    }
    outlet
    {
        type            calculated;
        value           uniform 0;
    }
    frontAndBack
    {
        type            empty;
    }
}


// ************************************************************************* //
