/*--------------------------------*- C++ -*----------------------------------*\
| =========                 |                                                 |
| \\      /  F ield         | OpenFOAM: The Open Source CFD Toolbox           |
|  \\    /   O peration     | Version:  2406                                  |
|   \\  /    A nd           | Website:  www.openfoam.com                      |
|    \\/     M anipulation  |                                                 |
\*---------------------------------------------------------------------------*/
FoamFile
{
    version     2.0;
    format      ascii;
    arch        "LSB;label=32;scalar=64";
    class       volScalarField;
    location    "6.4416e-05";
    object      T;
}
// * * * * * * * * * * * * * * * * * * * * * * * * * * * * * * * * * * * * * //

dimensions      [0 0 0 1 0 0 0];

internalField   nonuniform List<scalar> 
4000
(
954.129
1282.19
1424.63
1496.88
1537.31
1562.61
1580.78
1595.31
1607.73
1618.73
1628.64
1637.69
1646.01
1653.7
1660.85
1667.52
1673.76
1679.63
1685.16
1690.37
1695.31
1699.98
1704.41
1708.62
1712.63
1716.44
1720.07
1723.53
1726.84
1729.99
1732.99
1735.86
1738.61
1741.22
1743.72
1746.11
1748.39
1750.56
1752.64
1754.62
1756.5
1758.29
1760
1761.63
1763.17
1764.64
1766.02
1767.34
1768.57
1769.74
1770.83
1771.85
1772.8
1773.69
1774.5
1775.25
1775.93
1776.55
1777.1
1777.58
1778
1778.36
1778.64
1778.87
1779.02
1779.11
1779.14
1779.09
1778.98
1778.79
1778.54
1778.21
1777.81
1777.33
1776.77
1776.13
1775.4
1774.58
1773.66
1772.65
1771.53
1770.28
1768.92
1767.42
1765.78
1763.97
1761.98
1759.79
1757.37
1754.68
1751.68
1748.3
1744.41
1739.77
1733.61
1723.6
1703.12
1656.1
1547.99
1280.11
1101.87
1607.37
1818.72
1885.66
1908.58
1919.08
1925.64
1930.37
1934.45
1937.98
1941.07
1943.82
1946.28
1948.49
1950.51
1952.35
1954.03
1955.57
1956.99
1958.31
1959.54
1960.69
1961.77
1962.78
1963.72
1964.6
1965.44
1966.22
1966.95
1967.65
1968.32
1968.96
1969.56
1970.13
1970.67
1971.18
1971.66
1972.11
1972.54
1972.94
1973.32
1973.67
1974.01
1974.32
1974.62
1974.89
1975.15
1975.39
1975.61
1975.82
1976.01
1976.18
1976.34
1976.49
1976.62
1976.73
1976.83
1976.92
1976.99
1977.05
1977.09
1977.12
1977.14
1977.14
1977.12
1977.1
1977.06
1977
1976.93
1976.84
1976.74
1976.62
1976.48
1976.33
1976.16
1975.97
1975.76
1975.53
1975.28
1975.05
1975.01
1974.41
1974
1973.59
1973.15
1972.67
1972.14
1971.56
1970.92
1970.21
1969.44
1968.57
1967.54
1966.23
1964.21
1959.97
1948.27
1911.84
1797.71
1446.36
1129.36
1678.07
1901.87
1966.07
1982.57
1987.26
1989.16
1990.61
1991.49
1992.2
1992.79
1993.31
1993.77
1994.17
1994.53
1994.86
1995.16
1995.45
1995.7
1995.93
1996.14
1996.32
1996.5
1996.66
1996.8
1996.94
1997.07
1997.19
1997.3
1997.4
1997.48
1997.54
1997.6
1997.66
1997.71
1997.73
1997.77
1997.81
1997.85
1997.89
1997.93
1997.96
1998
1998.03
1998.05
1998.08
1998.1
1998.13
1998.15
1998.17
1998.18
1998.2
1998.21
1998.23
1998.24
1998.25
1998.26
1998.26
1998.27
1998.27
1998.28
1998.28
1998.28
1998.28
1998.28
1998.27
1998.27
1998.26
1998.25
1998.24
1998.23
1998.22
1998.21
1998.19
1998.17
1998.15
1998.13
1998.11
1998.07
1998
1997.7
1997.93
1997.97
1997.91
1997.86
1997.81
1997.76
1997.7
1997.62
1997.53
1997.4
1997.24
1997.04
1996.69
1995.84
1993.07
1983.1
1947.89
1830.86
1466.35
1134.7
1690.34
1916.13
1979.35
1994.42
1997.87
1998.71
1998.9
1999.03
1999.13
1999.21
1999.27
1999.33
1999.38
1999.42
1999.46
1999.49
1999.52
1999.55
1999.58
1999.61
1999.63
1999.64
1999.66
1999.68
1999.69
1999.7
1999.71
1999.73
1999.73
1999.74
1999.75
1999.75
1999.76
1999.77
1999.8
1999.81
1999.81
1999.82
1999.82
1999.82
1999.82
1999.82
1999.83
1999.83
1999.83
1999.83
1999.83
1999.83
1999.83
1999.83
1999.84
1999.84
1999.84
1999.84
1999.84
1999.84
1999.84
1999.84
1999.84
1999.84
1999.84
1999.84
1999.84
1999.84
1999.84
1999.84
1999.84
1999.84
1999.84
1999.84
1999.84
1999.84
1999.84
1999.84
1999.84
1999.83
1999.83
1999.83
1999.83
1999.82
1999.82
1999.8
1999.82
1999.83
1999.83
1999.82
1999.82
1999.82
1999.82
1999.81
1999.8
1999.76
1999.6
1998.98
1996.47
1986.8
1951.8
1834.56
1468.71
1136.18
1693.27
1918.7
1981.34
1996.01
1999.2
1999.86
1999.99
2000.01
2000.01
2000.01
2000.01
2000
2000
1999.99
1999.99
1999.99
1999.98
1999.98
1999.98
1999.97
1999.97
1999.97
1999.97
1999.96
1999.96
1999.96
1999.96
1999.96
1999.95
1999.95
1999.95
1999.95
1999.95
1999.95
1999.95
1999.95
1999.95
1999.94
1999.94
1999.94
1999.94
1999.94
1999.94
1999.94
1999.94
1999.94
1999.94
1999.94
1999.94
1999.94
1999.94
1999.93
1999.93
1999.93
1999.93
1999.93
1999.93
1999.93
1999.93
1999.93
1999.93
1999.93
1999.93
1999.93
1999.93
1999.93
1999.93
1999.94
1999.94
1999.94
1999.94
1999.94
1999.94
1999.94
1999.94
1999.94
1999.94
1999.95
1999.95
1999.95
1999.95
1999.95
1999.96
1999.96
1999.97
1999.97
1999.98
1999.98
1999.99
1999.99
1999.99
1999.97
1999.83
1999.23
1996.76
1987.16
1952.28
1835.17
1469.26
1136.82
1694.4
1919.5
1981.76
1996.27
1999.39
2000.03
2000.14
2000.15
2000.14
2000.12
2000.11
2000.09
2000.08
2000.07
2000.06
2000.05
2000.04
2000.03
2000.02
2000.02
2000.01
2000
2000
1999.99
1999.99
1999.98
1999.98
1999.97
1999.97
1999.97
1999.96
1999.96
1999.96
1999.96
1999.95
1999.95
1999.95
1999.95
1999.95
1999.94
1999.94
1999.94
1999.94
1999.94
1999.94
1999.94
1999.93
1999.93
1999.93
1999.93
1999.93
1999.93
1999.93
1999.93
1999.93
1999.93
1999.93
1999.93
1999.93
1999.93
1999.93
1999.93
1999.93
1999.93
1999.93
1999.93
1999.93
1999.93
1999.93
1999.93
1999.93
1999.94
1999.94
1999.94
1999.94
1999.94
1999.94
1999.95
1999.95
1999.95
1999.96
1999.96
1999.96
1999.97
1999.97
1999.98
1999.99
1999.99
2000
2000.01
2000.01
1999.99
1999.86
1999.26
1996.81
1987.24
1952.44
1835.42
1469.53
1137.21
1695.06
1919.92
1981.96
1996.36
1999.45
2000.07
2000.18
2000.18
2000.17
2000.15
2000.13
2000.12
2000.1
2000.09
2000.07
2000.06
2000.05
2000.04
2000.03
2000.02
2000.01
2000.01
2000
1999.99
1999.99
1999.98
1999.98
1999.97
1999.97
1999.96
1999.96
1999.96
1999.95
1999.95
1999.95
1999.94
1999.94
1999.94
1999.94
1999.93
1999.93
1999.93
1999.93
1999.93
1999.93
1999.93
1999.92
1999.92
1999.92
1999.92
1999.92
1999.92
1999.92
1999.92
1999.92
1999.92
1999.92
1999.92
1999.92
1999.92
1999.92
1999.92
1999.92
1999.92
1999.92
1999.92
1999.92
1999.92
1999.92
1999.92
1999.92
1999.92
1999.93
1999.93
1999.93
1999.93
1999.93
1999.94
1999.94
1999.94
1999.95
1999.95
1999.96
1999.96
1999.97
1999.98
1999.98
1999.99
2000
2000.01
2000.01
1999.99
1999.86
1999.27
1996.83
1987.29
1952.53
1835.58
1469.7
1137.48
1695.52
1920.23
1982.1
1996.42
1999.48
2000.1
2000.2
2000.2
2000.18
2000.16
2000.15
2000.13
2000.11
2000.1
2000.08
2000.07
2000.06
2000.04
2000.03
2000.02
2000.01
2000.01
2000
1999.99
1999.98
1999.98
1999.97
1999.97
1999.96
1999.96
1999.95
1999.95
1999.94
1999.94
1999.94
1999.94
1999.93
1999.93
1999.93
1999.92
1999.92
1999.92
1999.92
1999.92
1999.92
1999.91
1999.91
1999.91
1999.91
1999.91
1999.91
1999.91
1999.91
1999.91
1999.91
1999.91
1999.9
1999.9
1999.9
1999.9
1999.9
1999.9
1999.9
1999.9
1999.91
1999.91
1999.91
1999.91
1999.91
1999.91
1999.91
1999.91
1999.91
1999.92
1999.92
1999.92
1999.92
1999.93
1999.93
1999.93
1999.94
1999.94
1999.95
1999.96
1999.96
1999.97
1999.98
1999.98
1999.99
2000
2000.01
1999.99
1999.86
1999.27
1996.83
1987.31
1952.59
1835.69
1469.81
1137.68
1695.86
1920.45
1982.19
1996.46
1999.51
2000.11
2000.21
2000.21
2000.2
2000.18
2000.16
2000.14
2000.12
2000.1
2000.09
2000.07
2000.06
2000.05
2000.04
2000.02
2000.01
2000.01
2000
1999.99
1999.98
1999.97
1999.97
1999.96
1999.96
1999.95
1999.95
1999.94
1999.94
1999.93
1999.93
1999.93
1999.92
1999.92
1999.92
1999.92
1999.91
1999.91
1999.91
1999.91
1999.91
1999.9
1999.9
1999.9
1999.9
1999.9
1999.9
1999.9
1999.9
1999.89
1999.89
1999.89
1999.89
1999.89
1999.89
1999.89
1999.89
1999.89
1999.89
1999.89
1999.89
1999.89
1999.89
1999.9
1999.9
1999.9
1999.9
1999.9
1999.9
1999.91
1999.91
1999.91
1999.91
1999.92
1999.92
1999.93
1999.93
1999.94
1999.94
1999.95
1999.95
1999.96
1999.97
1999.98
1999.99
2000
2000
1999.98
1999.85
1999.27
1996.84
1987.33
1952.63
1835.76
1469.89
1137.83
1696.12
1920.61
1982.27
1996.49
1999.52
2000.12
2000.22
2000.22
2000.21
2000.18
2000.16
2000.14
2000.12
2000.11
2000.09
2000.08
2000.06
2000.05
2000.04
2000.02
2000.01
2000
2000
1999.99
1999.98
1999.97
1999.96
1999.96
1999.95
1999.95
1999.94
1999.94
1999.93
1999.93
1999.92
1999.92
1999.92
1999.91
1999.91
1999.91
1999.9
1999.9
1999.9
1999.9
1999.9
1999.89
1999.89
1999.89
1999.89
1999.89
1999.89
1999.89
1999.88
1999.88
1999.88
1999.88
1999.88
1999.88
1999.88
1999.88
1999.88
1999.88
1999.88
1999.88
1999.88
1999.88
1999.88
1999.88
1999.89
1999.89
1999.89
1999.89
1999.89
1999.9
1999.9
1999.9
1999.9
1999.91
1999.91
1999.92
1999.92
1999.93
1999.93
1999.94
1999.95
1999.95
1999.96
1999.97
1999.98
1999.99
1999.99
1999.98
1999.85
1999.27
1996.84
1987.33
1952.66
1835.81
1469.95
1137.94
1696.31
1920.74
1982.32
1996.52
1999.53
2000.13
2000.23
2000.23
2000.21
2000.19
2000.17
2000.15
2000.13
2000.11
2000.09
2000.08
2000.06
2000.05
2000.04
2000.02
2000.01
2000
1999.99
1999.98
1999.98
1999.97
1999.96
1999.95
1999.95
1999.94
1999.94
1999.93
1999.92
1999.92
1999.92
1999.91
1999.91
1999.91
1999.9
1999.9
1999.9
1999.89
1999.89
1999.89
1999.89
1999.88
1999.88
1999.88
1999.88
1999.88
1999.88
1999.88
1999.88
1999.87
1999.87
1999.87
1999.87
1999.87
1999.87
1999.87
1999.87
1999.87
1999.87
1999.87
1999.87
1999.87
1999.87
1999.87
1999.88
1999.88
1999.88
1999.88
1999.88
1999.89
1999.89
1999.89
1999.89
1999.9
1999.9
1999.91
1999.91
1999.92
1999.92
1999.93
1999.94
1999.95
1999.95
1999.96
1999.97
1999.98
1999.99
1999.97
1999.84
1999.26
1996.83
1987.34
1952.68
1835.85
1469.99
1138.03
1696.46
1920.84
1982.36
1996.53
1999.54
2000.14
2000.24
2000.24
2000.22
2000.19
2000.17
2000.15
2000.13
2000.11
2000.09
2000.08
2000.06
2000.05
2000.04
2000.02
2000.01
2000
1999.99
1999.98
1999.97
1999.96
1999.96
1999.95
1999.94
1999.94
1999.93
1999.92
1999.92
1999.91
1999.91
1999.91
1999.9
1999.9
1999.89
1999.89
1999.89
1999.89
1999.88
1999.88
1999.88
1999.88
1999.87
1999.87
1999.87
1999.87
1999.87
1999.87
1999.87
1999.86
1999.86
1999.86
1999.86
1999.86
1999.86
1999.86
1999.86
1999.86
1999.86
1999.86
1999.86
1999.86
1999.86
1999.87
1999.87
1999.87
1999.87
1999.87
1999.87
1999.88
1999.88
1999.88
1999.89
1999.89
1999.89
1999.9
1999.9
1999.91
1999.92
1999.92
1999.93
1999.94
1999.95
1999.96
1999.97
1999.98
1999.98
1999.96
1999.84
1999.26
1996.83
1987.34
1952.69
1835.87
1470.02
1138.1
1696.58
1920.91
1982.4
1996.55
1999.55
2000.14
2000.24
2000.24
2000.22
2000.19
2000.17
2000.15
2000.13
2000.11
2000.09
2000.08
2000.06
2000.05
2000.03
2000.02
2000.01
2000
1999.99
1999.98
1999.97
1999.96
1999.95
1999.94
1999.94
1999.93
1999.92
1999.92
1999.91
1999.91
1999.9
1999.9
1999.9
1999.89
1999.89
1999.88
1999.88
1999.88
1999.88
1999.87
1999.87
1999.87
1999.87
1999.86
1999.86
1999.86
1999.86
1999.86
1999.86
1999.86
1999.86
1999.85
1999.85
1999.85
1999.85
1999.85
1999.85
1999.85
1999.85
1999.85
1999.85
1999.85
1999.86
1999.86
1999.86
1999.86
1999.86
1999.86
1999.87
1999.87
1999.87
1999.87
1999.88
1999.88
1999.89
1999.89
1999.9
1999.9
1999.91
1999.91
1999.92
1999.93
1999.94
1999.95
1999.96
1999.97
1999.97
1999.96
1999.83
1999.25
1996.83
1987.34
1952.7
1835.89
1470.04
1138.15
1696.68
1920.97
1982.42
1996.55
1999.55
2000.14
2000.24
2000.24
2000.22
2000.2
2000.17
2000.15
2000.13
2000.11
2000.09
2000.08
2000.06
2000.05
2000.03
2000.02
2000.01
2000
1999.98
1999.97
1999.97
1999.96
1999.95
1999.94
1999.93
1999.93
1999.92
1999.91
1999.91
1999.9
1999.9
1999.89
1999.89
1999.89
1999.88
1999.88
1999.87
1999.87
1999.87
1999.87
1999.86
1999.86
1999.86
1999.86
1999.86
1999.85
1999.85
1999.85
1999.85
1999.85
1999.85
1999.85
1999.85
1999.85
1999.85
1999.85
1999.85
1999.85
1999.85
1999.85
1999.85
1999.85
1999.85
1999.85
1999.85
1999.85
1999.85
1999.86
1999.86
1999.86
1999.86
1999.87
1999.87
1999.87
1999.88
1999.88
1999.89
1999.89
1999.9
1999.91
1999.92
1999.92
1999.93
1999.94
1999.95
1999.96
1999.97
1999.95
1999.82
1999.24
1996.82
1987.34
1952.7
1835.9
1470.05
1138.19
1696.75
1921.02
1982.44
1996.56
1999.55
2000.15
2000.24
2000.24
2000.22
2000.2
2000.17
2000.15
2000.13
2000.11
2000.09
2000.08
2000.06
2000.05
2000.03
2000.02
2000.01
1999.99
1999.98
1999.97
1999.96
1999.95
1999.94
1999.94
1999.93
1999.92
1999.92
1999.91
1999.9
1999.9
1999.89
1999.89
1999.88
1999.88
1999.88
1999.87
1999.87
1999.87
1999.86
1999.86
1999.86
1999.86
1999.85
1999.85
1999.85
1999.85
1999.85
1999.84
1999.84
1999.84
1999.84
1999.84
1999.84
1999.84
1999.84
1999.84
1999.84
1999.84
1999.84
1999.84
1999.84
1999.84
1999.84
1999.84
1999.84
1999.84
1999.85
1999.85
1999.85
1999.85
1999.86
1999.86
1999.86
1999.87
1999.87
1999.88
1999.88
1999.89
1999.89
1999.9
1999.91
1999.92
1999.93
1999.94
1999.95
1999.96
1999.96
1999.94
1999.82
1999.24
1996.82
1987.34
1952.7
1835.91
1470.06
1138.22
1696.8
1921.05
1982.45
1996.57
1999.56
2000.15
2000.24
2000.24
2000.22
2000.2
2000.17
2000.15
2000.13
2000.11
2000.09
2000.07
2000.06
2000.04
2000.03
2000.02
2000
1999.99
1999.98
1999.97
1999.96
1999.95
1999.94
1999.93
1999.93
1999.92
1999.91
1999.91
1999.9
1999.89
1999.89
1999.88
1999.88
1999.88
1999.87
1999.87
1999.86
1999.86
1999.86
1999.86
1999.85
1999.85
1999.85
1999.85
1999.84
1999.84
1999.84
1999.84
1999.84
1999.84
1999.84
1999.84
1999.83
1999.83
1999.83
1999.83
1999.83
1999.83
1999.83
1999.83
1999.83
1999.83
1999.83
1999.84
1999.84
1999.84
1999.84
1999.84
1999.84
1999.85
1999.85
1999.85
1999.86
1999.86
1999.87
1999.87
1999.88
1999.88
1999.89
1999.9
1999.9
1999.91
1999.92
1999.93
1999.94
1999.95
1999.96
1999.94
1999.81
1999.23
1996.81
1987.33
1952.7
1835.92
1470.07
1138.24
1696.83
1921.08
1982.46
1996.57
1999.56
2000.15
2000.24
2000.24
2000.22
2000.19
2000.17
2000.15
2000.13
2000.11
2000.09
2000.07
2000.06
2000.04
2000.03
2000.01
2000
1999.99
1999.98
1999.97
1999.96
1999.95
1999.94
1999.93
1999.92
1999.92
1999.91
1999.9
1999.9
1999.89
1999.89
1999.88
1999.88
1999.87
1999.87
1999.86
1999.86
1999.86
1999.85
1999.85
1999.85
1999.85
1999.84
1999.84
1999.84
1999.84
1999.84
1999.84
1999.83
1999.83
1999.83
1999.83
1999.83
1999.83
1999.83
1999.83
1999.83
1999.83
1999.83
1999.83
1999.83
1999.83
1999.83
1999.83
1999.83
1999.83
1999.84
1999.84
1999.84
1999.84
1999.85
1999.85
1999.85
1999.86
1999.86
1999.87
1999.87
1999.88
1999.88
1999.89
1999.9
1999.91
1999.92
1999.93
1999.94
1999.95
1999.95
1999.93
1999.81
1999.23
1996.81
1987.33
1952.7
1835.92
1470.07
1138.25
1696.85
1921.09
1982.47
1996.57
1999.56
2000.15
2000.24
2000.24
2000.22
2000.19
2000.17
2000.15
2000.13
2000.11
2000.09
2000.07
2000.06
2000.04
2000.03
2000.01
2000
1999.99
1999.98
1999.97
1999.96
1999.95
1999.94
1999.93
1999.92
1999.91
1999.91
1999.9
1999.89
1999.89
1999.88
1999.88
1999.87
1999.87
1999.87
1999.86
1999.86
1999.85
1999.85
1999.85
1999.85
1999.84
1999.84
1999.84
1999.84
1999.84
1999.83
1999.83
1999.83
1999.83
1999.83
1999.83
1999.83
1999.83
1999.83
1999.82
1999.82
1999.82
1999.82
1999.82
1999.83
1999.83
1999.83
1999.83
1999.83
1999.83
1999.83
1999.83
1999.84
1999.84
1999.84
1999.85
1999.85
1999.85
1999.86
1999.86
1999.87
1999.87
1999.88
1999.89
1999.9
1999.9
1999.91
1999.92
1999.93
1999.94
1999.95
1999.93
1999.81
1999.23
1996.81
1987.33
1952.7
1835.93
1470.08
1138.25
1696.85
1921.09
1982.47
1996.57
1999.56
2000.15
2000.24
2000.24
2000.22
2000.19
2000.17
2000.15
2000.13
2000.11
2000.09
2000.07
2000.06
2000.04
2000.03
2000.01
2000
1999.99
1999.98
1999.96
1999.95
1999.95
1999.94
1999.93
1999.92
1999.91
1999.91
1999.9
1999.89
1999.89
1999.88
1999.88
1999.87
1999.87
1999.86
1999.86
1999.86
1999.85
1999.85
1999.85
1999.84
1999.84
1999.84
1999.84
1999.83
1999.83
1999.83
1999.83
1999.83
1999.83
1999.83
1999.82
1999.82
1999.82
1999.82
1999.82
1999.82
1999.82
1999.82
1999.82
1999.82
1999.82
1999.82
1999.83
1999.83
1999.83
1999.83
1999.83
1999.83
1999.84
1999.84
1999.84
1999.85
1999.85
1999.86
1999.86
1999.87
1999.87
1999.88
1999.89
1999.89
1999.9
1999.91
1999.92
1999.93
1999.94
1999.95
1999.93
1999.8
1999.23
1996.8
1987.33
1952.7
1835.93
1470.08
1138.23
1696.82
1921.07
1982.46
1996.57
1999.56
2000.15
2000.24
2000.24
2000.22
2000.19
2000.17
2000.15
2000.13
2000.11
2000.09
2000.07
2000.06
2000.04
2000.03
2000.01
2000
1999.99
1999.97
1999.96
1999.95
1999.94
1999.94
1999.93
1999.92
1999.91
1999.9
1999.9
1999.89
1999.89
1999.88
1999.88
1999.87
1999.87
1999.86
1999.86
1999.86
1999.85
1999.85
1999.85
1999.84
1999.84
1999.84
1999.84
1999.83
1999.83
1999.83
1999.83
1999.83
1999.83
1999.82
1999.82
1999.82
1999.82
1999.82
1999.82
1999.82
1999.82
1999.82
1999.82
1999.82
1999.82
1999.82
1999.82
1999.83
1999.83
1999.83
1999.83
1999.83
1999.84
1999.84
1999.84
1999.85
1999.85
1999.85
1999.86
1999.87
1999.87
1999.88
1999.89
1999.89
1999.9
1999.91
1999.92
1999.93
1999.94
1999.95
1999.93
1999.8
1999.22
1996.8
1987.33
1952.71
1835.93
1470.08
1138.23
1696.82
1921.07
1982.46
1996.57
1999.56
2000.15
2000.24
2000.24
2000.22
2000.19
2000.17
2000.15
2000.13
2000.11
2000.09
2000.07
2000.06
2000.04
2000.03
2000.01
2000
1999.99
1999.97
1999.96
1999.95
1999.94
1999.94
1999.93
1999.92
1999.91
1999.9
1999.9
1999.89
1999.89
1999.88
1999.88
1999.87
1999.87
1999.86
1999.86
1999.86
1999.85
1999.85
1999.85
1999.84
1999.84
1999.84
1999.84
1999.83
1999.83
1999.83
1999.83
1999.83
1999.83
1999.82
1999.82
1999.82
1999.82
1999.82
1999.82
1999.82
1999.82
1999.82
1999.82
1999.82
1999.82
1999.82
1999.82
1999.83
1999.83
1999.83
1999.83
1999.83
1999.84
1999.84
1999.84
1999.85
1999.85
1999.85
1999.86
1999.87
1999.87
1999.88
1999.89
1999.89
1999.9
1999.91
1999.92
1999.93
1999.94
1999.95
1999.93
1999.8
1999.22
1996.8
1987.33
1952.71
1835.93
1470.08
1138.25
1696.85
1921.09
1982.47
1996.57
1999.56
2000.15
2000.24
2000.24
2000.22
2000.19
2000.17
2000.15
2000.13
2000.11
2000.09
2000.07
2000.06
2000.04
2000.03
2000.01
2000
1999.99
1999.98
1999.96
1999.95
1999.95
1999.94
1999.93
1999.92
1999.91
1999.91
1999.9
1999.89
1999.89
1999.88
1999.88
1999.87
1999.87
1999.86
1999.86
1999.86
1999.85
1999.85
1999.85
1999.84
1999.84
1999.84
1999.84
1999.83
1999.83
1999.83
1999.83
1999.83
1999.83
1999.83
1999.82
1999.82
1999.82
1999.82
1999.82
1999.82
1999.82
1999.82
1999.82
1999.82
1999.82
1999.82
1999.83
1999.83
1999.83
1999.83
1999.83
1999.83
1999.84
1999.84
1999.84
1999.85
1999.85
1999.86
1999.86
1999.87
1999.87
1999.88
1999.89
1999.89
1999.9
1999.91
1999.92
1999.93
1999.94
1999.95
1999.93
1999.8
1999.23
1996.8
1987.33
1952.7
1835.93
1470.08
1138.25
1696.85
1921.09
1982.47
1996.57
1999.56
2000.15
2000.24
2000.24
2000.22
2000.19
2000.17
2000.15
2000.13
2000.11
2000.09
2000.07
2000.06
2000.04
2000.03
2000.01
2000
1999.99
1999.98
1999.97
1999.96
1999.95
1999.94
1999.93
1999.92
1999.91
1999.91
1999.9
1999.89
1999.89
1999.88
1999.88
1999.87
1999.87
1999.87
1999.86
1999.86
1999.85
1999.85
1999.85
1999.85
1999.84
1999.84
1999.84
1999.84
1999.84
1999.83
1999.83
1999.83
1999.83
1999.83
1999.83
1999.83
1999.83
1999.83
1999.82
1999.82
1999.82
1999.82
1999.82
1999.83
1999.83
1999.83
1999.83
1999.83
1999.83
1999.83
1999.83
1999.84
1999.84
1999.84
1999.85
1999.85
1999.85
1999.86
1999.86
1999.87
1999.87
1999.88
1999.89
1999.9
1999.9
1999.91
1999.92
1999.93
1999.94
1999.95
1999.93
1999.81
1999.23
1996.81
1987.33
1952.7
1835.93
1470.08
1138.24
1696.83
1921.08
1982.46
1996.57
1999.56
2000.15
2000.24
2000.24
2000.22
2000.19
2000.17
2000.15
2000.13
2000.11
2000.09
2000.07
2000.06
2000.04
2000.03
2000.01
2000
1999.99
1999.98
1999.97
1999.96
1999.95
1999.94
1999.93
1999.92
1999.92
1999.91
1999.9
1999.9
1999.89
1999.89
1999.88
1999.88
1999.87
1999.87
1999.86
1999.86
1999.86
1999.85
1999.85
1999.85
1999.85
1999.84
1999.84
1999.84
1999.84
1999.84
1999.84
1999.83
1999.83
1999.83
1999.83
1999.83
1999.83
1999.83
1999.83
1999.83
1999.83
1999.83
1999.83
1999.83
1999.83
1999.83
1999.83
1999.83
1999.83
1999.84
1999.84
1999.84
1999.84
1999.85
1999.85
1999.85
1999.86
1999.86
1999.87
1999.87
1999.88
1999.88
1999.89
1999.9
1999.91
1999.92
1999.93
1999.94
1999.95
1999.95
1999.93
1999.81
1999.23
1996.81
1987.33
1952.7
1835.92
1470.07
1138.22
1696.8
1921.05
1982.45
1996.57
1999.56
2000.15
2000.24
2000.24
2000.22
2000.2
2000.17
2000.15
2000.13
2000.11
2000.09
2000.08
2000.06
2000.04
2000.03
2000.02
2000
1999.99
1999.98
1999.97
1999.96
1999.95
1999.94
1999.93
1999.93
1999.92
1999.91
1999.91
1999.9
1999.89
1999.89
1999.88
1999.88
1999.88
1999.87
1999.87
1999.86
1999.86
1999.86
1999.86
1999.85
1999.85
1999.85
1999.85
1999.84
1999.84
1999.84
1999.84
1999.84
1999.84
1999.84
1999.84
1999.83
1999.83
1999.83
1999.83
1999.83
1999.83
1999.83
1999.83
1999.83
1999.83
1999.83
1999.84
1999.84
1999.84
1999.84
1999.84
1999.84
1999.85
1999.85
1999.85
1999.86
1999.86
1999.87
1999.87
1999.88
1999.88
1999.89
1999.9
1999.9
1999.91
1999.92
1999.93
1999.94
1999.95
1999.96
1999.94
1999.81
1999.23
1996.81
1987.33
1952.7
1835.92
1470.07
1138.19
1696.75
1921.02
1982.44
1996.56
1999.55
2000.15
2000.24
2000.24
2000.22
2000.2
2000.17
2000.15
2000.13
2000.11
2000.09
2000.08
2000.06
2000.04
2000.03
2000.02
2000.01
1999.99
1999.98
1999.97
1999.96
1999.95
1999.94
1999.94
1999.93
1999.92
1999.92
1999.91
1999.9
1999.9
1999.89
1999.89
1999.88
1999.88
1999.88
1999.87
1999.87
1999.87
1999.86
1999.86
1999.86
1999.86
1999.85
1999.85
1999.85
1999.85
1999.85
1999.84
1999.84
1999.84
1999.84
1999.84
1999.84
1999.84
1999.84
1999.84
1999.84
1999.84
1999.84
1999.84
1999.84
1999.84
1999.84
1999.84
1999.84
1999.84
1999.85
1999.85
1999.85
1999.85
1999.86
1999.86
1999.86
1999.87
1999.87
1999.88
1999.88
1999.89
1999.89
1999.9
1999.91
1999.92
1999.93
1999.94
1999.95
1999.96
1999.96
1999.94
1999.82
1999.24
1996.82
1987.34
1952.7
1835.91
1470.06
1138.15
1696.68
1920.97
1982.42
1996.55
1999.55
2000.14
2000.24
2000.24
2000.22
2000.2
2000.17
2000.15
2000.13
2000.11
2000.09
2000.08
2000.06
2000.05
2000.03
2000.02
2000.01
2000
1999.98
1999.97
1999.97
1999.96
1999.95
1999.94
1999.93
1999.93
1999.92
1999.91
1999.91
1999.9
1999.9
1999.89
1999.89
1999.89
1999.88
1999.88
1999.87
1999.87
1999.87
1999.87
1999.86
1999.86
1999.86
1999.86
1999.86
1999.85
1999.85
1999.85
1999.85
1999.85
1999.85
1999.85
1999.85
1999.85
1999.85
1999.85
1999.85
1999.85
1999.85
1999.85
1999.85
1999.85
1999.85
1999.85
1999.85
1999.85
1999.85
1999.86
1999.86
1999.86
1999.86
1999.87
1999.87
1999.87
1999.88
1999.88
1999.89
1999.89
1999.9
1999.91
1999.92
1999.92
1999.93
1999.94
1999.95
1999.96
1999.97
1999.95
1999.82
1999.24
1996.82
1987.34
1952.7
1835.9
1470.05
1138.1
1696.58
1920.91
1982.4
1996.55
1999.55
2000.14
2000.24
2000.24
2000.22
2000.19
2000.17
2000.15
2000.13
2000.11
2000.09
2000.08
2000.06
2000.05
2000.03
2000.02
2000.01
2000
1999.99
1999.98
1999.97
1999.96
1999.95
1999.94
1999.94
1999.93
1999.92
1999.92
1999.91
1999.91
1999.9
1999.9
1999.9
1999.89
1999.89
1999.88
1999.88
1999.88
1999.88
1999.87
1999.87
1999.87
1999.87
1999.86
1999.86
1999.86
1999.86
1999.86
1999.86
1999.86
1999.86
1999.85
1999.85
1999.85
1999.85
1999.85
1999.85
1999.85
1999.85
1999.85
1999.85
1999.85
1999.86
1999.86
1999.86
1999.86
1999.86
1999.86
1999.87
1999.87
1999.87
1999.87
1999.88
1999.88
1999.89
1999.89
1999.9
1999.9
1999.91
1999.92
1999.92
1999.93
1999.94
1999.95
1999.96
1999.97
1999.97
1999.96
1999.83
1999.25
1996.83
1987.34
1952.7
1835.89
1470.04
1138.03
1696.46
1920.84
1982.36
1996.53
1999.54
2000.14
2000.24
2000.24
2000.22
2000.19
2000.17
2000.15
2000.13
2000.11
2000.09
2000.08
2000.06
2000.05
2000.04
2000.02
2000.01
2000
1999.99
1999.98
1999.97
1999.96
1999.96
1999.95
1999.94
1999.94
1999.93
1999.92
1999.92
1999.91
1999.91
1999.91
1999.9
1999.9
1999.89
1999.89
1999.89
1999.89
1999.88
1999.88
1999.88
1999.88
1999.87
1999.87
1999.87
1999.87
1999.87
1999.87
1999.87
1999.86
1999.86
1999.86
1999.86
1999.86
1999.86
1999.86
1999.86
1999.86
1999.86
1999.86
1999.86
1999.86
1999.86
1999.87
1999.87
1999.87
1999.87
1999.87
1999.87
1999.88
1999.88
1999.88
1999.89
1999.89
1999.89
1999.9
1999.9
1999.91
1999.92
1999.92
1999.93
1999.94
1999.95
1999.96
1999.97
1999.98
1999.98
1999.96
1999.84
1999.26
1996.83
1987.34
1952.69
1835.87
1470.02
1137.94
1696.31
1920.74
1982.32
1996.52
1999.53
2000.13
2000.23
2000.23
2000.21
2000.19
2000.17
2000.15
2000.13
2000.11
2000.09
2000.08
2000.06
2000.05
2000.04
2000.02
2000.01
2000
1999.99
1999.98
1999.98
1999.97
1999.96
1999.95
1999.95
1999.94
1999.94
1999.93
1999.92
1999.92
1999.92
1999.91
1999.91
1999.91
1999.9
1999.9
1999.9
1999.89
1999.89
1999.89
1999.89
1999.88
1999.88
1999.88
1999.88
1999.88
1999.88
1999.88
1999.88
1999.87
1999.87
1999.87
1999.87
1999.87
1999.87
1999.87
1999.87
1999.87
1999.87
1999.87
1999.87
1999.87
1999.87
1999.87
1999.88
1999.88
1999.88
1999.88
1999.88
1999.89
1999.89
1999.89
1999.89
1999.9
1999.9
1999.91
1999.91
1999.92
1999.92
1999.93
1999.94
1999.95
1999.95
1999.96
1999.97
1999.98
1999.99
1999.97
1999.84
1999.26
1996.83
1987.34
1952.68
1835.85
1469.99
1137.83
1696.11
1920.61
1982.27
1996.49
1999.52
2000.12
2000.22
2000.22
2000.21
2000.18
2000.16
2000.14
2000.12
2000.11
2000.09
2000.08
2000.06
2000.05
2000.04
2000.02
2000.01
2000
2000
1999.99
1999.98
1999.97
1999.96
1999.96
1999.95
1999.95
1999.94
1999.94
1999.93
1999.93
1999.92
1999.92
1999.92
1999.91
1999.91
1999.91
1999.9
1999.9
1999.9
1999.9
1999.9
1999.89
1999.89
1999.89
1999.89
1999.89
1999.89
1999.89
1999.88
1999.88
1999.88
1999.88
1999.88
1999.88
1999.88
1999.88
1999.88
1999.88
1999.88
1999.88
1999.88
1999.88
1999.88
1999.88
1999.89
1999.89
1999.89
1999.89
1999.89
1999.9
1999.9
1999.9
1999.9
1999.91
1999.91
1999.92
1999.92
1999.93
1999.93
1999.94
1999.95
1999.95
1999.96
1999.97
1999.98
1999.99
1999.99
1999.98
1999.85
1999.27
1996.84
1987.33
1952.66
1835.81
1469.95
1137.68
1695.86
1920.45
1982.19
1996.46
1999.51
2000.11
2000.21
2000.21
2000.2
2000.18
2000.16
2000.14
2000.12
2000.1
2000.09
2000.07
2000.06
2000.05
2000.04
2000.02
2000.01
2000.01
2000
1999.99
1999.98
1999.97
1999.97
1999.96
1999.96
1999.95
1999.95
1999.94
1999.94
1999.93
1999.93
1999.93
1999.92
1999.92
1999.92
1999.92
1999.91
1999.91
1999.91
1999.91
1999.91
1999.9
1999.9
1999.9
1999.9
1999.9
1999.9
1999.9
1999.9
1999.89
1999.89
1999.89
1999.89
1999.89
1999.89
1999.89
1999.89
1999.89
1999.89
1999.89
1999.89
1999.89
1999.89
1999.9
1999.9
1999.9
1999.9
1999.9
1999.9
1999.91
1999.91
1999.91
1999.91
1999.92
1999.92
1999.93
1999.93
1999.93
1999.94
1999.95
1999.95
1999.96
1999.97
1999.98
1999.99
2000
2000
1999.98
1999.85
1999.27
1996.84
1987.33
1952.63
1835.76
1469.89
1137.48
1695.52
1920.23
1982.1
1996.42
1999.48
2000.1
2000.2
2000.2
2000.18
2000.16
2000.15
2000.13
2000.11
2000.1
2000.08
2000.07
2000.06
2000.04
2000.03
2000.02
2000.01
2000.01
2000
1999.99
1999.98
1999.98
1999.97
1999.97
1999.96
1999.96
1999.95
1999.95
1999.94
1999.94
1999.94
1999.94
1999.93
1999.93
1999.93
1999.92
1999.92
1999.92
1999.92
1999.92
1999.92
1999.91
1999.91
1999.91
1999.91
1999.91
1999.91
1999.91
1999.91
1999.91
1999.91
1999.91
1999.9
1999.9
1999.9
1999.9
1999.9
1999.9
1999.9
1999.9
1999.91
1999.91
1999.91
1999.91
1999.91
1999.91
1999.91
1999.91
1999.91
1999.92
1999.92
1999.92
1999.92
1999.93
1999.93
1999.93
1999.94
1999.94
1999.95
1999.96
1999.96
1999.97
1999.98
1999.98
1999.99
2000
2000.01
1999.99
1999.86
1999.27
1996.83
1987.31
1952.59
1835.69
1469.81
1137.21
1695.06
1919.92
1981.96
1996.36
1999.45
2000.07
2000.18
2000.18
2000.17
2000.15
2000.13
2000.12
2000.1
2000.09
2000.07
2000.06
2000.05
2000.04
2000.03
2000.02
2000.01
2000.01
2000
1999.99
1999.99
1999.98
1999.98
1999.97
1999.97
1999.96
1999.96
1999.96
1999.95
1999.95
1999.95
1999.94
1999.94
1999.94
1999.94
1999.93
1999.93
1999.93
1999.93
1999.93
1999.93
1999.93
1999.92
1999.92
1999.92
1999.92
1999.92
1999.92
1999.92
1999.92
1999.92
1999.92
1999.92
1999.92
1999.92
1999.92
1999.92
1999.92
1999.92
1999.92
1999.92
1999.92
1999.92
1999.92
1999.92
1999.92
1999.92
1999.92
1999.93
1999.93
1999.93
1999.93
1999.93
1999.94
1999.94
1999.94
1999.95
1999.95
1999.96
1999.96
1999.97
1999.98
1999.98
1999.99
2000
2000.01
2000.01
1999.99
1999.86
1999.27
1996.83
1987.29
1952.53
1835.58
1469.7
1136.82
1694.4
1919.5
1981.76
1996.26
1999.39
2000.03
2000.14
2000.15
2000.14
2000.12
2000.11
2000.09
2000.08
2000.07
2000.06
2000.05
2000.04
2000.03
2000.02
2000.02
2000.01
2000
2000
1999.99
1999.99
1999.98
1999.98
1999.97
1999.97
1999.97
1999.96
1999.96
1999.96
1999.96
1999.95
1999.95
1999.95
1999.95
1999.95
1999.94
1999.94
1999.94
1999.94
1999.94
1999.94
1999.94
1999.93
1999.93
1999.93
1999.93
1999.93
1999.93
1999.93
1999.93
1999.93
1999.93
1999.93
1999.93
1999.93
1999.93
1999.93
1999.93
1999.93
1999.93
1999.93
1999.93
1999.93
1999.93
1999.93
1999.93
1999.93
1999.94
1999.94
1999.94
1999.94
1999.94
1999.94
1999.95
1999.95
1999.95
1999.96
1999.96
1999.96
1999.97
1999.97
1999.98
1999.99
1999.99
2000
2000.01
2000.01
1999.99
1999.86
1999.26
1996.81
1987.24
1952.44
1835.42
1469.53
1136.18
1693.27
1918.7
1981.34
1996.01
1999.2
1999.86
1999.99
2000.01
2000.01
2000.01
2000.01
2000
2000
1999.99
1999.99
1999.99
1999.98
1999.98
1999.98
1999.97
1999.97
1999.97
1999.97
1999.96
1999.96
1999.96
1999.96
1999.96
1999.95
1999.95
1999.95
1999.95
1999.95
1999.95
1999.95
1999.95
1999.95
1999.94
1999.94
1999.94
1999.94
1999.94
1999.94
1999.94
1999.94
1999.94
1999.94
1999.94
1999.94
1999.94
1999.94
1999.93
1999.93
1999.93
1999.93
1999.93
1999.93
1999.93
1999.93
1999.93
1999.93
1999.93
1999.93
1999.93
1999.93
1999.93
1999.93
1999.94
1999.94
1999.94
1999.94
1999.94
1999.94
1999.94
1999.94
1999.94
1999.94
1999.95
1999.95
1999.95
1999.95
1999.95
1999.96
1999.96
1999.97
1999.97
1999.98
1999.98
1999.99
1999.99
1999.99
1999.97
1999.83
1999.23
1996.76
1987.16
1952.28
1835.17
1469.26
1134.69
1690.37
1916.12
1979.34
1994.41
1997.86
1998.7
1998.91
1999.04
1999.13
1999.21
1999.28
1999.33
1999.38
1999.43
1999.46
1999.5
1999.53
1999.56
1999.58
1999.61
1999.63
1999.64
1999.66
1999.68
1999.69
1999.7
1999.71
1999.72
1999.73
1999.74
1999.75
1999.75
1999.76
1999.77
1999.78
1999.81
1999.81
1999.82
1999.82
1999.82
1999.82
1999.82
1999.83
1999.83
1999.83
1999.83
1999.83
1999.83
1999.83
1999.83
1999.84
1999.84
1999.84
1999.84
1999.84
1999.84
1999.84
1999.84
1999.84
1999.84
1999.84
1999.84
1999.84
1999.84
1999.84
1999.84
1999.84
1999.84
1999.84
1999.84
1999.84
1999.84
1999.84
1999.84
1999.84
1999.83
1999.83
1999.83
1999.83
1999.83
1999.81
1999.8
1999.82
1999.83
1999.83
1999.82
1999.82
1999.82
1999.82
1999.81
1999.8
1999.76
1999.61
1998.98
1996.47
1986.8
1951.81
1834.56
1468.71
1129.28
1678.44
1902.01
1966.11
1982.59
1987.27
1989.18
1990.63
1991.52
1992.22
1992.81
1993.33
1993.79
1994.19
1994.56
1994.88
1995.18
1995.46
1995.7
1995.93
1996.13
1996.32
1996.49
1996.65
1996.8
1996.94
1997.06
1997.18
1997.29
1997.39
1997.48
1997.54
1997.6
1997.66
1997.71
1997.76
1997.77
1997.81
1997.85
1997.89
1997.93
1997.96
1998
1998.03
1998.05
1998.08
1998.1
1998.13
1998.15
1998.17
1998.18
1998.2
1998.21
1998.23
1998.24
1998.25
1998.26
1998.26
1998.27
1998.27
1998.28
1998.28
1998.28
1998.28
1998.28
1998.27
1998.27
1998.26
1998.25
1998.24
1998.23
1998.22
1998.21
1998.19
1998.17
1998.15
1998.13
1998.11
1998.08
1998.04
1997.96
1997.66
1997.92
1997.9
1997.86
1997.81
1997.76
1997.7
1997.63
1997.55
1997.42
1997.27
1997.06
1996.71
1995.86
1993.1
1983.13
1947.92
1830.89
1466.36
1100.31
1611.36
1819.35
1885.75
1908.6
1919.08
1925.64
1930.35
1934.43
1937.96
1941.05
1943.79
1946.25
1948.47
1950.48
1952.32
1954.01
1955.55
1956.98
1958.31
1959.55
1960.7
1961.78
1962.78
1963.73
1964.61
1965.44
1966.22
1966.96
1967.65
1968.32
1968.96
1969.56
1970.13
1970.67
1971.18
1971.66
1972.11
1972.54
1972.94
1973.32
1973.67
1974.01
1974.32
1974.62
1974.89
1975.15
1975.39
1975.61
1975.82
1976.01
1976.18
1976.34
1976.49
1976.62
1976.73
1976.83
1976.92
1976.99
1977.05
1977.09
1977.12
1977.14
1977.14
1977.12
1977.1
1977.05
1977
1976.93
1976.84
1976.74
1976.62
1976.48
1976.33
1976.16
1975.97
1975.76
1975.53
1975.27
1975
1974.75
1974.69
1974.05
1973.6
1973.15
1972.67
1972.14
1971.56
1970.91
1970.19
1969.42
1968.54
1967.51
1966.2
1964.19
1959.94
1948.24
1911.81
1797.68
1446.33
954.113
1282.24
1424.65
1496.89
1537.31
1562.61
1580.78
1595.31
1607.73
1618.73
1628.64
1637.69
1646
1653.7
1660.85
1667.52
1673.77
1679.63
1685.16
1690.37
1695.31
1699.98
1704.41
1708.63
1712.63
1716.44
1720.07
1723.53
1726.84
1729.99
1732.99
1735.86
1738.61
1741.22
1743.72
1746.11
1748.39
1750.56
1752.64
1754.62
1756.5
1758.29
1760
1761.63
1763.17
1764.64
1766.02
1767.33
1768.57
1769.74
1770.83
1771.85
1772.8
1773.69
1774.5
1775.25
1775.93
1776.55
1777.1
1777.58
1778
1778.36
1778.64
1778.87
1779.02
1779.11
1779.13
1779.09
1778.98
1778.79
1778.54
1778.21
1777.81
1777.33
1776.77
1776.12
1775.39
1774.57
1773.66
1772.64
1771.52
1770.29
1768.92
1767.42
1765.77
1763.97
1761.98
1759.79
1757.37
1754.68
1751.67
1748.29
1744.41
1739.77
1733.6
1723.6
1703.11
1656.1
1547.99
1280.12
)
;

boundaryField
{
    fuel
    {
        type            fixedValue;
        value           uniform 293;
    }
    air
    {
        type            fixedValue;
        value           uniform 293;
    }
    outlet
    {
        type            fixedValue;
        value           uniform 293;
    }
    frontAndBack
    {
        type            empty;
    }
}


// ************************************************************************* //
