/*--------------------------------*- C++ -*----------------------------------*\
| =========                 |                                                 |
| \\      /  F ield         | OpenFOAM: The Open Source CFD Toolbox           |
|  \\    /   O peration     | Version:  2406                                  |
|   \\  /    A nd           | Website:  www.openfoam.com                      |
|    \\/     M anipulation  |                                                 |
\*---------------------------------------------------------------------------*/
FoamFile
{
    version     2.0;
    format      ascii;
    arch        "LSB;label=32;scalar=64";
    class       volVectorField;
    location    "6.4416e-05";
    object      U;
}
// * * * * * * * * * * * * * * * * * * * * * * * * * * * * * * * * * * * * * //

dimensions      [0 1 -1 0 0 0 0];

internalField   nonuniform List<vector> 
4000
(
(-0.180054 1.36876 0)
(-0.411173 1.65964 0)
(-0.350257 1.60542 0)
(-0.174262 1.46188 0)
(-0.0400139 1.32134 0)
(0.026104 1.20236 0)
(0.0530594 1.10971 0)
(0.0592718 1.03532 0)
(0.0572353 0.973087 0)
(0.0526643 0.919649 0)
(0.0478145 0.872968 0)
(0.0434233 0.831698 0)
(0.0396377 0.794886 0)
(0.0364086 0.761821 0)
(0.0336381 0.731953 0)
(0.0312394 0.704849 0)
(0.029143 0.680154 0)
(0.0272874 0.657582 0)
(0.0256285 0.63688 0)
(0.0241337 0.61784 0)
(0.0227751 0.600282 0)
(0.0215331 0.58406 0)
(0.0203921 0.569046 0)
(0.0193374 0.555131 0)
(0.018357 0.542217 0)
(0.0174406 0.530218 0)
(0.0165798 0.519058 0)
(0.0157673 0.508668 0)
(0.0149971 0.498986 0)
(0.0142641 0.489954 0)
(0.0135656 0.481521 0)
(0.0128998 0.473645 0)
(0.0122636 0.466293 0)
(0.0116534 0.459434 0)
(0.0110661 0.453039 0)
(0.010499 0.447079 0)
(0.00995033 0.441525 0)
(0.00941891 0.436354 0)
(0.00890341 0.431544 0)
(0.00840246 0.427075 0)
(0.00791462 0.42293 0)
(0.00743846 0.419093 0)
(0.00697257 0.415547 0)
(0.00651585 0.412278 0)
(0.00606788 0.409274 0)
(0.00562813 0.406527 0)
(0.00519556 0.404029 0)
(0.004769 0.401776 0)
(0.0043474 0.399761 0)
(0.00392973 0.397979 0)
(0.00351476 0.396428 0)
(0.00310095 0.395105 0)
(0.00268758 0.394008 0)
(0.00227572 0.393139 0)
(0.00186725 0.392501 0)
(0.00146313 0.392095 0)
(0.00106293 0.391926 0)
(0.000666899 0.392005 0)
(0.000271945 0.392341 0)
(-0.000129189 0.392936 0)
(-0.000538393 0.393783 0)
(-0.00095399 0.394881 0)
(-0.00137627 0.396229 0)
(-0.00180562 0.397827 0)
(-0.0022423 0.399677 0)
(-0.00268696 0.401783 0)
(-0.00314062 0.404152 0)
(-0.00360452 0.406792 0)
(-0.00408024 0.409714 0)
(-0.00457 0.412929 0)
(-0.00507564 0.416451 0)
(-0.00560176 0.420302 0)
(-0.00614754 0.424502 0)
(-0.00671231 0.429068 0)
(-0.00730237 0.434025 0)
(-0.00792228 0.4394 0)
(-0.00857728 0.445225 0)
(-0.00927377 0.451533 0)
(-0.0100184 0.458357 0)
(-0.0108116 0.465735 0)
(-0.0116262 0.473743 0)
(-0.0125129 0.482681 0)
(-0.013526 0.492404 0)
(-0.0146476 0.502997 0)
(-0.0158949 0.514594 0)
(-0.0173002 0.527346 0)
(-0.0189074 0.541435 0)
(-0.0207755 0.557085 0)
(-0.02298 0.57457 0)
(-0.0256033 0.594251 0)
(-0.0286842 0.616616 0)
(-0.0320532 0.642364 0)
(-0.0348244 0.672523 0)
(-0.0341638 0.708689 0)
(-0.0228365 0.753525 0)
(0.0120775 0.811591 0)
(0.0950642 0.884875 0)
(0.22879 0.967486 0)
(0.277164 1.00517 0)
(0.0897555 0.787075 0)
(-0.193736 2.16163 0)
(-0.403132 2.53653 0)
(-0.535575 2.52529 0)
(-0.532405 2.42509 0)
(-0.472356 2.30334 0)
(-0.407905 2.18207 0)
(-0.351424 2.06723 0)
(-0.304689 1.96143 0)
(-0.266836 1.86533 0)
(-0.235964 1.77831 0)
(-0.210562 1.69942 0)
(-0.189403 1.62767 0)
(-0.171544 1.56217 0)
(-0.156275 1.50213 0)
(-0.143065 1.44691 0)
(-0.131513 1.39593 0)
(-0.121316 1.34873 0)
(-0.112271 1.3049 0)
(-0.104204 1.26411 0)
(-0.0969645 1.22607 0)
(-0.090425 1.19053 0)
(-0.0844698 1.15727 0)
(-0.0790215 1.12611 0)
(-0.0740189 1.09685 0)
(-0.0694104 1.06937 0)
(-0.065152 1.04353 0)
(-0.0612062 1.01921 0)
(-0.0575418 0.996319 0)
(-0.0541348 0.974757 0)
(-0.0509664 0.954449 0)
(-0.0480007 0.935329 0)
(-0.0451934 0.917327 0)
(-0.0425238 0.900378 0)
(-0.0399866 0.884425 0)
(-0.0375766 0.86942 0)
(-0.0352906 0.855317 0)
(-0.0331191 0.842061 0)
(-0.0310476 0.829616 0)
(-0.0290659 0.817951 0)
(-0.0271663 0.807039 0)
(-0.0253422 0.796851 0)
(-0.0235876 0.787363 0)
(-0.0218967 0.778551 0)
(-0.0202612 0.770383 0)
(-0.0186707 0.762835 0)
(-0.0171155 0.755902 0)
(-0.0155896 0.749581 0)
(-0.0140892 0.743865 0)
(-0.0126104 0.738747 0)
(-0.0111486 0.73422 0)
(-0.00969908 0.730278 0)
(-0.00825633 0.726921 0)
(-0.00681447 0.724146 0)
(-0.00536679 0.721956 0)
(-0.00390534 0.720353 0)
(-0.00242074 0.719341 0)
(-0.000901034 0.718929 0)
(0.000663429 0.719126 0)
(0.00225422 0.72007 0)
(0.00383473 0.721765 0)
(0.0053989 0.724088 0)
(0.00696144 0.727052 0)
(0.00852738 0.730664 0)
(0.0101008 0.734914 0)
(0.0116908 0.739804 0)
(0.0133072 0.745344 0)
(0.0149592 0.751547 0)
(0.0166558 0.758428 0)
(0.0184065 0.766006 0)
(0.0202212 0.774303 0)
(0.0221105 0.783346 0)
(0.0240864 0.793165 0)
(0.0261623 0.803796 0)
(0.0283523 0.815276 0)
(0.0306708 0.827653 0)
(0.0331319 0.840979 0)
(0.0357485 0.855314 0)
(0.0385309 0.870733 0)
(0.041494 0.887319 0)
(0.0447261 0.905174 0)
(0.0488308 0.924383 0)
(0.0533128 0.944837 0)
(0.0576951 0.966903 0)
(0.0626174 0.990775 0)
(0.0682328 1.01661 0)
(0.0746694 1.04464 0)
(0.0820985 1.0751 0)
(0.0907572 1.10834 0)
(0.100977 1.14473 0)
(0.11325 1.18473 0)
(0.1283 1.2289 0)
(0.147097 1.27782 0)
(0.170852 1.33209 0)
(0.20097 1.39208 0)
(0.238653 1.45727 0)
(0.283623 1.52495 0)
(0.327832 1.58786 0)
(0.332009 1.62216 0)
(0.221254 1.56128 0)
(0.0622936 1.23227 0)
(-0.245132 1.50336 0)
(-0.459041 1.75572 0)
(-0.645947 1.75075 0)
(-0.675191 1.6968 0)
(-0.631752 1.63236 0)
(-0.575418 1.56624 0)
(-0.5207 1.50122 0)
(-0.470019 1.4385 0)
(-0.424231 1.3788 0)
(-0.383943 1.32246 0)
(-0.348688 1.2696 0)
(-0.317809 1.22017 0)
(-0.290681 1.17405 0)
(-0.266751 1.13107 0)
(-0.245551 1.09102 0)
(-0.226684 1.05369 0)
(-0.209825 1.01886 0)
(-0.194663 0.98636 0)
(-0.180952 0.956002 0)
(-0.168499 0.927626 0)
(-0.157148 0.901083 0)
(-0.146784 0.876234 0)
(-0.137284 0.852952 0)
(-0.128542 0.831121 0)
(-0.120471 0.81064 0)
(-0.112993 0.791414 0)
(-0.10604 0.773359 0)
(-0.0995515 0.756402 0)
(-0.093471 0.740477 0)
(-0.0877489 0.725525 0)
(-0.0823619 0.711495 0)
(-0.0773018 0.698332 0)
(-0.0725402 0.685981 0)
(-0.0680372 0.674394 0)
(-0.0637624 0.663525 0)
(-0.0597389 0.653338 0)
(-0.0559445 0.64382 0)
(-0.0523117 0.634939 0)
(-0.0488248 0.626666 0)
(-0.0454741 0.618974 0)
(-0.0422497 0.611841 0)
(-0.0391409 0.605245 0)
(-0.0361373 0.599163 0)
(-0.0332256 0.593558 0)
(-0.03039 0.588404 0)
(-0.027617 0.583707 0)
(-0.0248967 0.579473 0)
(-0.0222207 0.5757 0)
(-0.0195809 0.57238 0)
(-0.0169686 0.569509 0)
(-0.0143748 0.567082 0)
(-0.0117901 0.565096 0)
(-0.00920479 0.563549 0)
(-0.0066088 0.562443 0)
(-0.00399105 0.561777 0)
(-0.00133917 0.561552 0)
(0.00136088 0.561772 0)
(0.00411214 0.562506 0)
(0.00689138 0.563978 0)
(0.00967222 0.566127 0)
(0.0124547 0.568742 0)
(0.0152537 0.571861 0)
(0.0180762 0.575501 0)
(0.0209272 0.57964 0)
(0.0238193 0.584271 0)
(0.0267674 0.589405 0)
(0.0297865 0.595051 0)
(0.0328922 0.601225 0)
(0.0361013 0.607943 0)
(0.0394316 0.615223 0)
(0.042903 0.623087 0)
(0.046537 0.631561 0)
(0.050358 0.640671 0)
(0.0543938 0.650449 0)
(0.0586765 0.660932 0)
(0.0632444 0.672159 0)
(0.0681451 0.684178 0)
(0.0734382 0.697043 0)
(0.0791908 0.710817 0)
(0.0854116 0.725572 0)
(0.0916083 0.741354 0)
(0.0984446 0.758012 0)
(0.106638 0.775854 0)
(0.115704 0.794973 0)
(0.125703 0.815476 0)
(0.136881 0.837458 0)
(0.149489 0.861021 0)
(0.16382 0.886267 0)
(0.180225 0.913288 0)
(0.199101 0.94215 0)
(0.220871 0.972851 0)
(0.246019 1.00527 0)
(0.275008 1.03911 0)
(0.308004 1.07378 0)
(0.344568 1.10819 0)
(0.382681 1.14029 0)
(0.412728 1.16542 0)
(0.392114 1.17018 0)
(0.245982 1.11134 0)
(0.0829076 0.856858 0)
(-0.256719 1.18672 0)
(-0.485645 1.39621 0)
(-0.686037 1.40847 0)
(-0.725678 1.38183 0)
(-0.689148 1.34468 0)
(-0.637972 1.30459 0)
(-0.587028 1.26419 0)
(-0.539397 1.22446 0)
(-0.495906 1.18559 0)
(-0.456471 1.14784 0)
(-0.420836 1.11142 0)
(-0.388654 1.07648 0)
(-0.359569 1.04309 0)
(-0.333249 1.01127 0)
(-0.309388 0.981041 0)
(-0.287716 0.952367 0)
(-0.267977 0.92521 0)
(-0.249951 0.899518 0)
(-0.233446 0.875221 0)
(-0.218298 0.852252 0)
(-0.204358 0.830542 0)
(-0.191494 0.810026 0)
(-0.179596 0.790642 0)
(-0.168563 0.772331 0)
(-0.158307 0.755036 0)
(-0.148747 0.738701 0)
(-0.139812 0.723275 0)
(-0.13144 0.708709 0)
(-0.123575 0.694957 0)
(-0.116169 0.681973 0)
(-0.109187 0.669715 0)
(-0.102595 0.658148 0)
(-0.0963634 0.647244 0)
(-0.0904644 0.636974 0)
(-0.084867 0.627309 0)
(-0.0794965 0.618225 0)
(-0.0743303 0.609717 0)
(-0.0693955 0.601764 0)
(-0.064672 0.594342 0)
(-0.0601366 0.58743 0)
(-0.0557688 0.581011 0)
(-0.0515512 0.575067 0)
(-0.0474682 0.569576 0)
(-0.0435019 0.564495 0)
(-0.039633 0.559794 0)
(-0.0358463 0.55549 0)
(-0.0321291 0.551601 0)
(-0.0284697 0.548124 0)
(-0.0248569 0.545054 0)
(-0.0212792 0.542387 0)
(-0.0177252 0.540118 0)
(-0.0141834 0.538244 0)
(-0.0106423 0.536762 0)
(-0.00709016 0.53567 0)
(-0.00351468 0.534968 0)
(9.73912e-05 0.534653 0)
(0.00376013 0.534725 0)
(0.00747814 0.535316 0)
(0.0112328 0.53672 0)
(0.0150011 0.53881 0)
(0.0187828 0.541309 0)
(0.0225963 0.544269 0)
(0.0264522 0.547713 0)
(0.0303561 0.551608 0)
(0.0343218 0.555937 0)
(0.0383677 0.560707 0)
(0.0425119 0.565927 0)
(0.0467738 0.571608 0)
(0.0511738 0.577764 0)
(0.0557345 0.584407 0)
(0.0604799 0.591554 0)
(0.0654367 0.599223 0)
(0.0706341 0.607432 0)
(0.0761044 0.616203 0)
(0.0818838 0.625556 0)
(0.0880131 0.635517 0)
(0.0945374 0.646108 0)
(0.101506 0.657353 0)
(0.108971 0.669274 0)
(0.116976 0.681892 0)
(0.125565 0.69525 0)
(0.134889 0.709594 0)
(0.145076 0.724742 0)
(0.156255 0.740693 0)
(0.168582 0.757502 0)
(0.18216 0.775196 0)
(0.197165 0.793778 0)
(0.213801 0.813229 0)
(0.2323 0.833498 0)
(0.252913 0.854488 0)
(0.275901 0.876055 0)
(0.301517 0.897991 0)
(0.329919 0.919993 0)
(0.360991 0.941621 0)
(0.39405 0.962206 0)
(0.426869 0.980456 0)
(0.449431 0.992912 0)
(0.418376 0.988185 0)
(0.260666 0.927998 0)
(0.0871218 0.694326 0)
(-0.261335 1.02006 0)
(-0.502472 1.24105 0)
(-0.715479 1.27004 0)
(-0.76679 1.25549 0)
(-0.737775 1.22811 0)
(-0.691124 1.19667 0)
(-0.64294 1.16418 0)
(-0.596893 1.13172 0)
(-0.554117 1.09982 0)
(-0.514824 1.06872 0)
(-0.478844 1.03855 0)
(-0.445899 1.00942 0)
(-0.415702 0.981361 0)
(-0.387989 0.954419 0)
(-0.36252 0.928604 0)
(-0.339079 0.903914 0)
(-0.317468 0.880338 0)
(-0.29751 0.857851 0)
(-0.279046 0.836426 0)
(-0.261934 0.81603 0)
(-0.246046 0.796627 0)
(-0.231268 0.77818 0)
(-0.217496 0.760651 0)
(-0.204635 0.744005 0)
(-0.192603 0.728204 0)
(-0.181323 0.713212 0)
(-0.170726 0.698994 0)
(-0.160751 0.685516 0)
(-0.151343 0.672746 0)
(-0.142453 0.660653 0)
(-0.134037 0.649208 0)
(-0.126056 0.638386 0)
(-0.118473 0.628165 0)
(-0.111254 0.618523 0)
(-0.104364 0.609443 0)
(-0.0977696 0.600908 0)
(-0.0914445 0.592883 0)
(-0.0853717 0.585353 0)
(-0.0795314 0.578306 0)
(-0.0739033 0.571729 0)
(-0.0684673 0.565608 0)
(-0.0632052 0.559929 0)
(-0.0581005 0.554671 0)
(-0.0531325 0.549782 0)
(-0.0482799 0.545232 0)
(-0.0435271 0.541047 0)
(-0.0388596 0.537252 0)
(-0.0342632 0.533845 0)
(-0.0297244 0.530823 0)
(-0.0252301 0.52818 0)
(-0.0207672 0.525911 0)
(-0.0163228 0.524012 0)
(-0.0118845 0.522478 0)
(-0.00743919 0.521308 0)
(-0.00297379 0.520498 0)
(0.0015257 0.520045 0)
(0.00607365 0.519948 0)
(0.0106788 0.520384 0)
(0.0153296 0.521715 0)
(0.0200044 0.523764 0)
(0.0247018 0.526189 0)
(0.029444 0.529049 0)
(0.0342463 0.532375 0)
(0.0391138 0.536126 0)
(0.0440609 0.540277 0)
(0.0491083 0.544828 0)
(0.0542764 0.549787 0)
(0.0595862 0.555164 0)
(0.0650607 0.560968 0)
(0.0707244 0.567209 0)
(0.0766038 0.573899 0)
(0.0827277 0.581049 0)
(0.0891271 0.588672 0)
(0.095836 0.596782 0)
(0.102892 0.605392 0)
(0.110335 0.614516 0)
(0.118212 0.624168 0)
(0.126573 0.634361 0)
(0.135472 0.645112 0)
(0.144971 0.656435 0)
(0.155141 0.668351 0)
(0.16607 0.680885 0)
(0.177854 0.694027 0)
(0.1906 0.707784 0)
(0.204422 0.722129 0)
(0.219439 0.737042 0)
(0.235783 0.752493 0)
(0.253602 0.768435 0)
(0.273056 0.784797 0)
(0.294315 0.80148 0)
(0.317547 0.818355 0)
(0.342891 0.835248 0)
(0.370369 0.851934 0)
(0.399701 0.868102 0)
(0.429999 0.883258 0)
(0.458765 0.896345 0)
(0.475612 0.904229 0)
(0.436849 0.896041 0)
(0.271247 0.833954 0)
(0.0896942 0.601467 0)
(-0.266957 0.869471 0)
(-0.519513 1.10186 0)
(-0.740829 1.14425 0)
(-0.799866 1.13872 0)
(-0.776709 1.11898 0)
(-0.734194 1.09478 0)
(-0.688758 1.06912 0)
(-0.644375 1.04308 0)
(-0.602472 1.01712 0)
(-0.563471 0.991515 0)
(-0.527346 0.966447 0)
(-0.493916 0.942028 0)
(-0.462969 0.918337 0)
(-0.434297 0.895424 0)
(-0.407705 0.873321 0)
(-0.383013 0.852043 0)
(-0.360055 0.831596 0)
(-0.338684 0.811974 0)
(-0.318762 0.793171 0)
(-0.300164 0.77517 0)
(-0.282777 0.757954 0)
(-0.266498 0.741504 0)
(-0.251232 0.725798 0)
(-0.236895 0.710816 0)
(-0.223408 0.696533 0)
(-0.210701 0.682928 0)
(-0.198709 0.669977 0)
(-0.187372 0.657657 0)
(-0.176635 0.645946 0)
(-0.16645 0.634824 0)
(-0.156771 0.624271 0)
(-0.147559 0.614268 0)
(-0.138774 0.604798 0)
(-0.130381 0.595843 0)
(-0.122349 0.587388 0)
(-0.114645 0.579417 0)
(-0.107244 0.571914 0)
(-0.10012 0.564865 0)
(-0.0932514 0.558258 0)
(-0.086615 0.552081 0)
(-0.0801903 0.546324 0)
(-0.0739582 0.540973 0)
(-0.0679018 0.536006 0)
(-0.061998 0.531363 0)
(-0.0562241 0.527017 0)
(-0.0505656 0.523002 0)
(-0.0450067 0.519347 0)
(-0.0395314 0.516053 0)
(-0.0341251 0.513117 0)
(-0.0287735 0.510533 0)
(-0.0234626 0.508295 0)
(-0.0181788 0.5064 0)
(-0.0129086 0.504842 0)
(-0.00763822 0.503617 0)
(-0.00235386 0.502722 0)
(0.00295904 0.502153 0)
(0.00831495 0.501907 0)
(0.0137269 0.502192 0)
(0.0191916 0.503437 0)
(0.0246893 0.505434 0)
(0.030217 0.507771 0)
(0.0357992 0.510509 0)
(0.0414573 0.513691 0)
(0.0471954 0.517273 0)
(0.0530265 0.521214 0)
(0.0589739 0.525515 0)
(0.0650586 0.53018 0)
(0.0713027 0.535216 0)
(0.07773 0.54063 0)
(0.0843657 0.546427 0)
(0.0912371 0.552616 0)
(0.098373 0.559203 0)
(0.105805 0.566196 0)
(0.113567 0.573603 0)
(0.121695 0.581429 0)
(0.130229 0.589681 0)
(0.139214 0.598366 0)
(0.148698 0.607488 0)
(0.158734 0.617051 0)
(0.16938 0.627059 0)
(0.1807 0.637511 0)
(0.192767 0.648405 0)
(0.205659 0.65973 0)
(0.219459 0.671471 0)
(0.23426 0.683601 0)
(0.250157 0.696088 0)
(0.267254 0.708886 0)
(0.28566 0.72194 0)
(0.305488 0.735176 0)
(0.32685 0.7485 0)
(0.349851 0.761795 0)
(0.37455 0.774916 0)
(0.40088 0.787681 0)
(0.428464 0.799848 0)
(0.456318 0.811034 0)
(0.481853 0.820345 0)
(0.494617 0.824907 0)
(0.450915 0.814255 0)
(0.280383 0.751063 0)
(0.0924826 0.521524 0)
(-0.272122 0.739469 0)
(-0.534524 0.974933 0)
(-0.761684 1.02647 0)
(-0.825667 1.02754 0)
(-0.806467 1.01364 0)
(-0.767147 0.995213 0)
(-0.724187 0.975267 0)
(-0.681608 0.954733 0)
(-0.640914 0.933999 0)
(-0.602624 0.913299 0)
(-0.566802 0.892801 0)
(-0.533346 0.872631 0)
(-0.502107 0.852881 0)
(-0.47293 0.833621 0)
(-0.445663 0.814899 0)
(-0.420162 0.796749 0)
(-0.396291 0.779193 0)
(-0.373924 0.762243 0)
(-0.352944 0.745906 0)
(-0.333243 0.730183 0)
(-0.314722 0.715069 0)
(-0.297286 0.700558 0)
(-0.280851 0.686641 0)
(-0.265341 0.673307 0)
(-0.250683 0.660544 0)
(-0.236812 0.64834 0)
(-0.223666 0.63668 0)
(-0.211189 0.625551 0)
(-0.199328 0.614939 0)
(-0.188036 0.604831 0)
(-0.177269 0.595214 0)
(-0.166987 0.586074 0)
(-0.157153 0.577398 0)
(-0.14773 0.569175 0)
(-0.138688 0.561393 0)
(-0.129996 0.55404 0)
(-0.121624 0.547105 0)
(-0.113549 0.540579 0)
(-0.105745 0.534452 0)
(-0.0981898 0.528714 0)
(-0.0908619 0.523357 0)
(-0.0837416 0.518368 0)
(-0.0768116 0.513724 0)
(-0.0700463 0.50936 0)
(-0.063423 0.505248 0)
(-0.0569285 0.501435 0)
(-0.0505464 0.497951 0)
(-0.0442596 0.494798 0)
(-0.0380529 0.491973 0)
(-0.0319113 0.48947 0)
(-0.0258205 0.487285 0)
(-0.0197661 0.485412 0)
(-0.013734 0.483847 0)
(-0.00771024 0.482585 0)
(-0.00168045 0.481622 0)
(0.00437007 0.480953 0)
(0.0104556 0.480575 0)
(0.0165928 0.480706 0)
(0.0227876 0.481844 0)
(0.0290225 0.483769 0)
(0.0352932 0.485996 0)
(0.0416243 0.488586 0)
(0.0480448 0.491593 0)
(0.0545576 0.494972 0)
(0.0611726 0.498673 0)
(0.0679152 0.502691 0)
(0.074807 0.507029 0)
(0.0818696 0.511691 0)
(0.0891266 0.516681 0)
(0.0966033 0.522002 0)
(0.104326 0.527659 0)
(0.112323 0.533655 0)
(0.120625 0.539992 0)
(0.129264 0.546672 0)
(0.138274 0.553699 0)
(0.147694 0.56107 0)
(0.157565 0.568788 0)
(0.167931 0.576849 0)
(0.17884 0.585249 0)
(0.190343 0.593983 0)
(0.202495 0.603042 0)
(0.215359 0.612412 0)
(0.228996 0.622075 0)
(0.243476 0.632009 0)
(0.258871 0.642181 0)
(0.275256 0.652554 0)
(0.292708 0.663081 0)
(0.311306 0.673704 0)
(0.331131 0.684352 0)
(0.352256 0.694942 0)
(0.374743 0.705373 0)
(0.398605 0.715528 0)
(0.423735 0.725267 0)
(0.449719 0.734411 0)
(0.475557 0.74266 0)
(0.498664 0.749248 0)
(0.5086 0.751492 0)
(0.46163 0.739322 0)
(0.287726 0.676423 0)
(0.0948422 0.453721 0)
(-0.276287 0.63128 0)
(-0.546653 0.862784 0)
(-0.778248 0.919578 0)
(-0.845761 0.925257 0)
(-0.829418 0.915661 0)
(-0.79254 0.901574 0)
(-0.751629 0.885999 0)
(-0.710699 0.869784 0)
(-0.671263 0.853247 0)
(-0.633866 0.836573 0)
(-0.598611 0.819902 0)
(-0.565442 0.803345 0)
(-0.53425 0.786992 0)
(-0.50492 0.770914 0)
(-0.477332 0.755167 0)
(-0.451372 0.739794 0)
(-0.42693 0.724826 0)
(-0.4039 0.710289 0)
(-0.382183 0.696197 0)
(-0.361687 0.682563 0)
(-0.342323 0.669393 0)
(-0.324009 0.656689 0)
(-0.30667 0.644452 0)
(-0.290237 0.632679 0)
(-0.274644 0.621367 0)
(-0.259831 0.61051 0)
(-0.245739 0.600102 0)
(-0.232316 0.590136 0)
(-0.219512 0.580604 0)
(-0.207283 0.571498 0)
(-0.195587 0.56281 0)
(-0.184386 0.554532 0)
(-0.173642 0.546656 0)
(-0.163321 0.539173 0)
(-0.153392 0.532075 0)
(-0.143825 0.525355 0)
(-0.13459 0.519004 0)
(-0.125664 0.513016 0)
(-0.11702 0.507384 0)
(-0.108638 0.5021 0)
(-0.100493 0.497158 0)
(-0.0925673 0.492546 0)
(-0.084843 0.48824 0)
(-0.0772924 0.48417 0)
(-0.0698931 0.480311 0)
(-0.0626348 0.476719 0)
(-0.0555003 0.473425 0)
(-0.048472 0.470432 0)
(-0.0415344 0.467737 0)
(-0.0346726 0.465334 0)
(-0.0278714 0.463218 0)
(-0.0211165 0.461385 0)
(-0.0143935 0.45983 0)
(-0.00768803 0.458549 0)
(-0.00098579 0.457536 0)
(0.0057278 0.456787 0)
(0.0124665 0.456297 0)
(0.0192499 0.456278 0)
(0.0260932 0.457292 0)
(0.0329818 0.459126 0)
(0.0399108 0.461228 0)
(0.0469022 0.46365 0)
(0.0539945 0.466458 0)
(0.0611892 0.469615 0)
(0.0684915 0.473055 0)
(0.0759292 0.476772 0)
(0.0835231 0.480766 0)
(0.0912945 0.48504 0)
(0.0992659 0.489595 0)
(0.107461 0.494432 0)
(0.115906 0.499553 0)
(0.124628 0.504958 0)
(0.133654 0.510645 0)
(0.143015 0.516614 0)
(0.152743 0.522863 0)
(0.162872 0.529387 0)
(0.173441 0.536183 0)
(0.184488 0.543242 0)
(0.196056 0.550557 0)
(0.208189 0.558116 0)
(0.220935 0.565905 0)
(0.234344 0.573907 0)
(0.248468 0.582099 0)
(0.263363 0.590455 0)
(0.279086 0.598942 0)
(0.295694 0.607522 0)
(0.313247 0.61615 0)
(0.331803 0.624772 0)
(0.351419 0.633326 0)
(0.372147 0.641742 0)
(0.394023 0.649938 0)
(0.417043 0.657825 0)
(0.441082 0.665297 0)
(0.465724 0.67222 0)
(0.489973 0.678355 0)
(0.511265 0.683016 0)
(0.519155 0.683681 0)
(0.469829 0.670736 0)
(0.293428 0.609401 0)
(0.0966806 0.396634 0)
(-0.279544 0.540714 0)
(-0.556198 0.763269 0)
(-0.791279 0.822273 0)
(-0.861549 0.831027 0)
(-0.847413 0.824626 0)
(-0.812462 0.813844 0)
(-0.773235 0.801628 0)
(-0.733728 0.788772 0)
(-0.695447 0.775546 0)
(-0.658947 0.762101 0)
(-0.624345 0.748548 0)
(-0.591608 0.73498 0)
(-0.560652 0.721476 0)
(-0.531385 0.708102 0)
(-0.503711 0.694913 0)
(-0.477536 0.681952 0)
(-0.452768 0.669256 0)
(-0.429319 0.656853 0)
(-0.407106 0.644767 0)
(-0.386048 0.633015 0)
(-0.366069 0.621608 0)
(-0.347098 0.610557 0)
(-0.329066 0.599867 0)
(-0.311912 0.589543 0)
(-0.295575 0.579587 0)
(-0.280001 0.569998 0)
(-0.265136 0.560776 0)
(-0.250932 0.551917 0)
(-0.237342 0.543421 0)
(-0.224325 0.535281 0)
(-0.21184 0.527495 0)
(-0.199852 0.520058 0)
(-0.188324 0.512965 0)
(-0.177224 0.506211 0)
(-0.16652 0.499792 0)
(-0.156184 0.493701 0)
(-0.146187 0.487934 0)
(-0.136506 0.482486 0)
(-0.127115 0.477352 0)
(-0.117993 0.472528 0)
(-0.109117 0.468006 0)
(-0.100467 0.463778 0)
(-0.0920271 0.459819 0)
(-0.0837671 0.456053 0)
(-0.075666 0.452462 0)
(-0.0677167 0.449108 0)
(-0.0599012 0.446022 0)
(-0.0522019 0.443206 0)
(-0.0446033 0.440658 0)
(-0.0370903 0.438372 0)
(-0.0296479 0.436345 0)
(-0.0222614 0.434571 0)
(-0.0149166 0.433046 0)
(-0.0075991 0.431766 0)
(-0.000294863 0.430725 0)
(0.00701035 0.429918 0)
(0.0143297 0.429342 0)
(0.0216844 0.429182 0)
(0.0290987 0.430065 0)
(0.036562 0.431796 0)
(0.0440698 0.43376 0)
(0.0516384 0.436002 0)
(0.0593176 0.438598 0)
(0.0671076 0.441518 0)
(0.0750072 0.444686 0)
(0.0830467 0.448094 0)
(0.0912462 0.451739 0)
(0.0996257 0.455623 0)
(0.108206 0.459744 0)
(0.117011 0.464104 0)
(0.126064 0.4687 0)
(0.135389 0.47353 0)
(0.145012 0.478592 0)
(0.154963 0.483882 0)
(0.165269 0.489395 0)
(0.175962 0.495125 0)
(0.187076 0.501063 0)
(0.198645 0.507201 0)
(0.210706 0.513527 0)
(0.223297 0.520028 0)
(0.236459 0.526686 0)
(0.250233 0.533483 0)
(0.264664 0.540396 0)
(0.279796 0.547397 0)
(0.295674 0.554456 0)
(0.312344 0.561536 0)
(0.329853 0.568597 0)
(0.348246 0.575592 0)
(0.367566 0.582469 0)
(0.387853 0.589171 0)
(0.409132 0.595634 0)
(0.43139 0.601787 0)
(0.454499 0.607553 0)
(0.478044 0.612826 0)
(0.501039 0.617406 0)
(0.520934 0.620667 0)
(0.527273 0.620245 0)
(0.476155 0.607069 0)
(0.297852 0.548298 0)
(0.0981044 0.347711 0)
(-0.282129 0.463607 0)
(-0.563773 0.673704 0)
(-0.801597 0.732622 0)
(-0.874075 0.743283 0)
(-0.861706 0.739275 0)
(-0.828325 0.731064 0)
(-0.790501 0.721489 0)
(-0.752208 0.71129 0)
(-0.714947 0.700706 0)
(-0.679274 0.68986 0)
(-0.645319 0.678845 0)
(-0.613058 0.667739 0)
(-0.582421 0.656608 0)
(-0.553331 0.645512 0)
(-0.525707 0.634501 0)
(-0.49947 0.623616 0)
(-0.47454 0.612894 0)
(-0.450843 0.602364 0)
(-0.428305 0.592051 0)
(-0.406859 0.581976 0)
(-0.386437 0.572154 0)
(-0.366976 0.562599 0)
(-0.348416 0.55332 0)
(-0.330699 0.544325 0)
(-0.313773 0.535621 0)
(-0.297587 0.52721 0)
(-0.282093 0.519097 0)
(-0.267245 0.51128 0)
(-0.253001 0.503762 0)
(-0.239322 0.496542 0)
(-0.22617 0.489619 0)
(-0.21351 0.48299 0)
(-0.20131 0.476654 0)
(-0.189536 0.470608 0)
(-0.178159 0.464849 0)
(-0.167151 0.459375 0)
(-0.156486 0.454182 0)
(-0.14614 0.449268 0)
(-0.136089 0.444628 0)
(-0.12631 0.44026 0)
(-0.116782 0.436159 0)
(-0.107486 0.432317 0)
(-0.098405 0.428707 0)
(-0.0895089 0.425253 0)
(-0.0807781 0.421942 0)
(-0.0722091 0.41884 0)
(-0.0637828 0.415976 0)
(-0.0554818 0.413353 0)
(-0.0472908 0.410969 0)
(-0.0391945 0.408818 0)
(-0.0311781 0.406898 0)
(-0.023227 0.405203 0)
(-0.0153271 0.403728 0)
(-0.00746444 0.402471 0)
(0.000374684 0.401425 0)
(0.00820394 0.400586 0)
(0.0160359 0.39995 0)
(0.0238918 0.399667 0)
(0.0318049 0.400414 0)
(0.039769 0.402032 0)
(0.0477814 0.40385 0)
(0.0558498 0.405903 0)
(0.0640371 0.408278 0)
(0.0723427 0.410952 0)
(0.0807571 0.413843 0)
(0.0893134 0.416938 0)
(0.0980309 0.420234 0)
(0.106928 0.423732 0)
(0.116025 0.42743 0)
(0.125342 0.431326 0)
(0.134901 0.435417 0)
(0.144727 0.4397 0)
(0.154842 0.44417 0)
(0.165271 0.448823 0)
(0.176041 0.453651 0)
(0.187181 0.458648 0)
(0.198719 0.463803 0)
(0.210686 0.469106 0)
(0.223114 0.474545 0)
(0.236037 0.480105 0)
(0.249488 0.485769 0)
(0.263503 0.491517 0)
(0.278119 0.497328 0)
(0.293373 0.503175 0)
(0.309302 0.509031 0)
(0.325944 0.514864 0)
(0.343337 0.520637 0)
(0.361519 0.526311 0)
(0.380525 0.531844 0)
(0.400387 0.537188 0)
(0.421125 0.542294 0)
(0.442725 0.547105 0)
(0.465056 0.55156 0)
(0.487706 0.555577 0)
(0.509701 0.558978 0)
(0.528497 0.561195 0)
(0.533628 0.56003 0)
(0.481111 0.547032 0)
(0.301339 0.491591 0)
(0.0992272 0.304839 0)
(-0.284225 0.396781 0)
(-0.56988 0.591908 0)
(-0.809869 0.649013 0)
(-0.884132 0.660693 0)
(-0.873201 0.658476 0)
(-0.841117 0.652296 0)
(-0.804469 0.644833 0)
(-0.767212 0.636773 0)
(-0.730837 0.628325 0)
(-0.695905 0.619597 0)
(-0.66255 0.610665 0)
(-0.630755 0.601596 0)
(-0.600461 0.592446 0)
(-0.571597 0.58327 0)
(-0.544094 0.574109 0)
(-0.51788 0.565005 0)
(-0.492889 0.55599 0)
(-0.469054 0.547094 0)
(-0.446311 0.53834 0)
(-0.424599 0.529751 0)
(-0.403858 0.521343 0)
(-0.384033 0.513132 0)
(-0.365068 0.50513 0)
(-0.346913 0.497348 0)
(-0.32952 0.489792 0)
(-0.312842 0.482469 0)
(-0.296836 0.475384 0)
(-0.281459 0.468541 0)
(-0.266672 0.461942 0)
(-0.252438 0.455588 0)
(-0.238722 0.449482 0)
(-0.225491 0.443624 0)
(-0.212714 0.438013 0)
(-0.20036 0.432648 0)
(-0.188401 0.427529 0)
(-0.17681 0.422654 0)
(-0.165563 0.418021 0)
(-0.154635 0.413629 0)
(-0.144003 0.409476 0)
(-0.133647 0.405559 0)
(-0.123543 0.401875 0)
(-0.113674 0.398416 0)
(-0.104025 0.395157 0)
(-0.0945638 0.392019 0)
(-0.0852733 0.388996 0)
(-0.0761535 0.386157 0)
(-0.0671843 0.383529 0)
(-0.0583484 0.381113 0)
(-0.0496307 0.378907 0)
(-0.0410163 0.376908 0)
(-0.0324905 0.375112 0)
(-0.024039 0.373514 0)
(-0.0156479 0.37211 0)
(-0.00730382 0.370897 0)
(0.00100652 0.36987 0)
(0.0092962 0.369024 0)
(0.0175772 0.368355 0)
(0.0258696 0.367971 0)
(0.0342147 0.368586 0)
(0.0426118 0.370081 0)
(0.0510608 0.371747 0)
(0.0595582 0.373608 0)
(0.0681819 0.375756 0)
(0.0769312 0.37818 0)
(0.0857865 0.380791 0)
(0.0947839 0.383575 0)
(0.103942 0.386529 0)
(0.113278 0.389652 0)
(0.122809 0.39294 0)
(0.132555 0.396391 0)
(0.142538 0.400003 0)
(0.152776 0.40377 0)
(0.163293 0.407687 0)
(0.174111 0.411748 0)
(0.185254 0.415946 0)
(0.196747 0.420273 0)
(0.208616 0.424719 0)
(0.220887 0.429273 0)
(0.233589 0.433922 0)
(0.246751 0.438652 0)
(0.260403 0.443445 0)
(0.274574 0.448285 0)
(0.289297 0.45315 0)
(0.304603 0.458017 0)
(0.320524 0.462862 0)
(0.337093 0.467655 0)
(0.354341 0.472367 0)
(0.372302 0.476964 0)
(0.391007 0.48141 0)
(0.410484 0.485668 0)
(0.430751 0.489696 0)
(0.451791 0.49345 0)
(0.473475 0.496881 0)
(0.495394 0.499918 0)
(0.516581 0.502407 0)
(0.534502 0.503832 0)
(0.538678 0.502174 0)
(0.485053 0.48966 0)
(0.304136 0.438136 0)
(0.100132 0.266469 0)
(-0.285954 0.337887 0)
(-0.574887 0.516186 0)
(-0.816599 0.570162 0)
(-0.892309 0.582184 0)
(-0.88255 0.5813 0)
(-0.851543 0.576743 0)
(-0.815882 0.570995 0)
(-0.779508 0.564681 0)
(-0.743901 0.557987 0)
(-0.709621 0.551004 0)
(-0.676806 0.5438 0)
(-0.645444 0.536431 0)
(-0.615482 0.528948 0)
(-0.586856 0.521396 0)
(-0.559503 0.513814 0)
(-0.53336 0.506239 0)
(-0.508366 0.4987 0)
(-0.484462 0.491227 0)
(-0.461589 0.483843 0)
(-0.439695 0.476568 0)
(-0.418723 0.46942 0)
(-0.398624 0.462414 0)
(-0.379347 0.455563 0)
(-0.360848 0.44888 0)
(-0.343082 0.442372 0)
(-0.326007 0.436048 0)
(-0.309582 0.429914 0)
(-0.293769 0.423974 0)
(-0.27853 0.418234 0)
(-0.263831 0.412695 0)
(-0.249639 0.407361 0)
(-0.235924 0.402233 0)
(-0.222655 0.397312 0)
(-0.209804 0.392599 0)
(-0.197344 0.388093 0)
(-0.185249 0.383796 0)
(-0.173496 0.379705 0)
(-0.162062 0.375821 0)
(-0.150924 0.372142 0)
(-0.140062 0.368667 0)
(-0.129454 0.365394 0)
(-0.119082 0.362314 0)
(-0.108934 0.359404 0)
(-0.0989762 0.356586 0)
(-0.0891932 0.353858 0)
(-0.0795893 0.351293 0)
(-0.0701425 0.348911 0)
(-0.0608359 0.346714 0)
(-0.0516549 0.344702 0)
(-0.0425847 0.342869 0)
(-0.033611 0.341214 0)
(-0.0247197 0.339731 0)
(-0.0158976 0.338419 0)
(-0.00713163 0.337272 0)
(0.00159083 0.336287 0)
(0.0102823 0.335459 0)
(0.0189544 0.334784 0)
(0.0276241 0.334327 0)
(0.0363405 0.334818 0)
(0.0451092 0.336185 0)
(0.0539325 0.337694 0)
(0.0627966 0.339362 0)
(0.0717913 0.34128 0)
(0.080919 0.343449 0)
(0.0901502 0.345782 0)
(0.0995215 0.34826 0)
(0.109052 0.350879 0)
(0.118756 0.353638 0)
(0.128651 0.356533 0)
(0.138756 0.359561 0)
(0.149089 0.362719 0)
(0.159668 0.366002 0)
(0.170514 0.369405 0)
(0.181647 0.37292 0)
(0.193089 0.376541 0)
(0.204862 0.380259 0)
(0.216989 0.384065 0)
(0.229495 0.387947 0)
(0.242403 0.391895 0)
(0.25574 0.395893 0)
(0.269531 0.399927 0)
(0.283803 0.40398 0)
(0.298585 0.408033 0)
(0.313903 0.412066 0)
(0.329787 0.416058 0)
(0.346265 0.419982 0)
(0.363365 0.423814 0)
(0.381117 0.427525 0)
(0.39955 0.431086 0)
(0.41869 0.434463 0)
(0.438554 0.437624 0)
(0.459123 0.440532 0)
(0.480268 0.443146 0)
(0.501586 0.445408 0)
(0.522116 0.44718 0)
(0.539332 0.447999 0)
(0.542746 0.446037 0)
(0.488232 0.434246 0)
(0.306419 0.387094 0)
(0.100877 0.231481 0)
(-0.287412 0.285198 0)
(-0.579066 0.445264 0)
(-0.822134 0.49509 0)
(-0.899029 0.506927 0)
(-0.890229 0.507016 0)
(-0.860115 0.503765 0)
(-0.825288 0.499421 0)
(-0.789665 0.494546 0)
(-0.754719 0.489305 0)
(-0.721005 0.483777 0)
(-0.688665 0.478019 0)
(-0.657691 0.472082 0)
(-0.628034 0.466009 0)
(-0.599636 0.45984 0)
(-0.57244 0.453612 0)
(-0.546386 0.447356 0)
(-0.52142 0.4411 0)
(-0.497485 0.434871 0)
(-0.474531 0.428691 0)
(-0.452507 0.422581 0)
(-0.431364 0.416556 0)
(-0.411055 0.410632 0)
(-0.391535 0.404822 0)
(-0.372763 0.399137 0)
(-0.354697 0.393587 0)
(-0.337298 0.38818 0)
(-0.320529 0.382924 0)
(-0.304354 0.377823 0)
(-0.288738 0.372882 0)
(-0.273648 0.368107 0)
(-0.259056 0.3635 0)
(-0.24493 0.359063 0)
(-0.231244 0.354798 0)
(-0.217969 0.350707 0)
(-0.205081 0.34679 0)
(-0.192554 0.343048 0)
(-0.180367 0.339482 0)
(-0.168496 0.33609 0)
(-0.15692 0.332873 0)
(-0.14562 0.329831 0)
(-0.134574 0.32696 0)
(-0.123765 0.324254 0)
(-0.113183 0.32169 0)
(-0.102792 0.319194 0)
(-0.0925795 0.316769 0)
(-0.0825539 0.314484 0)
(-0.072691 0.312359 0)
(-0.0629743 0.310394 0)
(-0.0533896 0.308587 0)
(-0.0439225 0.306936 0)
(-0.0345591 0.305437 0)
(-0.0252857 0.304088 0)
(-0.0160896 0.302885 0)
(-0.0069581 0.301824 0)
(0.00212089 0.300903 0)
(0.0111593 0.300116 0)
(0.0201687 0.299461 0)
(0.0291611 0.29896 0)
(0.0381924 0.29934 0)
(0.0472759 0.300568 0)
(0.0564167 0.301916 0)
(0.0656006 0.303397 0)
(0.0749068 0.305086 0)
(0.084348 0.306994 0)
(0.0938974 0.309049 0)
(0.103583 0.311226 0)
(0.113426 0.31352 0)
(0.123439 0.315928 0)
(0.133639 0.318447 0)
(0.144041 0.321074 0)
(0.154664 0.323805 0)
(0.165525 0.326635 0)
(0.17664 0.32956 0)
(0.18803 0.332572 0)
(0.199714 0.335664 0)
(0.211711 0.338829 0)
(0.224043 0.342057 0)
(0.236731 0.345339 0)
(0.249797 0.348663 0)
(0.263263 0.352016 0)
(0.277154 0.355385 0)
(0.291493 0.358755 0)
(0.306305 0.362109 0)
(0.321616 0.365429 0)
(0.337451 0.368697 0)
(0.353835 0.37189 0)
(0.370796 0.374987 0)
(0.388361 0.377963 0)
(0.406556 0.380793 0)
(0.425406 0.38345 0)
(0.444927 0.385905 0)
(0.465102 0.388128 0)
(0.485802 0.390084 0)
(0.506625 0.391722 0)
(0.526619 0.392925 0)
(0.543264 0.39328 0)
(0.546063 0.391158 0)
(0.490829 0.380273 0)
(0.308309 0.337853 0)
(0.101496 0.199056 0)
(-0.28866 0.237419 0)
(-0.582606 0.378175 0)
(-0.826748 0.423047 0)
(-0.904621 0.434278 0)
(-0.896606 0.435059 0)
(-0.867231 0.43286 0)
(-0.833107 0.429675 0)
(-0.798123 0.425995 0)
(-0.763738 0.421967 0)
(-0.73051 0.417659 0)
(-0.69858 0.413121 0)
(-0.667944 0.408395 0)
(-0.638557 0.403523 0)
(-0.610365 0.39854 0)
(-0.583313 0.393478 0)
(-0.557348 0.388367 0)
(-0.532417 0.383232 0)
(-0.508471 0.378096 0)
(-0.48546 0.372982 0)
(-0.463339 0.367907 0)
(-0.442063 0.362887 0)
(-0.421587 0.357936 0)
(-0.401872 0.353068 0)
(-0.382878 0.348293 0)
(-0.364567 0.343621 0)
(-0.346902 0.339059 0)
(-0.329849 0.334615 0)
(-0.313372 0.330295 0)
(-0.297441 0.326103 0)
(-0.282024 0.322045 0)
(-0.267094 0.318123 0)
(-0.252622 0.31434 0)
(-0.238582 0.310699 0)
(-0.224948 0.307202 0)
(-0.211695 0.303849 0)
(-0.1988 0.300643 0)
(-0.186241 0.297582 0)
(-0.173997 0.294669 0)
(-0.162046 0.291903 0)
(-0.15037 0.289284 0)
(-0.138948 0.286809 0)
(-0.127765 0.284472 0)
(-0.11681 0.282249 0)
(-0.106046 0.280077 0)
(-0.0954667 0.277963 0)
(-0.0850791 0.275968 0)
(-0.0748591 0.274108 0)
(-0.0647903 0.272384 0)
(-0.0548592 0.270794 0)
(-0.0450517 0.269337 0)
(-0.0353543 0.268009 0)
(-0.0257538 0.266807 0)
(-0.0162376 0.26573 0)
(-0.00679374 0.264773 0)
(0.00258971 0.263935 0)
(0.0119243 0.26321 0)
(0.0212215 0.262597 0)
(0.0304866 0.262092 0)
(0.0397805 0.262375 0)
(0.0491279 0.263451 0)
(0.0585356 0.264634 0)
(0.0679891 0.265926 0)
(0.0775573 0.26739 0)
(0.0872629 0.269041 0)
(0.0970798 0.270822 0)
(0.107028 0.272703 0)
(0.117131 0.27468 0)
(0.127402 0.276749 0)
(0.137854 0.278907 0)
(0.148504 0.281153 0)
(0.159367 0.28348 0)
(0.170458 0.285886 0)
(0.181796 0.288365 0)
(0.193395 0.290911 0)
(0.205275 0.293518 0)
(0.217453 0.296178 0)
(0.229948 0.298883 0)
(0.242781 0.301624 0)
(0.25597 0.30439 0)
(0.269536 0.307171 0)
(0.283501 0.309955 0)
(0.297887 0.312728 0)
(0.312717 0.315475 0)
(0.328013 0.318182 0)
(0.343799 0.320831 0)
(0.360099 0.323404 0)
(0.376938 0.325881 0)
(0.394341 0.328241 0)
(0.412334 0.330464 0)
(0.43094 0.332526 0)
(0.450175 0.334402 0)
(0.470021 0.336065 0)
(0.49035 0.337488 0)
(0.510766 0.338625 0)
(0.530318 0.339373 0)
(0.546498 0.339374 0)
(0.548798 0.337205 0)
(0.492974 0.327373 0)
(0.309897 0.289972 0)
(0.10202 0.1686 0)
(-0.289742 0.193556 0)
(-0.585653 0.314152 0)
(-0.830655 0.353426 0)
(-0.909336 0.363715 0)
(-0.901963 0.364961 0)
(-0.873203 0.363613 0)
(-0.839667 0.361386 0)
(-0.805218 0.358705 0)
(-0.771307 0.355695 0)
(-0.738488 0.352416 0)
(-0.706904 0.348911 0)
(-0.676553 0.34522 0)
(-0.647394 0.341378 0)
(-0.619374 0.337418 0)
(-0.592444 0.33337 0)
(-0.566553 0.329259 0)
(-0.541653 0.32511 0)
(-0.517696 0.320943 0)
(-0.494639 0.316778 0)
(-0.472438 0.312632 0)
(-0.451051 0.308518 0)
(-0.430438 0.304451 0)
(-0.41056 0.300442 0)
(-0.39138 0.296501 0)
(-0.372863 0.292638 0)
(-0.354976 0.288859 0)
(-0.337684 0.285172 0)
(-0.320955 0.281583 0)
(-0.30476 0.278095 0)
(-0.289069 0.274714 0)
(-0.273856 0.271442 0)
(-0.259094 0.268283 0)
(-0.244757 0.265238 0)
(-0.23082 0.262311 0)
(-0.217261 0.259502 0)
(-0.204055 0.256812 0)
(-0.191182 0.254243 0)
(-0.178622 0.251794 0)
(-0.166355 0.249468 0)
(-0.154362 0.247262 0)
(-0.142623 0.245176 0)
(-0.131124 0.243202 0)
(-0.119853 0.241319 0)
(-0.108777 0.239474 0)
(-0.0978877 0.237676 0)
(-0.0871947 0.235976 0)
(-0.0766735 0.234388 0)
(-0.066308 0.232914 0)
(-0.056085 0.231551 0)
(-0.0459909 0.230298 0)
(-0.0360124 0.229153 0)
(-0.0261369 0.228114 0)
(-0.0163519 0.227177 0)
(-0.00664572 0.226341 0)
(0.00299312 0.225602 0)
(0.0125759 0.224959 0)
(0.0221137 0.224407 0)
(0.0316085 0.223944 0)
(0.0411218 0.224148 0)
(0.0506871 0.225049 0)
(0.0603153 0.226064 0)
(0.0699918 0.227166 0)
(0.079776 0.228406 0)
(0.0897001 0.229803 0)
(0.0997385 0.231311 0)
(0.109904 0.232902 0)
(0.120222 0.234568 0)
(0.130705 0.236309 0)
(0.141366 0.23812 0)
(0.15222 0.24 0)
(0.16328 0.241945 0)
(0.174563 0.24395 0)
(0.186082 0.246012 0)
(0.197854 0.248124 0)
(0.209895 0.250281 0)
(0.222221 0.252477 0)
(0.234851 0.254704 0)
(0.247802 0.256954 0)
(0.261091 0.259219 0)
(0.274739 0.261489 0)
(0.288765 0.263753 0)
(0.303189 0.265999 0)
(0.318032 0.268216 0)
(0.333316 0.27039 0)
(0.349061 0.272505 0)
(0.365291 0.274547 0)
(0.382029 0.276498 0)
(0.3993 0.278341 0)
(0.417126 0.280056 0)
(0.435532 0.281623 0)
(0.454532 0.283021 0)
(0.474107 0.284226 0)
(0.494132 0.285214 0)
(0.51421 0.285946 0)
(0.533398 0.286334 0)
(0.549195 0.286071 0)
(0.551087 0.283947 0)
(0.494772 0.275287 0)
(0.311251 0.243138 0)
(0.10247 0.139674 0)
(-0.290699 0.152876 0)
(-0.588331 0.252639 0)
(-0.834032 0.285788 0)
(-0.913389 0.294858 0)
(-0.906544 0.296378 0)
(-0.878295 0.295709 0)
(-0.845247 0.294272 0)
(-0.811243 0.292422 0)
(-0.777723 0.290263 0)
(-0.745237 0.287849 0)
(-0.713932 0.285221 0)
(-0.683807 0.282414 0)
(-0.654824 0.279462 0)
(-0.626934 0.276391 0)
(-0.600092 0.273231 0)
(-0.574249 0.270003 0)
(-0.54936 0.266729 0)
(-0.525383 0.263428 0)
(-0.502275 0.260118 0)
(-0.479998 0.256814 0)
(-0.45851 0.253527 0)
(-0.437774 0.250271 0)
(-0.417753 0.247055 0)
(-0.398413 0.243889 0)
(-0.37972 0.24078 0)
(-0.361643 0.237735 0)
(-0.344149 0.23476 0)
(-0.327207 0.23186 0)
(-0.310791 0.22904 0)
(-0.294871 0.226303 0)
(-0.279421 0.223653 0)
(-0.264417 0.221091 0)
(-0.249833 0.218621 0)
(-0.235646 0.216244 0)
(-0.221832 0.213961 0)
(-0.20837 0.211774 0)
(-0.195238 0.209683 0)
(-0.182418 0.207689 0)
(-0.16989 0.205793 0)
(-0.157635 0.203993 0)
(-0.145634 0.20229 0)
(-0.133875 0.200677 0)
(-0.122345 0.199133 0)
(-0.11101 0.197618 0)
(-0.0998671 0.196139 0)
(-0.0889229 0.19474 0)
(-0.0781539 0.193431 0)
(-0.0675445 0.192214 0)
(-0.0570818 0.191087 0)
(-0.0467526 0.190049 0)
(-0.0365439 0.189097 0)
(-0.026443 0.188231 0)
(-0.0164382 0.187448 0)
(-0.00651784 0.186745 0)
(0.00332929 0.186122 0)
(0.0131141 0.185574 0)
(0.0228472 0.185101 0)
(0.03253 0.184699 0)
(0.0422241 0.18484 0)
(0.0519668 0.18557 0)
(0.0617728 0.186412 0)
(0.0716304 0.187323 0)
(0.0815895 0.188341 0)
(0.0916913 0.189486 0)
(0.101911 0.190723 0)
(0.112253 0.192026 0)
(0.122747 0.193389 0)
(0.133404 0.194809 0)
(0.144236 0.196284 0)
(0.155257 0.197812 0)
(0.16648 0.19939 0)
(0.177919 0.201014 0)
(0.189589 0.20268 0)
(0.201503 0.204384 0)
(0.213677 0.206121 0)
(0.226128 0.207885 0)
(0.23887 0.209671 0)
(0.25192 0.211471 0)
(0.265297 0.213279 0)
(0.279016 0.215085 0)
(0.293096 0.216881 0)
(0.307557 0.218657 0)
(0.322418 0.220404 0)
(0.337698 0.222108 0)
(0.353418 0.223758 0)
(0.369599 0.225341 0)
(0.386262 0.226842 0)
(0.403431 0.228244 0)
(0.421128 0.229533 0)
(0.439375 0.23069 0)
(0.458187 0.231695 0)
(0.477544 0.232529 0)
(0.49732 0.233167 0)
(0.51712 0.233577 0)
(0.536007 0.233684 0)
(0.551486 0.233235 0)
(0.55304 0.231237 0)
(0.496309 0.223851 0)
(0.312426 0.197142 0)
(0.102863 0.111968 0)
(-0.291561 0.114847 0)
(-0.590757 0.193225 0)
(-0.83704 0.219806 0)
(-0.916983 0.227417 0)
(-0.910576 0.229039 0)
(-0.882748 0.228891 0)
(-0.850101 0.22809 0)
(-0.816457 0.226916 0)
(-0.783244 0.225461 0)
(-0.751013 0.223771 0)
(-0.719911 0.221886 0)
(-0.689943 0.219837 0)
(-0.661074 0.217654 0)
(-0.63326 0.215364 0)
(-0.606459 0.212989 0)
(-0.580626 0.210551 0)
(-0.55572 0.208067 0)
(-0.5317 0.205554 0)
(-0.508527 0.203027 0)
(-0.486163 0.200498 0)
(-0.464572 0.197979 0)
(-0.443718 0.195479 0)
(-0.423565 0.193007 0)
(-0.404081 0.19057 0)
(-0.385234 0.188175 0)
(-0.366992 0.185828 0)
(-0.349327 0.183532 0)
(-0.332207 0.181293 0)
(-0.315605 0.179113 0)
(-0.299496 0.176997 0)
(-0.283852 0.174946 0)
(-0.268649 0.172963 0)
(-0.253864 0.17105 0)
(-0.239473 0.169208 0)
(-0.225454 0.167439 0)
(-0.211784 0.165743 0)
(-0.198445 0.164121 0)
(-0.185416 0.162574 0)
(-0.172679 0.161101 0)
(-0.160216 0.159704 0)
(-0.148008 0.15838 0)
(-0.136042 0.157125 0)
(-0.124306 0.155921 0)
(-0.112767 0.154738 0)
(-0.101422 0.153582 0)
(-0.0902795 0.152488 0)
(-0.079315 0.151464 0)
(-0.0685135 0.15051 0)
(-0.0578622 0.149626 0)
(-0.0473481 0.14881 0)
(-0.0369584 0.148061 0)
(-0.0266807 0.147378 0)
(-0.0165032 0.146758 0)
(-0.00641443 0.146201 0)
(0.00359661 0.145705 0)
(0.0135406 0.145267 0)
(0.0234279 0.144886 0)
(0.0332594 0.14456 0)
(0.0430963 0.144655 0)
(0.0529787 0.145218 0)
(0.0629243 0.145882 0)
(0.0729244 0.146598 0)
(0.0830208 0.147394 0)
(0.0932628 0.148288 0)
(0.103625 0.149255 0)
(0.114109 0.150272 0)
(0.124742 0.151333 0)
(0.135538 0.152438 0)
(0.146507 0.153584 0)
(0.157663 0.15477 0)
(0.169019 0.155992 0)
(0.180586 0.157249 0)
(0.19238 0.158536 0)
(0.204412 0.159851 0)
(0.216699 0.161189 0)
(0.229255 0.162547 0)
(0.242095 0.163918 0)
(0.255234 0.165299 0)
(0.268689 0.166682 0)
(0.282476 0.168062 0)
(0.296612 0.16943 0)
(0.311115 0.17078 0)
(0.326004 0.172103 0)
(0.341296 0.173388 0)
(0.357011 0.174627 0)
(0.373169 0.175807 0)
(0.389789 0.176918 0)
(0.406894 0.177944 0)
(0.424503 0.178874 0)
(0.442638 0.17969 0)
(0.46131 0.180376 0)
(0.480499 0.180914 0)
(0.500078 0.18128 0)
(0.519653 0.181446 0)
(0.538291 0.181349 0)
(0.553505 0.18079 0)
(0.554769 0.178995 0)
(0.497672 0.172973 0)
(0.313482 0.151865 0)
(0.103214 0.0852773 0)
(-0.292366 0.0791464 0)
(-0.593071 0.135664 0)
(-0.839892 0.155281 0)
(-0.920373 0.161195 0)
(-0.914339 0.162736 0)
(-0.886852 0.162939 0)
(-0.854519 0.16261 0)
(-0.821139 0.161961 0)
(-0.788135 0.161066 0)
(-0.756059 0.159972 0)
(-0.725066 0.158711 0)
(-0.695166 0.157315 0)
(-0.66633 0.155807 0)
(-0.638521 0.154212 0)
(-0.611697 0.152547 0)
(-0.585821 0.150831 0)
(-0.560854 0.149077 0)
(-0.536756 0.147298 0)
(-0.513492 0.145506 0)
(-0.491027 0.14371 0)
(-0.469323 0.141919 0)
(-0.448347 0.14014 0)
(-0.428066 0.13838 0)
(-0.408448 0.136643 0)
(-0.389461 0.134936 0)
(-0.371077 0.133262 0)
(-0.353265 0.131625 0)
(-0.335996 0.130028 0)
(-0.319242 0.128473 0)
(-0.302978 0.126964 0)
(-0.287179 0.1255 0)
(-0.27182 0.124086 0)
(-0.256877 0.12272 0)
(-0.242328 0.121406 0)
(-0.22815 0.120143 0)
(-0.214322 0.118932 0)
(-0.200824 0.117773 0)
(-0.187638 0.116668 0)
(-0.174744 0.115616 0)
(-0.162123 0.114617 0)
(-0.149759 0.113671 0)
(-0.137639 0.112773 0)
(-0.12575 0.111911 0)
(-0.114059 0.111062 0)
(-0.102565 0.110234 0)
(-0.0912761 0.109449 0)
(-0.0801672 0.108714 0)
(-0.0692238 0.108029 0)
(-0.0584333 0.107394 0)
(-0.0477828 0.106807 0)
(-0.0372596 0.106268 0)
(-0.0268514 0.105775 0)
(-0.0165465 0.105328 0)
(-0.00633363 0.104924 0)
(0.0037981 0.104564 0)
(0.0138592 0.104246 0)
(0.02386 0.103968 0)
(0.0338009 0.103729 0)
(0.043743 0.103788 0)
(0.0537281 0.10419 0)
(0.0637769 0.10467 0)
(0.0738831 0.105188 0)
(0.0840823 0.10576 0)
(0.0944299 0.106402 0)
(0.104901 0.107098 0)
(0.115492 0.107828 0)
(0.126234 0.10859 0)
(0.137137 0.109382 0)
(0.148215 0.110203 0)
(0.159477 0.111051 0)
(0.170938 0.111925 0)
(0.182609 0.112822 0)
(0.194504 0.113741 0)
(0.206636 0.114679 0)
(0.219018 0.115632 0)
(0.231665 0.116598 0)
(0.244592 0.117574 0)
(0.257814 0.118554 0)
(0.271345 0.119535 0)
(0.285201 0.120512 0)
(0.299399 0.121479 0)
(0.313956 0.122432 0)
(0.328889 0.123363 0)
(0.344215 0.124266 0)
(0.359952 0.125133 0)
(0.376118 0.125955 0)
(0.392733 0.126723 0)
(0.409816 0.127426 0)
(0.427386 0.128052 0)
(0.44546 0.128589 0)
(0.464048 0.129021 0)
(0.483127 0.129332 0)
(0.502566 0.129503 0)
(0.521971 0.129506 0)
(0.54041 0.12929 0)
(0.555399 0.128709 0)
(0.556406 0.127206 0)
(0.498967 0.122648 0)
(0.314487 0.107282 0)
(0.103543 0.059511 0)
(-0.293162 0.0456842 0)
(-0.595475 0.0798994 0)
(-0.842914 0.0921334 0)
(-0.923948 0.0960526 0)
(-0.918242 0.0972647 0)
(-0.891005 0.0975976 0)
(-0.858862 0.0975481 0)
(-0.825607 0.0972588 0)
(-0.792667 0.0967892 0)
(-0.760606 0.0961764 0)
(-0.729589 0.0954483 0)
(-0.699636 0.0946274 0)
(-0.670726 0.0937326 0)
(-0.642826 0.0927794 0)
(-0.6159 0.0917814 0)
(-0.589911 0.0907497 0)
(-0.564825 0.0896943 0)
(-0.540605 0.0886234 0)
(-0.517217 0.087544 0)
(-0.494625 0.0864622 0)
(-0.472794 0.0853832 0)
(-0.451691 0.0843113 0)
(-0.431283 0.0832507 0)
(-0.411539 0.0822047 0)
(-0.392427 0.0811764 0)
(-0.373917 0.0801683 0)
(-0.355981 0.0791826 0)
(-0.338589 0.0782212 0)
(-0.321715 0.0772857 0)
(-0.305331 0.0763776 0)
(-0.289414 0.0754979 0)
(-0.273938 0.0746475 0)
(-0.258881 0.0738271 0)
(-0.244218 0.0730372 0)
(-0.229929 0.0722783 0)
(-0.21599 0.0715508 0)
(-0.202384 0.070855 0)
(-0.18909 0.0701911 0)
(-0.176089 0.0695593 0)
(-0.163364 0.0689595 0)
(-0.150896 0.0683912 0)
(-0.138673 0.0678521 0)
(-0.126682 0.0673341 0)
(-0.114892 0.066824 0)
(-0.1033 0.066326 0)
(-0.0919153 0.0658543 0)
(-0.0807126 0.0654123 0)
(-0.0696774 0.0650003 0)
(-0.0587971 0.064618 0)
(-0.0480588 0.0642647 0)
(-0.0374499 0.0639398 0)
(-0.0269581 0.0636428 0)
(-0.0165715 0.0633728 0)
(-0.0062788 0.0631294 0)
(0.00393081 0.0629117 0)
(0.0140679 0.062719 0)
(0.0241426 0.0625506 0)
(0.0341554 0.0624055 0)
(0.0441666 0.0624392 0)
(0.0542199 0.0626806 0)
(0.0643374 0.0629728 0)
(0.0745149 0.0632869 0)
(0.084784 0.0636337 0)
(0.0952041 0.0640221 0)
(0.105751 0.0644425 0)
(0.116418 0.064884 0)
(0.127236 0.0653442 0)
(0.138218 0.0658225 0)
(0.149374 0.066318 0)
(0.160717 0.0668298 0)
(0.172258 0.0673569 0)
(0.184011 0.0678982 0)
(0.195987 0.0684521 0)
(0.208199 0.0690172 0)
(0.220662 0.0695917 0)
(0.233389 0.0701737 0)
(0.246395 0.0707608 0)
(0.259694 0.0713506 0)
(0.273302 0.0719406 0)
(0.287233 0.0725276 0)
(0.301504 0.0731085 0)
(0.316131 0.0736796 0)
(0.331131 0.0742372 0)
(0.34652 0.0747772 0)
(0.362315 0.0752946 0)
(0.378533 0.075784 0)
(0.395191 0.0762391 0)
(0.412306 0.0766529 0)
(0.429896 0.0770172 0)
(0.447976 0.0773226 0)
(0.466552 0.0775581 0)
(0.485595 0.0777106 0)
(0.504971 0.0777644 0)
(0.524278 0.0776977 0)
(0.54258 0.0774721 0)
(0.557391 0.07699 0)
(0.558162 0.0759122 0)
(0.500368 0.0729623 0)
(0.315556 0.0635037 0)
(0.103886 0.0347237 0)
(-0.294044 0.01487 0)
(-0.598496 0.026399 0)
(-0.846926 0.0306285 0)
(-0.928618 0.0320468 0)
(-0.923139 0.0325302 0)
(-0.89594 0.0326934 0)
(-0.863729 0.0327085 0)
(-0.830334 0.0326296 0)
(-0.797211 0.0324815 0)
(-0.764942 0.0322797 0)
(-0.733705 0.0320359 0)
(-0.70353 0.031759 0)
(-0.674401 0.0314561 0)
(-0.646286 0.0311331 0)
(-0.619154 0.0307946 0)
(-0.592969 0.0304446 0)
(-0.567696 0.0300865 0)
(-0.543298 0.029723 0)
(-0.519742 0.029357 0)
(-0.496992 0.0289903 0)
(-0.475014 0.0286249 0)
(-0.453772 0.0282622 0)
(-0.433234 0.0279037 0)
(-0.413367 0.0275503 0)
(-0.39414 0.0272033 0)
(-0.375523 0.0268632 0)
(-0.357486 0.0265309 0)
(-0.339999 0.0262068 0)
(-0.323034 0.0258916 0)
(-0.306565 0.0255856 0)
(-0.290568 0.0252894 0)
(-0.275015 0.025003 0)
(-0.259885 0.0247268 0)
(-0.245154 0.0244609 0)
(-0.230798 0.0242056 0)
(-0.216797 0.0239608 0)
(-0.20313 0.0237269 0)
(-0.189777 0.0235036 0)
(-0.17672 0.0232912 0)
(-0.163941 0.0230897 -5.8759e-30)
(-0.15142 0.0228988 0)
(-0.139146 0.0227177 0)
(-0.127107 0.0225437 -5.90532e-30)
(-0.115269 0.0223723 0)
(-0.103632 0.022205 0)
(-0.0922029 0.0220465 5.93477e-30)
(-0.0809573 0.0218981 0)
(-0.0698803 0.0217597 0)
(-0.0589592 0.0216314 0)
(-0.0481811 0.0215128 0)
(-0.0375332 0.0214038 0)
(-0.0270031 0.0213041 0)
(-0.0165792 0.0212135 0)
(-0.00624993 0.0211318 0)
(0.00399542 0.0210587 0)
(0.0141674 0.020994 0)
(0.0242762 0.0209374 0)
(0.0343222 0.0208886 0)
(0.0443658 0.0208995 0)
(0.0544516 0.0209803 0)
(0.0646028 0.0210786 -3.01797e-30)
(0.0748162 0.0211843 0)
(0.085122 0.0213008 -3.00848e-30)
(0.0955818 0.0214314 0)
(0.106171 0.0215727 0)
(0.116882 0.0217212 -2.99444e-30)
(0.127747 0.0218761 5.97965e-30)
(0.138778 0.0220371 0)
(0.149986 0.0222039 -2.98068e-30)
(0.161383 0.0223761 5.95233e-30)
(0.172981 0.0225535 0)
(0.184792 0.0227355 0)
(0.19683 0.0229217 0)
(0.209107 0.0231116 -2.95847e-30)
(0.221637 0.0233044 0)
(0.234434 0.0234997 0)
(0.247512 0.0236969 -2.94569e-30)
(0.260886 0.0238952 0)
(0.274571 0.0240939 2.93745e-30)
(0.288583 0.0242921 0)
(0.302937 0.0244886 0)
(0.317651 0.0246821 0)
(0.33274 0.024871 5.8437e-30)
(0.348223 0.0250537 0)
(0.364114 0.0252282 -5.82914e-30)
(0.38043 0.0253927 0)
(0.397188 0.025545 0)
(0.414405 0.0256828 5.80892e-30)
(0.432094 0.0258033 0)
(0.45027 0.0259032 0)
(0.468934 0.0259785 0)
(0.488055 0.0260237 0)
(0.507488 0.0260322 0)
(0.526823 0.0259943 2.88803e-30)
(0.545109 0.0258943 0)
(0.559839 0.0256961 0)
(0.560424 0.0252835 5.76044e-30)
(0.502242 0.0242302 0)
(0.316946 0.0209926 5.66725e-30)
(0.104326 0.011343 0)
(-0.294043 -0.0148957 0)
(-0.598494 -0.0264397 0)
(-0.846923 -0.0306744 0)
(-0.928615 -0.0320941 0)
(-0.923137 -0.032578 0)
(-0.895938 -0.0327414 0)
(-0.863726 -0.0327564 0)
(-0.830332 -0.0326771 0)
(-0.797208 -0.0325284 0)
(-0.764939 -0.0323261 0)
(-0.733703 -0.0320819 0)
(-0.703528 -0.0318044 0)
(-0.674398 -0.0315007 0)
(-0.646283 -0.0311767 0)
(-0.619151 -0.0308371 0)
(-0.592967 -0.0304859 0)
(-0.567694 -0.0301266 0)
(-0.543298 -0.0297623 0)
(-0.519742 -0.0293954 0)
(-0.496992 -0.029028 0)
(-0.475014 -0.028662 0)
(-0.453772 -0.0282986 0)
(-0.433233 -0.0279394 0)
(-0.413366 -0.0275852 0)
(-0.394139 -0.0272371 0)
(-0.375521 -0.0268959 0)
(-0.357484 -0.0265623 0)
(-0.339996 -0.0262369 0)
(-0.323032 -0.0259202 0)
(-0.306563 -0.0256129 0)
(-0.290565 -0.0253153 0)
(-0.275013 -0.0250276 0)
(-0.259883 -0.0247503 0)
(-0.245152 -0.0244834 0)
(-0.230796 -0.0242271 0)
(-0.216795 -0.0239815 0)
(-0.203128 -0.0237467 0)
(-0.189776 -0.0235228 0)
(-0.17672 -0.0233096 0)
(-0.16394 -0.0231073 5.8759e-30)
(-0.151419 -0.0229155 0)
(-0.139146 -0.0227335 0)
(-0.127106 -0.0225585 5.90532e-30)
(-0.115268 -0.0223862 0)
(-0.103631 -0.022218 0)
(-0.0922018 -0.0220586 -5.93477e-30)
(-0.0809559 -0.0219094 0)
(-0.0698787 -0.0217702 0)
(-0.0589575 -0.0216411 0)
(-0.0481794 -0.0215217 0)
(-0.0375317 -0.021412 0)
(-0.027002 -0.0213116 0)
(-0.0165784 -0.0212204 0)
(-0.00624963 -0.0211381 0)
(0.00399538 -0.0210646 0)
(0.0141672 -0.0209995 0)
(0.0242759 -0.0209425 0)
(0.0343218 -0.0208935 0)
(0.0443655 -0.0209041 0)
(0.0544514 -0.0209847 0)
(0.0646027 -0.0210828 3.01797e-30)
(0.0748163 -0.0211884 0)
(0.0851223 -0.0213049 3.00848e-30)
(0.0955822 -0.0214355 0)
(0.106172 -0.0215768 0)
(0.116883 -0.0217252 2.99444e-30)
(0.127748 -0.0218798 -5.97965e-30)
(0.138779 -0.0220404 0)
(0.149987 -0.0222066 2.98068e-30)
(0.161383 -0.0223783 -5.95233e-30)
(0.17298 -0.0225551 0)
(0.184791 -0.0227367 0)
(0.196828 -0.0229227 0)
(0.209104 -0.0231127 2.95847e-30)
(0.221633 -0.0233061 0)
(0.234429 -0.0235024 0)
(0.247508 -0.0237006 2.94569e-30)
(0.260884 -0.0238999 0)
(0.274571 -0.0240992 -2.93746e-30)
(0.288585 -0.0242976 0)
(0.302942 -0.0244936 0)
(0.317656 -0.0246861 0)
(0.332746 -0.0248737 -5.8437e-30)
(0.348228 -0.0250551 0)
(0.364117 -0.0252286 5.82913e-30)
(0.380432 -0.0253926 0)
(0.397188 -0.0255449 0)
(0.414403 -0.0256831 -5.80893e-30)
(0.432093 -0.0258044 0)
(0.450269 -0.025905 0)
(0.468935 -0.0259807 0)
(0.488055 -0.0260259 0)
(0.507489 -0.0260341 0)
(0.526824 -0.025996 -2.88803e-30)
(0.54511 -0.0258962 0)
(0.559839 -0.0256984 0)
(0.560425 -0.0252861 -5.76044e-30)
(0.502242 -0.0242334 0)
(0.316946 -0.0209982 -5.66726e-30)
(0.104326 -0.0113557 0)
(-0.293161 -0.045712 0)
(-0.595473 -0.0799416 0)
(-0.842911 -0.0921805 0)
(-0.923945 -0.0961011 0)
(-0.91824 -0.0973128 0)
(-0.891003 -0.097645 0)
(-0.858859 -0.0975951 0)
(-0.825603 -0.0973056 0)
(-0.792663 -0.0968357 0)
(-0.760602 -0.0962223 0)
(-0.729585 -0.0954935 0)
(-0.699632 -0.0946718 0)
(-0.670722 -0.0937762 0)
(-0.642821 -0.0928223 0)
(-0.615894 -0.0918235 0)
(-0.589906 -0.090791 0)
(-0.56482 -0.0897343 0)
(-0.5406 -0.0886619 0)
(-0.517212 -0.0875809 0)
(-0.49462 -0.0864975 0)
(-0.47279 -0.085417 0)
(-0.451687 -0.0843437 0)
(-0.431279 -0.083282 0)
(-0.411535 -0.082235 0)
(-0.392422 -0.0812059 0)
(-0.373913 -0.080197 0)
(-0.355976 -0.0792105 0)
(-0.338584 -0.0782482 0)
(-0.32171 -0.0773118 0)
(-0.305327 -0.0764027 0)
(-0.289409 -0.0755219 0)
(-0.273934 -0.0746704 0)
(-0.258877 -0.0738491 0)
(-0.244215 -0.0730582 0)
(-0.229926 -0.0722985 0)
(-0.215988 -0.0715703 0)
(-0.202381 -0.0708738 0)
(-0.189087 -0.0702092 0)
(-0.176086 -0.0695766 0)
(-0.16336 -0.068976 0)
(-0.150892 -0.0684069 0)
(-0.138668 -0.067867 0)
(-0.126678 -0.0673481 0)
(-0.114888 -0.0668372 0)
(-0.103297 -0.0663384 0)
(-0.0919119 -0.0658659 0)
(-0.0807096 -0.0654231 0)
(-0.0696747 -0.0650104 0)
(-0.0587946 -0.0646274 0)
(-0.0480564 -0.0642734 0)
(-0.0374475 -0.0639479 0)
(-0.0269557 -0.0636502 0)
(-0.016569 -0.0633797 0)
(-0.00627635 -0.0631357 0)
(0.00393328 -0.0629175 0)
(0.0140703 -0.0627244 0)
(0.0241449 -0.0625555 0)
(0.0341572 -0.0624102 0)
(0.044168 -0.0624437 0)
(0.0542206 -0.0626849 0)
(0.0643374 -0.0629768 0)
(0.0745143 -0.0632908 0)
(0.0847829 -0.0636374 0)
(0.0952029 -0.0640259 0)
(0.10575 -0.0644464 0)
(0.116417 -0.0648879 0)
(0.127236 -0.0653482 0)
(0.138219 -0.0658264 0)
(0.149376 -0.0663217 0)
(0.160719 -0.0668334 0)
(0.172261 -0.0673603 0)
(0.184013 -0.0679012 0)
(0.195989 -0.0684547 0)
(0.2082 -0.0690192 0)
(0.220662 -0.0695929 0)
(0.233389 -0.0701739 0)
(0.246394 -0.0707601 0)
(0.259693 -0.0713493 0)
(0.273301 -0.0719388 0)
(0.287232 -0.072526 0)
(0.301504 -0.0731076 0)
(0.316131 -0.07368 0)
(0.331132 -0.0742392 0)
(0.346521 -0.0747805 0)
(0.362316 -0.0752989 0)
(0.378533 -0.0757887 0)
(0.39519 -0.0762436 0)
(0.412305 -0.0766565 0)
(0.429896 -0.0770198 0)
(0.447976 -0.0773244 0)
(0.466552 -0.0775596 0)
(0.485596 -0.0777125 0)
(0.504972 -0.0777669 0)
(0.524278 -0.0777005 0)
(0.542581 -0.077475 0)
(0.557392 -0.0769927 0)
(0.558163 -0.075915 0)
(0.500369 -0.0729662 0)
(0.315557 -0.06351 0)
(0.103886 -0.0347365 0)
(-0.292364 -0.0791766 0)
(-0.593067 -0.135708 0)
(-0.839888 -0.155329 0)
(-0.920368 -0.161245 0)
(-0.914334 -0.162786 0)
(-0.886848 -0.162988 0)
(-0.854514 -0.162658 0)
(-0.821134 -0.162008 0)
(-0.788129 -0.161113 0)
(-0.756054 -0.160017 0)
(-0.72506 -0.158756 0)
(-0.69516 -0.157358 0)
(-0.666324 -0.155849 0)
(-0.638514 -0.154253 0)
(-0.61169 -0.152587 0)
(-0.585814 -0.150869 0)
(-0.560846 -0.149115 0)
(-0.536748 -0.147335 0)
(-0.513484 -0.145542 0)
(-0.491019 -0.143745 0)
(-0.469316 -0.141953 0)
(-0.44834 -0.140173 0)
(-0.42806 -0.138411 0)
(-0.408442 -0.136673 0)
(-0.389456 -0.134965 0)
(-0.371071 -0.13329 0)
(-0.353258 -0.131651 0)
(-0.335989 -0.130053 0)
(-0.319235 -0.128497 0)
(-0.302971 -0.126986 0)
(-0.287172 -0.125522 0)
(-0.271813 -0.124107 0)
(-0.256871 -0.12274 0)
(-0.242322 -0.121425 0)
(-0.228145 -0.120161 0)
(-0.214317 -0.118949 0)
(-0.20082 -0.11779 0)
(-0.187633 -0.116683 0)
(-0.174739 -0.115631 0)
(-0.162119 -0.114631 0)
(-0.149755 -0.113684 0)
(-0.137634 -0.112786 0)
(-0.125744 -0.111923 0)
(-0.114054 -0.111074 0)
(-0.10256 -0.110245 0)
(-0.0912709 -0.10946 0)
(-0.080162 -0.108724 0)
(-0.0692185 -0.108039 0)
(-0.0584279 -0.107403 0)
(-0.0477775 -0.106815 0)
(-0.0372546 -0.106275 0)
(-0.026847 -0.105782 0)
(-0.0165428 -0.105334 0)
(-0.00633054 -0.10493 0)
(0.00380064 -0.10457 0)
(0.0138614 -0.104251 0)
(0.0238618 -0.103973 0)
(0.0338024 -0.103734 0)
(0.0437441 -0.103794 0)
(0.0537288 -0.104195 0)
(0.0637771 -0.104675 0)
(0.0738829 -0.105192 0)
(0.0840819 -0.105765 0)
(0.0944294 -0.106406 0)
(0.104901 -0.107101 0)
(0.115492 -0.107831 0)
(0.126234 -0.108593 0)
(0.137138 -0.109384 0)
(0.148216 -0.110205 0)
(0.159478 -0.111053 0)
(0.170939 -0.111927 0)
(0.18261 -0.112824 0)
(0.194504 -0.113743 0)
(0.206636 -0.114681 0)
(0.219018 -0.115635 0)
(0.231665 -0.116601 0)
(0.244592 -0.117577 0)
(0.257813 -0.118557 0)
(0.271344 -0.119538 0)
(0.285201 -0.120515 0)
(0.299399 -0.121482 0)
(0.313955 -0.122434 0)
(0.328888 -0.123365 0)
(0.344215 -0.124268 0)
(0.359953 -0.125135 0)
(0.37612 -0.125957 0)
(0.392736 -0.126725 0)
(0.409819 -0.127428 0)
(0.427388 -0.128054 0)
(0.445461 -0.128591 0)
(0.464049 -0.129023 0)
(0.483126 -0.129334 0)
(0.502566 -0.129505 0)
(0.521971 -0.129508 0)
(0.54041 -0.129294 0)
(0.5554 -0.128712 0)
(0.556407 -0.127209 0)
(0.498967 -0.122652 0)
(0.314488 -0.107288 0)
(0.103544 -0.0595231 0)
(-0.29156 -0.114882 0)
(-0.590756 -0.193271 0)
(-0.837039 -0.219857 0)
(-0.916981 -0.227468 0)
(-0.910572 -0.22909 0)
(-0.882742 -0.228942 0)
(-0.850095 -0.22814 0)
(-0.816451 -0.226965 0)
(-0.783237 -0.225509 0)
(-0.751005 -0.223818 0)
(-0.719902 -0.221931 0)
(-0.689933 -0.219881 0)
(-0.661064 -0.217697 0)
(-0.63325 -0.215405 0)
(-0.606448 -0.213029 0)
(-0.580615 -0.210589 0)
(-0.555709 -0.208104 0)
(-0.531689 -0.205591 0)
(-0.508517 -0.203063 0)
(-0.486153 -0.200533 0)
(-0.464563 -0.198012 0)
(-0.443708 -0.195511 0)
(-0.423555 -0.193038 0)
(-0.404071 -0.190599 0)
(-0.385224 -0.188203 0)
(-0.366982 -0.185854 0)
(-0.349316 -0.183557 0)
(-0.332197 -0.181317 0)
(-0.315596 -0.179136 0)
(-0.299486 -0.177019 0)
(-0.283842 -0.174968 0)
(-0.26864 -0.172984 0)
(-0.253856 -0.17107 0)
(-0.239465 -0.169227 0)
(-0.225446 -0.167457 0)
(-0.211777 -0.16576 0)
(-0.198439 -0.164137 0)
(-0.18541 -0.162589 0)
(-0.172673 -0.161115 0)
(-0.16021 -0.159717 0)
(-0.148001 -0.158392 0)
(-0.136034 -0.157136 0)
(-0.124298 -0.155932 0)
(-0.11276 -0.154749 0)
(-0.101415 -0.153593 0)
(-0.0902728 -0.152498 0)
(-0.0793084 -0.151473 0)
(-0.0685069 -0.150519 0)
(-0.0578556 -0.149634 0)
(-0.0473416 -0.148818 0)
(-0.0369522 -0.148069 0)
(-0.026675 -0.147385 0)
(-0.0164981 -0.146765 0)
(-0.00640991 -0.146208 0)
(0.00360059 -0.145711 0)
(0.0135441 -0.145273 0)
(0.023431 -0.144892 0)
(0.033262 -0.144566 0)
(0.0430982 -0.14466 0)
(0.0529799 -0.145224 0)
(0.0629247 -0.145888 0)
(0.0729242 -0.146604 0)
(0.0830204 -0.147399 0)
(0.0932625 -0.148293 0)
(0.103626 -0.149259 0)
(0.11411 -0.150276 0)
(0.124744 -0.151337 0)
(0.13554 -0.152442 0)
(0.14651 -0.153588 0)
(0.157666 -0.154773 0)
(0.169021 -0.155995 0)
(0.180587 -0.157251 0)
(0.19238 -0.158538 0)
(0.204412 -0.159852 0)
(0.216698 -0.16119 0)
(0.229253 -0.162547 0)
(0.242092 -0.163918 0)
(0.255232 -0.165299 0)
(0.268688 -0.166683 0)
(0.282476 -0.168063 0)
(0.296613 -0.169432 0)
(0.311116 -0.170783 0)
(0.326005 -0.172105 0)
(0.341297 -0.173391 0)
(0.357012 -0.174629 0)
(0.373169 -0.17581 0)
(0.389789 -0.17692 0)
(0.406893 -0.177947 0)
(0.424503 -0.178877 0)
(0.442637 -0.179695 0)
(0.461309 -0.180381 0)
(0.480497 -0.180918 0)
(0.500077 -0.181284 0)
(0.519652 -0.18145 0)
(0.538291 -0.181353 0)
(0.553504 -0.180794 0)
(0.554769 -0.178999 0)
(0.497673 -0.172977 0)
(0.313483 -0.15187 0)
(0.103214 -0.0852879 0)
(-0.290697 -0.152915 0)
(-0.588329 -0.25269 0)
(-0.834027 -0.285842 0)
(-0.913384 -0.294912 0)
(-0.906537 -0.296432 0)
(-0.878287 -0.295762 0)
(-0.845238 -0.294325 0)
(-0.811233 -0.292473 0)
(-0.777712 -0.290313 0)
(-0.745226 -0.287899 0)
(-0.71392 -0.28527 0)
(-0.683794 -0.282462 0)
(-0.65481 -0.279508 0)
(-0.62692 -0.276437 0)
(-0.600077 -0.273275 0)
(-0.574234 -0.270045 0)
(-0.549346 -0.26677 0)
(-0.525369 -0.263468 0)
(-0.502262 -0.260156 0)
(-0.479985 -0.256849 0)
(-0.458497 -0.253561 0)
(-0.437761 -0.250304 0)
(-0.41774 -0.247087 0)
(-0.3984 -0.243919 0)
(-0.379708 -0.240809 0)
(-0.36163 -0.237763 0)
(-0.344136 -0.234787 0)
(-0.327195 -0.231886 0)
(-0.310779 -0.229064 0)
(-0.294859 -0.226326 0)
(-0.27941 -0.223674 0)
(-0.264407 -0.221112 0)
(-0.249823 -0.21864 0)
(-0.235636 -0.216262 0)
(-0.221822 -0.213978 0)
(-0.20836 -0.21179 0)
(-0.195229 -0.209698 0)
(-0.182409 -0.207703 0)
(-0.169881 -0.205805 0)
(-0.157626 -0.204005 0)
(-0.145626 -0.202301 0)
(-0.133866 -0.200688 0)
(-0.122337 -0.199144 0)
(-0.111002 -0.197628 0)
(-0.0998592 -0.196149 0)
(-0.0889151 -0.194749 0)
(-0.0781459 -0.19344 0)
(-0.0675363 -0.192222 0)
(-0.0570735 -0.191094 0)
(-0.0467444 -0.190056 0)
(-0.0365362 -0.189104 0)
(-0.0264363 -0.188237 0)
(-0.0164327 -0.187453 0)
(-0.00651338 -0.186751 0)
(0.0033329 -0.186127 0)
(0.0131172 -0.18558 0)
(0.0228501 -0.185106 0)
(0.0325326 -0.184704 0)
(0.0422264 -0.184845 0)
(0.0519688 -0.185576 0)
(0.0617742 -0.186417 0)
(0.0716312 -0.187328 0)
(0.0815898 -0.188345 0)
(0.0916914 -0.189489 0)
(0.101911 -0.190726 0)
(0.112254 -0.192029 0)
(0.122748 -0.193391 0)
(0.133405 -0.194811 0)
(0.144238 -0.196286 0)
(0.155259 -0.197815 0)
(0.166482 -0.199393 0)
(0.177922 -0.201017 0)
(0.189591 -0.202683 0)
(0.201505 -0.204387 0)
(0.213678 -0.206124 0)
(0.226127 -0.207888 0)
(0.238868 -0.209673 0)
(0.251918 -0.211472 0)
(0.265294 -0.213279 0)
(0.279013 -0.215086 0)
(0.293094 -0.216882 0)
(0.307555 -0.218659 0)
(0.322417 -0.220406 0)
(0.337698 -0.222111 0)
(0.353418 -0.223762 0)
(0.369599 -0.225345 0)
(0.386262 -0.226845 0)
(0.403431 -0.228248 0)
(0.421128 -0.229536 0)
(0.439375 -0.230693 0)
(0.458187 -0.231699 0)
(0.477544 -0.232533 0)
(0.49732 -0.233171 0)
(0.51712 -0.233581 0)
(0.536007 -0.233688 0)
(0.551486 -0.233239 0)
(0.55304 -0.231241 0)
(0.49631 -0.223856 0)
(0.312427 -0.197148 0)
(0.102863 -0.111977 0)
(-0.289741 -0.193602 0)
(-0.58565 -0.314209 0)
(-0.830651 -0.353486 0)
(-0.909329 -0.363775 0)
(-0.901956 -0.36502 0)
(-0.873195 -0.363671 0)
(-0.839657 -0.361443 0)
(-0.805207 -0.358761 0)
(-0.771295 -0.35575 0)
(-0.738475 -0.352469 0)
(-0.70689 -0.348962 0)
(-0.676538 -0.34527 0)
(-0.647377 -0.341427 0)
(-0.619357 -0.337465 0)
(-0.592427 -0.333415 0)
(-0.566535 -0.329302 0)
(-0.541635 -0.325151 0)
(-0.517678 -0.320982 0)
(-0.494621 -0.316815 0)
(-0.47242 -0.312666 0)
(-0.451034 -0.308551 0)
(-0.430421 -0.304483 0)
(-0.410544 -0.300472 0)
(-0.391364 -0.29653 0)
(-0.372848 -0.292665 0)
(-0.35496 -0.288886 0)
(-0.337668 -0.285197 0)
(-0.320939 -0.281606 0)
(-0.304744 -0.278117 0)
(-0.289054 -0.274734 0)
(-0.273842 -0.271461 0)
(-0.25908 -0.268301 0)
(-0.244743 -0.265255 0)
(-0.230807 -0.262327 0)
(-0.217248 -0.259517 0)
(-0.204043 -0.256826 0)
(-0.191171 -0.254256 0)
(-0.178612 -0.251807 0)
(-0.166345 -0.24948 0)
(-0.154352 -0.247273 0)
(-0.142613 -0.245186 0)
(-0.131114 -0.243212 0)
(-0.119843 -0.241329 0)
(-0.108767 -0.239483 0)
(-0.0978786 -0.237684 0)
(-0.0871857 -0.235984 0)
(-0.0766642 -0.234396 0)
(-0.0662984 -0.232921 0)
(-0.0560751 -0.231558 0)
(-0.0459812 -0.230305 0)
(-0.0360033 -0.22916 0)
(-0.0261288 -0.22812 0)
(-0.0163451 -0.227183 0)
(-0.00664027 -0.226347 0)
(0.00299754 -0.225608 0)
(0.0125797 -0.224964 0)
(0.0221172 -0.224412 0)
(0.0316118 -0.223949 0)
(0.041125 -0.224153 0)
(0.0506901 -0.225054 0)
(0.060318 -0.226069 0)
(0.069994 -0.227171 0)
(0.0797779 -0.228411 0)
(0.0897018 -0.229807 0)
(0.0997401 -0.231315 0)
(0.109906 -0.232905 0)
(0.120224 -0.234571 0)
(0.130706 -0.236311 0)
(0.141367 -0.238122 0)
(0.152221 -0.240001 0)
(0.163281 -0.241946 0)
(0.174564 -0.243951 0)
(0.186083 -0.246012 0)
(0.197855 -0.248125 0)
(0.209895 -0.250283 0)
(0.222221 -0.25248 0)
(0.234851 -0.254707 0)
(0.247801 -0.256958 0)
(0.261091 -0.259224 0)
(0.274738 -0.261493 0)
(0.288763 -0.263757 0)
(0.303187 -0.266002 0)
(0.31803 -0.268219 0)
(0.333314 -0.270392 0)
(0.349061 -0.272508 0)
(0.365291 -0.27455 0)
(0.382029 -0.276501 0)
(0.399299 -0.278344 0)
(0.417125 -0.28006 0)
(0.435531 -0.281627 0)
(0.454531 -0.283024 0)
(0.474106 -0.284231 0)
(0.494131 -0.285219 0)
(0.514208 -0.285952 0)
(0.533396 -0.28634 0)
(0.549194 -0.286077 0)
(0.551086 -0.283953 0)
(0.494771 -0.275295 0)
(0.311251 -0.243145 0)
(0.10247 -0.139683 0)
(-0.288657 -0.237468 0)
(-0.582601 -0.378234 0)
(-0.826742 -0.423109 0)
(-0.904612 -0.434339 0)
(-0.896596 -0.435121 0)
(-0.86722 -0.432922 0)
(-0.833093 -0.429735 0)
(-0.798107 -0.426055 0)
(-0.763721 -0.422025 0)
(-0.730491 -0.417715 0)
(-0.69856 -0.413174 0)
(-0.667924 -0.408447 0)
(-0.638536 -0.403573 0)
(-0.610343 -0.398587 0)
(-0.583291 -0.393523 0)
(-0.557325 -0.388409 0)
(-0.532394 -0.383272 0)
(-0.508448 -0.378135 0)
(-0.485437 -0.373018 0)
(-0.463317 -0.367941 0)
(-0.442041 -0.362919 0)
(-0.421567 -0.357967 0)
(-0.401853 -0.353097 0)
(-0.382859 -0.34832 0)
(-0.364548 -0.343646 0)
(-0.346883 -0.339083 0)
(-0.329829 -0.334637 0)
(-0.313353 -0.330315 0)
(-0.297422 -0.326122 0)
(-0.282006 -0.322062 0)
(-0.267077 -0.318139 0)
(-0.252606 -0.314356 0)
(-0.238567 -0.310714 0)
(-0.224934 -0.307216 0)
(-0.211682 -0.303862 0)
(-0.198787 -0.300655 0)
(-0.186228 -0.297594 0)
(-0.173984 -0.29468 0)
(-0.162033 -0.291913 0)
(-0.150357 -0.289293 0)
(-0.138936 -0.286817 0)
(-0.127753 -0.28448 0)
(-0.116798 -0.282256 0)
(-0.106036 -0.280084 0)
(-0.0954572 -0.27797 0)
(-0.0850698 -0.275974 0)
(-0.0748495 -0.274114 0)
(-0.0647803 -0.272389 0)
(-0.0548488 -0.2708 0)
(-0.0450414 -0.269342 0)
(-0.0353445 -0.268014 0)
(-0.0257452 -0.266812 0)
(-0.0162306 -0.265735 0)
(-0.00678826 -0.264779 0)
(0.00259405 -0.26394 0)
(0.0119281 -0.263215 0)
(0.0212251 -0.262602 0)
(0.0304903 -0.262096 0)
(0.0397844 -0.262379 0)
(0.0491317 -0.263455 0)
(0.058539 -0.264638 0)
(0.0679919 -0.26593 0)
(0.0775595 -0.267394 0)
(0.0872648 -0.269045 0)
(0.0970816 -0.270826 0)
(0.10703 -0.272707 0)
(0.117134 -0.274684 0)
(0.127404 -0.276753 0)
(0.137857 -0.278912 0)
(0.148507 -0.281157 0)
(0.159369 -0.283484 0)
(0.170461 -0.28589 0)
(0.181797 -0.288368 0)
(0.193395 -0.290914 0)
(0.205273 -0.29352 0)
(0.21745 -0.296179 0)
(0.229945 -0.298884 0)
(0.242777 -0.301626 0)
(0.255967 -0.304393 0)
(0.269535 -0.307175 0)
(0.2835 -0.309959 0)
(0.297887 -0.312732 0)
(0.312716 -0.315479 0)
(0.328012 -0.318186 0)
(0.343798 -0.320834 0)
(0.360098 -0.323407 0)
(0.376937 -0.325884 0)
(0.39434 -0.328245 0)
(0.412333 -0.330469 0)
(0.430939 -0.332531 0)
(0.450174 -0.334407 0)
(0.47002 -0.336071 0)
(0.490349 -0.337493 0)
(0.510764 -0.338631 0)
(0.530316 -0.33938 0)
(0.546497 -0.339381 0)
(0.548798 -0.337212 0)
(0.492973 -0.32738 0)
(0.309897 -0.28998 0)
(0.102021 -0.168609 0)
(-0.28741 -0.285258 0)
(-0.57906 -0.445335 0)
(-0.822126 -0.495163 0)
(-0.89902 -0.506999 0)
(-0.890218 -0.507087 0)
(-0.8601 -0.503834 0)
(-0.825271 -0.499488 0)
(-0.789647 -0.494611 0)
(-0.754698 -0.489367 0)
(-0.720983 -0.483837 0)
(-0.688641 -0.478076 0)
(-0.657666 -0.472136 0)
(-0.628008 -0.46606 0)
(-0.59961 -0.459888 0)
(-0.572413 -0.453656 0)
(-0.546359 -0.447397 0)
(-0.521392 -0.441139 0)
(-0.497458 -0.434908 0)
(-0.474504 -0.428726 0)
(-0.45248 -0.422613 0)
(-0.431337 -0.416585 0)
(-0.411029 -0.410659 0)
(-0.39151 -0.404846 0)
(-0.372738 -0.399159 0)
(-0.354673 -0.393608 0)
(-0.337275 -0.388199 0)
(-0.320506 -0.382941 0)
(-0.304331 -0.377839 0)
(-0.288715 -0.372897 0)
(-0.273627 -0.36812 0)
(-0.259036 -0.363512 0)
(-0.244911 -0.359073 0)
(-0.231226 -0.354808 0)
(-0.217952 -0.350715 0)
(-0.205065 -0.346798 0)
(-0.192539 -0.343055 0)
(-0.180352 -0.339488 0)
(-0.168481 -0.336096 0)
(-0.156906 -0.332879 0)
(-0.145605 -0.329836 0)
(-0.134559 -0.326965 0)
(-0.123751 -0.324259 0)
(-0.113171 -0.321694 0)
(-0.10278 -0.319198 0)
(-0.092569 -0.316773 0)
(-0.082544 -0.314488 0)
(-0.0726812 -0.312363 0)
(-0.0629641 -0.310397 0)
(-0.053379 -0.308591 0)
(-0.0439119 -0.30694 0)
(-0.0345489 -0.305441 0)
(-0.0252766 -0.304092 0)
(-0.0160818 -0.302889 0)
(-0.00695166 -0.301829 0)
(0.00212632 -0.300907 0)
(0.0111643 -0.30012 0)
(0.0201735 -0.299465 0)
(0.029166 -0.298964 0)
(0.0381974 -0.299345 0)
(0.0472807 -0.300573 0)
(0.0564207 -0.301921 0)
(0.0656037 -0.3034 0)
(0.0749088 -0.30509 0)
(0.0843491 -0.306998 0)
(0.093898 -0.309053 0)
(0.103584 -0.311229 0)
(0.113426 -0.313523 0)
(0.12344 -0.315931 0)
(0.13364 -0.31845 0)
(0.144043 -0.321077 0)
(0.154667 -0.323809 0)
(0.165528 -0.32664 0)
(0.176643 -0.329565 0)
(0.188033 -0.332577 0)
(0.199715 -0.335669 0)
(0.211711 -0.338834 0)
(0.224041 -0.342061 0)
(0.236728 -0.345342 0)
(0.249794 -0.348666 0)
(0.26326 -0.352019 0)
(0.277151 -0.355388 0)
(0.291491 -0.358758 0)
(0.306303 -0.362113 0)
(0.321614 -0.365434 0)
(0.337449 -0.368702 0)
(0.353833 -0.371895 0)
(0.370794 -0.374991 0)
(0.388359 -0.377967 0)
(0.406554 -0.380797 0)
(0.425404 -0.383454 0)
(0.444925 -0.38591 0)
(0.465099 -0.388134 0)
(0.485798 -0.39009 0)
(0.506623 -0.391729 0)
(0.526617 -0.392932 0)
(0.543262 -0.393287 0)
(0.546061 -0.391165 0)
(0.490828 -0.38028 0)
(0.308308 -0.337861 0)
(0.101496 -0.199064 0)
(-0.285951 -0.337957 0)
(-0.574882 -0.516266 0)
(-0.816588 -0.570243 0)
(-0.892295 -0.582263 0)
(-0.882532 -0.581376 0)
(-0.851521 -0.576816 0)
(-0.815859 -0.571065 0)
(-0.779482 -0.564747 0)
(-0.743873 -0.558051 0)
(-0.709591 -0.551066 0)
(-0.676774 -0.543859 0)
(-0.64541 -0.536486 0)
(-0.615447 -0.529 0)
(-0.586821 -0.521444 0)
(-0.559468 -0.513859 0)
(-0.533325 -0.506281 0)
(-0.508332 -0.498739 0)
(-0.484427 -0.491263 0)
(-0.461555 -0.483876 0)
(-0.439661 -0.476598 0)
(-0.418689 -0.469447 0)
(-0.398591 -0.462439 0)
(-0.379316 -0.455586 0)
(-0.360818 -0.448901 0)
(-0.343054 -0.442391 0)
(-0.32598 -0.436065 0)
(-0.309555 -0.429929 0)
(-0.293742 -0.423988 0)
(-0.278504 -0.418246 0)
(-0.263806 -0.412706 0)
(-0.249616 -0.407371 0)
(-0.235902 -0.402242 0)
(-0.222634 -0.39732 0)
(-0.209784 -0.392606 0)
(-0.197326 -0.388099 0)
(-0.185232 -0.383801 0)
(-0.17348 -0.379709 0)
(-0.162047 -0.375825 0)
(-0.15091 -0.372145 0)
(-0.140048 -0.36867 0)
(-0.12944 -0.365396 0)
(-0.119068 -0.362316 0)
(-0.108922 -0.359406 0)
(-0.0989647 -0.356588 0)
(-0.0891828 -0.35386 0)
(-0.0795796 -0.351294 0)
(-0.070133 -0.348912 0)
(-0.0608262 -0.346716 0)
(-0.0516448 -0.344703 0)
(-0.0425746 -0.342871 0)
(-0.0336013 -0.341216 0)
(-0.0247111 -0.339735 0)
(-0.0158903 -0.338423 0)
(-0.00712561 -0.337276 0)
(0.00159594 -0.336291 0)
(0.010287 -0.335463 0)
(0.0189591 -0.334788 0)
(0.0276291 -0.334331 0)
(0.0363457 -0.334823 0)
(0.0451142 -0.336189 0)
(0.0539371 -0.337698 0)
(0.0628006 -0.339366 0)
(0.0717946 -0.341284 0)
(0.0809217 -0.343453 0)
(0.0901526 -0.345786 0)
(0.0995237 -0.348263 0)
(0.109054 -0.350882 0)
(0.118758 -0.35364 0)
(0.128653 -0.356535 0)
(0.138757 -0.359563 0)
(0.149089 -0.362721 0)
(0.159668 -0.366004 0)
(0.170514 -0.369407 0)
(0.181647 -0.372923 0)
(0.193088 -0.376544 0)
(0.204861 -0.380263 0)
(0.216989 -0.384069 0)
(0.229495 -0.387952 0)
(0.242403 -0.391899 0)
(0.255739 -0.395898 0)
(0.269529 -0.399931 0)
(0.2838 -0.403984 0)
(0.298581 -0.408037 0)
(0.3139 -0.412071 0)
(0.329784 -0.416063 0)
(0.346262 -0.419988 0)
(0.363362 -0.42382 0)
(0.381114 -0.427531 0)
(0.399547 -0.431091 0)
(0.418687 -0.434469 0)
(0.43855 -0.43763 0)
(0.459119 -0.440539 0)
(0.480265 -0.443154 0)
(0.501584 -0.445415 0)
(0.522115 -0.447188 0)
(0.53933 -0.448007 0)
(0.542744 -0.446046 0)
(0.488232 -0.434255 0)
(0.306418 -0.387102 0)
(0.100877 -0.231489 0)
(-0.284221 -0.396861 0)
(-0.569871 -0.591997 0)
(-0.809856 -0.649102 0)
(-0.884112 -0.660781 0)
(-0.873178 -0.658562 0)
(-0.84109 -0.65238 0)
(-0.804438 -0.644915 0)
(-0.767177 -0.63685 0)
(-0.730801 -0.628399 0)
(-0.695867 -0.619667 0)
(-0.66251 -0.610731 0)
(-0.630714 -0.601657 0)
(-0.600418 -0.592504 0)
(-0.571554 -0.583323 0)
(-0.544051 -0.574159 0)
(-0.517837 -0.56505 0)
(-0.492847 -0.556031 0)
(-0.469012 -0.54713 0)
(-0.446269 -0.538373 0)
(-0.424558 -0.52978 0)
(-0.403818 -0.52137 0)
(-0.383994 -0.513156 0)
(-0.365031 -0.505151 0)
(-0.346877 -0.497366 0)
(-0.329486 -0.489807 0)
(-0.31281 -0.482482 0)
(-0.296804 -0.475396 0)
(-0.281429 -0.468551 0)
(-0.266643 -0.46195 0)
(-0.25241 -0.455596 0)
(-0.238696 -0.449489 0)
(-0.225466 -0.44363 0)
(-0.21269 -0.438018 0)
(-0.200337 -0.432652 0)
(-0.18838 -0.427532 0)
(-0.17679 -0.422656 0)
(-0.165544 -0.418023 0)
(-0.154617 -0.41363 0)
(-0.143987 -0.409476 0)
(-0.13363 -0.405559 0)
(-0.123527 -0.401875 0)
(-0.113658 -0.398416 0)
(-0.104011 -0.395156 0)
(-0.0945511 -0.392019 0)
(-0.0852621 -0.388996 0)
(-0.0761437 -0.386157 0)
(-0.0671753 -0.383528 0)
(-0.0583397 -0.381113 0)
(-0.0496221 -0.378907 0)
(-0.0410077 -0.376909 0)
(-0.0324822 -0.375113 0)
(-0.0240312 -0.373515 0)
(-0.0156408 -0.372113 0)
(-0.00729729 -0.3709 0)
(0.00101268 -0.369873 0)
(0.00930226 -0.369026 0)
(0.0175833 -0.368357 0)
(0.0258756 -0.367973 0)
(0.0342203 -0.368589 0)
(0.0426167 -0.370084 0)
(0.0510647 -0.37175 0)
(0.059561 -0.37361 0)
(0.068184 -0.375758 0)
(0.0769331 -0.378182 0)
(0.0857885 -0.380793 0)
(0.0947863 -0.383577 0)
(0.103945 -0.386532 0)
(0.11328 -0.389655 0)
(0.122812 -0.392943 0)
(0.132558 -0.396395 0)
(0.14254 -0.400007 0)
(0.152778 -0.403774 0)
(0.163294 -0.407691 0)
(0.174111 -0.411752 0)
(0.185253 -0.41595 0)
(0.196745 -0.420276 0)
(0.208614 -0.424722 0)
(0.220886 -0.429276 0)
(0.233588 -0.433926 0)
(0.24675 -0.438656 0)
(0.2604 -0.44345 0)
(0.274571 -0.44829 0)
(0.289292 -0.453155 0)
(0.304598 -0.458022 0)
(0.320519 -0.462866 0)
(0.337088 -0.467659 0)
(0.354336 -0.472372 0)
(0.372298 -0.476969 0)
(0.391002 -0.481417 0)
(0.410479 -0.485675 0)
(0.430747 -0.489703 0)
(0.451789 -0.493457 0)
(0.473473 -0.496888 0)
(0.495391 -0.499926 0)
(0.516577 -0.502416 0)
(0.534499 -0.503842 0)
(0.538676 -0.502184 0)
(0.48505 -0.489671 0)
(0.304136 -0.438146 0)
(0.100133 -0.266478 0)
(-0.282125 -0.463706 0)
(-0.563762 -0.673812 0)
(-0.80158 -0.73273 0)
(-0.87405 -0.743388 0)
(-0.861676 -0.739377 0)
(-0.828289 -0.731162 0)
(-0.79046 -0.721582 0)
(-0.752162 -0.711378 0)
(-0.714898 -0.700788 0)
(-0.679223 -0.689936 0)
(-0.645266 -0.678915 0)
(-0.613003 -0.667803 0)
(-0.582367 -0.656666 0)
(-0.553277 -0.645565 0)
(-0.525652 -0.634548 0)
(-0.499415 -0.623658 0)
(-0.474485 -0.612931 0)
(-0.450789 -0.602396 0)
(-0.428253 -0.592079 0)
(-0.406809 -0.582 0)
(-0.386388 -0.572175 0)
(-0.366929 -0.562616 0)
(-0.348371 -0.553335 0)
(-0.330657 -0.544338 0)
(-0.313733 -0.535631 0)
(-0.297549 -0.527219 0)
(-0.282057 -0.519103 0)
(-0.267211 -0.511286 0)
(-0.252969 -0.503766 0)
(-0.239292 -0.496545 0)
(-0.226142 -0.48962 0)
(-0.213484 -0.48299 0)
(-0.201284 -0.476654 0)
(-0.189511 -0.470607 0)
(-0.178136 -0.464848 0)
(-0.16713 -0.459374 0)
(-0.156467 -0.454181 0)
(-0.146122 -0.449267 0)
(-0.136072 -0.444627 0)
(-0.126295 -0.440259 0)
(-0.116767 -0.436158 0)
(-0.107471 -0.432316 0)
(-0.0983915 -0.428706 0)
(-0.0894966 -0.425253 0)
(-0.0807671 -0.421941 0)
(-0.0721993 -0.41884 0)
(-0.0637739 -0.415976 0)
(-0.0554735 -0.413353 0)
(-0.0472828 -0.410968 0)
(-0.0391868 -0.408818 0)
(-0.0311709 -0.406898 0)
(-0.0232204 -0.405203 0)
(-0.0153211 -0.403729 0)
(-0.00745876 -0.402471 0)
(0.000380337 -0.401426 0)
(0.00820987 -0.400587 0)
(0.0160422 -0.39995 0)
(0.0238983 -0.399668 0)
(0.0318113 -0.400416 0)
(0.0397748 -0.402035 0)
(0.0477864 -0.403852 0)
(0.055854 -0.405906 0)
(0.0640405 -0.40828 0)
(0.0723455 -0.410954 0)
(0.0807594 -0.413845 0)
(0.0893151 -0.416939 0)
(0.098032 -0.420236 0)
(0.106928 -0.423734 0)
(0.116024 -0.427432 0)
(0.125341 -0.431328 0)
(0.134901 -0.43542 0)
(0.144727 -0.439703 0)
(0.154841 -0.444174 0)
(0.165271 -0.448827 0)
(0.176041 -0.453656 0)
(0.18718 -0.458652 0)
(0.198718 -0.463807 0)
(0.210685 -0.469111 0)
(0.223113 -0.47455 0)
(0.236035 -0.48011 0)
(0.249485 -0.485774 0)
(0.2635 -0.491523 0)
(0.278115 -0.497333 0)
(0.293368 -0.503181 0)
(0.309296 -0.509037 0)
(0.325938 -0.51487 0)
(0.34333 -0.520643 0)
(0.361512 -0.526317 0)
(0.380518 -0.531851 0)
(0.40038 -0.537197 0)
(0.42112 -0.542303 0)
(0.44272 -0.547115 0)
(0.465051 -0.551571 0)
(0.487701 -0.555588 0)
(0.509696 -0.55899 0)
(0.528494 -0.561207 0)
(0.533626 -0.560042 0)
(0.481109 -0.547043 0)
(0.301338 -0.491602 0)
(0.0992276 -0.304848 0)
(-0.279539 -0.540836 0)
(-0.556183 -0.763402 0)
(-0.791251 -0.822404 0)
(-0.861513 -0.831152 0)
(-0.847367 -0.824745 0)
(-0.812409 -0.813955 0)
(-0.773178 -0.801732 0)
(-0.733666 -0.788868 0)
(-0.695381 -0.775635 0)
(-0.658878 -0.762182 0)
(-0.624275 -0.748622 0)
(-0.591538 -0.735046 0)
(-0.560582 -0.721535 0)
(-0.531315 -0.708154 0)
(-0.503642 -0.694958 0)
(-0.477468 -0.681991 0)
(-0.452701 -0.66929 0)
(-0.429255 -0.656883 0)
(-0.407044 -0.644792 0)
(-0.385988 -0.633036 0)
(-0.366012 -0.621625 0)
(-0.347044 -0.610571 0)
(-0.329016 -0.599879 0)
(-0.311864 -0.589552 0)
(-0.295531 -0.579593 0)
(-0.279959 -0.570002 0)
(-0.265096 -0.560778 0)
(-0.250894 -0.551917 0)
(-0.237307 -0.543419 0)
(-0.224292 -0.535278 0)
(-0.21181 -0.527491 0)
(-0.199824 -0.520053 0)
(-0.188298 -0.51296 0)
(-0.177199 -0.506205 0)
(-0.166497 -0.499785 0)
(-0.156162 -0.493694 0)
(-0.146168 -0.487927 0)
(-0.136488 -0.48248 0)
(-0.127099 -0.477346 0)
(-0.117978 -0.472521 0)
(-0.109103 -0.467999 0)
(-0.100453 -0.463772 0)
(-0.092014 -0.459813 0)
(-0.083755 -0.456048 0)
(-0.075655 -0.452458 0)
(-0.0677066 -0.449105 0)
(-0.0598919 -0.446019 0)
(-0.0521931 -0.443203 0)
(-0.0445949 -0.440655 0)
(-0.0370823 -0.43837 0)
(-0.0296404 -0.436343 0)
(-0.0222546 -0.434569 0)
(-0.0149104 -0.433045 0)
(-0.00759336 -0.431765 0)
(-0.000289314 -0.430724 0)
(0.00701591 -0.429918 0)
(0.0143353 -0.429341 0)
(0.0216898 -0.429182 0)
(0.0291037 -0.430065 0)
(0.0365663 -0.431796 0)
(0.0440734 -0.43376 0)
(0.0516416 -0.436002 0)
(0.0593207 -0.438598 0)
(0.067111 -0.441519 0)
(0.0750109 -0.444688 0)
(0.0830502 -0.448096 0)
(0.0912492 -0.451741 0)
(0.0996277 -0.455625 0)
(0.108207 -0.459747 0)
(0.117011 -0.464106 0)
(0.126063 -0.468702 0)
(0.135387 -0.473532 0)
(0.145011 -0.478594 0)
(0.154961 -0.483884 0)
(0.165267 -0.489397 0)
(0.17596 -0.495127 0)
(0.187074 -0.501066 0)
(0.198643 -0.507204 0)
(0.210704 -0.513531 0)
(0.223295 -0.520031 0)
(0.236456 -0.52669 0)
(0.25023 -0.533486 0)
(0.264659 -0.540399 0)
(0.27979 -0.547401 0)
(0.295666 -0.55446 0)
(0.312335 -0.561541 0)
(0.329843 -0.568602 0)
(0.348236 -0.575597 0)
(0.367558 -0.582475 0)
(0.387845 -0.589178 0)
(0.409125 -0.595642 0)
(0.431383 -0.601798 0)
(0.454492 -0.607565 0)
(0.478038 -0.612839 0)
(0.501036 -0.617418 0)
(0.520931 -0.62068 0)
(0.52727 -0.620259 0)
(0.476154 -0.607082 0)
(0.29785 -0.548311 0)
(0.0981043 -0.347721 0)
(-0.276279 -0.631431 0)
(-0.546629 -0.862946 0)
(-0.778206 -0.919735 0)
(-0.845709 -0.925408 0)
(-0.829354 -0.915802 0)
(-0.792466 -0.901705 0)
(-0.75155 -0.886119 0)
(-0.710615 -0.869893 0)
(-0.671175 -0.853345 0)
(-0.633777 -0.836661 0)
(-0.598521 -0.81998 0)
(-0.565351 -0.803414 0)
(-0.53416 -0.787051 0)
(-0.504832 -0.770965 0)
(-0.477246 -0.75521 0)
(-0.451289 -0.739829 0)
(-0.426849 -0.724854 0)
(-0.403822 -0.710311 0)
(-0.382109 -0.696214 0)
(-0.361615 -0.682575 0)
(-0.342255 -0.669401 0)
(-0.323946 -0.656693 0)
(-0.306612 -0.644453 0)
(-0.290183 -0.632678 0)
(-0.274594 -0.621363 0)
(-0.259783 -0.610504 0)
(-0.245693 -0.600094 0)
(-0.232272 -0.590127 0)
(-0.219472 -0.580593 0)
(-0.207246 -0.571487 0)
(-0.195554 -0.562798 0)
(-0.184355 -0.55452 0)
(-0.173614 -0.546644 0)
(-0.163295 -0.539161 0)
(-0.153368 -0.532063 0)
(-0.143802 -0.525343 0)
(-0.13457 -0.518993 0)
(-0.125645 -0.513006 0)
(-0.117004 -0.507373 0)
(-0.108623 -0.50209 0)
(-0.10048 -0.497147 0)
(-0.0925552 -0.492536 0)
(-0.0848322 -0.488231 0)
(-0.0772829 -0.484162 0)
(-0.0698848 -0.480305 0)
(-0.0626273 -0.476714 0)
(-0.0554932 -0.47342 0)
(-0.0484651 -0.470427 0)
(-0.0415276 -0.467732 0)
(-0.0346659 -0.465329 0)
(-0.0278652 -0.463214 0)
(-0.0211109 -0.461381 0)
(-0.0143884 -0.459827 0)
(-0.00768324 -0.458546 0)
(-0.000980872 -0.457534 0)
(0.00573318 -0.456786 0)
(0.0124724 -0.456296 0)
(0.0192561 -0.456277 0)
(0.026099 -0.457293 0)
(0.0329868 -0.459127 0)
(0.0399149 -0.461228 0)
(0.0469052 -0.463649 0)
(0.0539967 -0.466458 0)
(0.0611908 -0.469614 0)
(0.0684928 -0.473055 0)
(0.0759302 -0.476772 0)
(0.083524 -0.480768 0)
(0.0912953 -0.485043 0)
(0.0992667 -0.489599 0)
(0.107462 -0.494437 0)
(0.115908 -0.499558 0)
(0.124629 -0.504963 0)
(0.133654 -0.51065 0)
(0.143013 -0.516619 0)
(0.15274 -0.522867 0)
(0.162869 -0.529392 0)
(0.173438 -0.536187 0)
(0.184486 -0.543247 0)
(0.196054 -0.550562 0)
(0.208188 -0.558122 0)
(0.220933 -0.565911 0)
(0.23434 -0.573913 0)
(0.248463 -0.582105 0)
(0.263356 -0.59046 0)
(0.279077 -0.598948 0)
(0.295684 -0.607529 0)
(0.313236 -0.616157 0)
(0.331791 -0.62478 0)
(0.351406 -0.633335 0)
(0.372134 -0.641752 0)
(0.394011 -0.64995 0)
(0.417032 -0.657838 0)
(0.441072 -0.665312 0)
(0.465715 -0.672237 0)
(0.489967 -0.678373 0)
(0.511258 -0.683035 0)
(0.519149 -0.683701 0)
(0.469826 -0.670756 0)
(0.293425 -0.609419 0)
(0.0966807 -0.396645 0)
(-0.272111 -0.739663 0)
(-0.534485 -0.97514 0)
(-0.761624 -1.02667 0)
(-0.825586 -1.02772 0)
(-0.806372 -1.01381 0)
(-0.767042 -0.995366 0)
(-0.724073 -0.975403 0)
(-0.681489 -0.954852 0)
(-0.640793 -0.934101 0)
(-0.602504 -0.913387 0)
(-0.566683 -0.892875 0)
(-0.533228 -0.872692 0)
(-0.501992 -0.852932 0)
(-0.472818 -0.833662 0)
(-0.445555 -0.814931 0)
(-0.420058 -0.796773 0)
(-0.396192 -0.779209 0)
(-0.373831 -0.762254 0)
(-0.352857 -0.745912 0)
(-0.333161 -0.730184 0)
(-0.314644 -0.715067 0)
(-0.297214 -0.700552 0)
(-0.280786 -0.686632 0)
(-0.265281 -0.673296 0)
(-0.250629 -0.660531 0)
(-0.236762 -0.648325 0)
(-0.223619 -0.636664 0)
(-0.211144 -0.625535 0)
(-0.199286 -0.614923 0)
(-0.187998 -0.604815 0)
(-0.177235 -0.595198 0)
(-0.166956 -0.586058 0)
(-0.157125 -0.577383 0)
(-0.147706 -0.56916 0)
(-0.138666 -0.561378 0)
(-0.129975 -0.554026 0)
(-0.121606 -0.547092 0)
(-0.113532 -0.540567 0)
(-0.10573 -0.53444 0)
(-0.0981758 -0.528703 0)
(-0.0908493 -0.523346 0)
(-0.0837304 -0.518358 0)
(-0.0768021 -0.513715 0)
(-0.0700384 -0.509352 0)
(-0.0634162 -0.505241 0)
(-0.0569223 -0.501428 0)
(-0.0505401 -0.497944 0)
(-0.0442528 -0.494791 0)
(-0.0380457 -0.491966 0)
(-0.0319043 -0.489463 0)
(-0.0258142 -0.487278 0)
(-0.019761 -0.485405 0)
(-0.0137304 -0.483841 0)
(-0.00770772 -0.48258 0)
(-0.00167828 -0.481617 0)
(0.00437268 -0.480949 0)
(0.0104591 -0.480571 0)
(0.0165974 -0.480702 0)
(0.0227929 -0.481841 0)
(0.0290279 -0.483765 0)
(0.0352982 -0.485993 0)
(0.0416283 -0.488582 0)
(0.0480477 -0.491589 0)
(0.0545593 -0.494968 0)
(0.0611732 -0.498669 0)
(0.067915 -0.502688 0)
(0.0748061 -0.507026 0)
(0.0818685 -0.511689 0)
(0.0891256 -0.516679 0)
(0.0966026 -0.522001 0)
(0.104326 -0.527659 0)
(0.112323 -0.533656 0)
(0.120624 -0.539994 0)
(0.129261 -0.546675 0)
(0.13827 -0.553701 0)
(0.14769 -0.561073 0)
(0.157561 -0.56879 0)
(0.167928 -0.576851 0)
(0.178838 -0.585251 0)
(0.190341 -0.593986 0)
(0.202494 -0.603044 0)
(0.215355 -0.612413 0)
(0.228991 -0.622077 0)
(0.243469 -0.63201 0)
(0.258861 -0.642183 0)
(0.275244 -0.652557 0)
(0.292694 -0.663086 0)
(0.311291 -0.67371 0)
(0.331114 -0.684361 0)
(0.352239 -0.694954 0)
(0.374726 -0.705387 0)
(0.398592 -0.715544 0)
(0.423724 -0.725285 0)
(0.449709 -0.734431 0)
(0.475546 -0.742682 0)
(0.498657 -0.749271 0)
(0.508596 -0.751515 0)
(0.461626 -0.739345 0)
(0.287725 -0.676442 0)
(0.0948429 -0.453732 0)
(-0.266941 -0.869731 0)
(-0.519454 -1.10214 0)
(-0.740734 -1.14452 0)
(-0.799737 -1.13895 0)
(-0.77656 -1.11919 0)
(-0.734033 -1.09495 0)
(-0.68859 -1.06927 0)
(-0.644207 -1.0432 0)
(-0.602305 -1.01722 0)
(-0.563308 -0.991596 0)
(-0.527188 -0.96651 0)
(-0.493766 -0.942076 0)
(-0.462827 -0.918373 0)
(-0.434162 -0.895451 0)
(-0.407577 -0.873339 0)
(-0.382892 -0.852054 0)
(-0.359942 -0.8316 0)
(-0.338578 -0.811973 0)
(-0.318662 -0.793163 0)
(-0.300071 -0.775157 0)
(-0.28269 -0.757937 0)
(-0.266418 -0.741484 0)
(-0.25116 -0.725777 0)
(-0.23683 -0.710792 0)
(-0.22335 -0.696508 0)
(-0.210649 -0.682902 0)
(-0.19866 -0.66995 0)
(-0.187327 -0.65763 0)
(-0.176593 -0.64592 0)
(-0.166411 -0.634799 0)
(-0.156736 -0.624247 0)
(-0.147527 -0.614245 0)
(-0.138745 -0.604774 0)
(-0.130356 -0.595819 0)
(-0.122327 -0.587364 0)
(-0.114628 -0.579392 0)
(-0.107229 -0.571891 0)
(-0.100107 -0.564845 0)
(-0.0932389 -0.558239 0)
(-0.0866026 -0.552064 0)
(-0.0801785 -0.546308 0)
(-0.0739478 -0.540959 0)
(-0.0678934 -0.535994 0)
(-0.0619917 -0.531353 0)
(-0.0562195 -0.527008 0)
(-0.0505617 -0.522994 0)
(-0.0450023 -0.519339 0)
(-0.0395259 -0.516046 0)
(-0.0341184 -0.51311 0)
(-0.0287662 -0.510526 0)
(-0.0234557 -0.508289 0)
(-0.0181732 -0.506394 0)
(-0.0129045 -0.504837 0)
(-0.00763561 -0.503614 0)
(-0.00235183 -0.50272 0)
(0.00296146 -0.502151 0)
(0.00831848 -0.501905 0)
(0.0137317 -0.50219 0)
(0.0191973 -0.503435 0)
(0.024695 -0.505432 0)
(0.0302219 -0.50777 0)
(0.0358027 -0.510508 0)
(0.0414592 -0.51369 0)
(0.0471958 -0.517271 0)
(0.053026 -0.521213 0)
(0.0589731 -0.525514 0)
(0.0650578 -0.53018 0)
(0.0713021 -0.535217 0)
(0.0777295 -0.54063 0)
(0.084365 -0.546429 0)
(0.0912358 -0.552618 0)
(0.0983707 -0.559206 0)
(0.105801 -0.5662 0)
(0.113561 -0.573607 0)
(0.121689 -0.581433 0)
(0.130223 -0.589686 0)
(0.13921 -0.598371 0)
(0.148695 -0.607493 0)
(0.158733 -0.617056 0)
(0.16938 -0.627063 0)
(0.180701 -0.637512 0)
(0.192766 -0.648401 0)
(0.205654 -0.659724 0)
(0.219451 -0.671464 0)
(0.234247 -0.683597 0)
(0.250139 -0.696086 0)
(0.267233 -0.708888 0)
(0.285636 -0.721945 0)
(0.305463 -0.735185 0)
(0.326826 -0.748513 0)
(0.349828 -0.761812 0)
(0.374528 -0.774937 0)
(0.400862 -0.787705 0)
(0.428448 -0.799875 0)
(0.456304 -0.811063 0)
(0.481843 -0.820375 0)
(0.494611 -0.824939 0)
(0.450909 -0.814286 0)
(0.280381 -0.751091 0)
(0.0924807 -0.521539 0)
(-0.26131 -1.02042 0)
(-0.502378 -1.24144 0)
(-0.715311 -1.27041 0)
(-0.766573 -1.2558 0)
(-0.737527 -1.22836 0)
(-0.690867 -1.19687 0)
(-0.642689 -1.16433 0)
(-0.596652 -1.13183 0)
(-0.553888 -1.0999 0)
(-0.514609 -1.06878 0)
(-0.478644 -1.03859 0)
(-0.445714 -1.00944 0)
(-0.415531 -0.981373 0)
(-0.387831 -0.954422 0)
(-0.362372 -0.9286 0)
(-0.338939 -0.903904 0)
(-0.317336 -0.880323 0)
(-0.297385 -0.857828 0)
(-0.27893 -0.836397 0)
(-0.261828 -0.815996 0)
(-0.245951 -0.796589 0)
(-0.231183 -0.778139 0)
(-0.217421 -0.76061 0)
(-0.204569 -0.743963 0)
(-0.192544 -0.728162 0)
(-0.18127 -0.713171 0)
(-0.170678 -0.698954 0)
(-0.160708 -0.685478 0)
(-0.151305 -0.67271 0)
(-0.142418 -0.66062 0)
(-0.134005 -0.649178 0)
(-0.126025 -0.638359 0)
(-0.118443 -0.628138 0)
(-0.111225 -0.618496 0)
(-0.10434 -0.609412 0)
(-0.0977552 -0.60087 0)
(-0.0914394 -0.592853 0)
(-0.0853687 -0.58533 0)
(-0.0795272 -0.578287 0)
(-0.0738972 -0.571712 0)
(-0.0684602 -0.565593 0)
(-0.0631984 -0.559917 0)
(-0.0580953 -0.55466 0)
(-0.0531294 -0.549772 0)
(-0.0482786 -0.545223 0)
(-0.0435266 -0.541039 0)
(-0.0388585 -0.537243 0)
(-0.0342605 -0.533836 0)
(-0.02972 -0.530814 0)
(-0.0252247 -0.528171 0)
(-0.020762 -0.525903 0)
(-0.0163191 -0.524004 0)
(-0.0118827 -0.522473 0)
(-0.00743907 -0.521303 0)
(-0.00297433 -0.520494 0)
(0.00152581 -0.520041 0)
(0.00607545 -0.519943 0)
(0.0106826 -0.520379 0)
(0.0153349 -0.52171 0)
(0.0200102 -0.523761 0)
(0.0247068 -0.526187 0)
(0.0294472 -0.529046 0)
(0.0342474 -0.532372 0)
(0.0391132 -0.536123 0)
(0.0440591 -0.540273 0)
(0.0491063 -0.544824 0)
(0.0542744 -0.549784 0)
(0.0595845 -0.555162 0)
(0.0650591 -0.560967 0)
(0.0707227 -0.567209 0)
(0.0766016 -0.5739 0)
(0.0827244 -0.581051 0)
(0.0891223 -0.588675 0)
(0.0958294 -0.596785 0)
(0.102884 -0.605396 0)
(0.110327 -0.614521 0)
(0.118205 -0.624175 0)
(0.126568 -0.634372 0)
(0.135473 -0.645127 0)
(0.14498 -0.65645 0)
(0.155158 -0.668358 0)
(0.166084 -0.680866 0)
(0.177856 -0.694001 0)
(0.19059 -0.707762 0)
(0.204402 -0.722112 0)
(0.219412 -0.737032 0)
(0.23575 -0.752489 0)
(0.253566 -0.768437 0)
(0.273019 -0.784806 0)
(0.294279 -0.801496 0)
(0.317514 -0.818377 0)
(0.342861 -0.835276 0)
(0.370342 -0.851967 0)
(0.399678 -0.868138 0)
(0.429984 -0.883296 0)
(0.458752 -0.896385 0)
(0.475601 -0.904272 0)
(0.436844 -0.896083 0)
(0.271244 -0.833992 0)
(0.0896928 -0.601489 0)
(-0.256715 -1.18715 0)
(-0.485531 -1.39688 0)
(-0.685726 -1.40913 0)
(-0.72526 -1.38235 0)
(-0.688694 -1.34505 0)
(-0.637539 -1.30483 0)
(-0.586648 -1.26433 0)
(-0.53906 -1.22453 0)
(-0.495596 -1.18561 0)
(-0.456192 -1.14783 0)
(-0.420589 -1.1114 0)
(-0.388435 -1.07644 0)
(-0.359375 -1.04304 0)
(-0.333074 -1.01122 0)
(-0.309227 -0.980992 0)
(-0.287565 -0.952318 0)
(-0.267829 -0.92516 0)
(-0.249809 -0.899463 0)
(-0.233318 -0.87516 0)
(-0.218181 -0.852185 0)
(-0.204254 -0.830472 0)
(-0.191405 -0.809957 0)
(-0.179521 -0.790577 0)
(-0.168501 -0.77227 0)
(-0.158253 -0.754978 0)
(-0.1487 -0.738647 0)
(-0.139772 -0.723225 0)
(-0.131405 -0.708663 0)
(-0.123545 -0.694916 0)
(-0.116144 -0.681938 0)
(-0.109163 -0.669687 0)
(-0.102569 -0.658127 0)
(-0.0963323 -0.647229 0)
(-0.0904235 -0.636967 0)
(-0.0848167 -0.627313 0)
(-0.0794846 -0.61824 0)
(-0.0743567 -0.609723 0)
(-0.0694121 -0.601762 0)
(-0.064678 -0.594334 0)
(-0.0601357 -0.58742 0)
(-0.0557643 -0.581 0)
(-0.0515455 -0.575056 0)
(-0.0474632 -0.569565 0)
(-0.0434986 -0.564484 0)
(-0.0396314 -0.559783 0)
(-0.0358456 -0.555479 0)
(-0.0321281 -0.551588 0)
(-0.0284673 -0.548111 0)
(-0.0248527 -0.545041 0)
(-0.0212738 -0.542374 0)
(-0.0177197 -0.540106 0)
(-0.014179 -0.538233 0)
(-0.0106398 -0.536752 0)
(-0.00708949 -0.535661 0)
(-0.003515 -0.534958 0)
(9.72256e-05 -0.534642 0)
(0.00376112 -0.534713 0)
(0.00748072 -0.535304 0)
(0.0112367 -0.536709 0)
(0.0150053 -0.5388 0)
(0.0187864 -0.5413 0)
(0.0225987 -0.54426 0)
(0.0264533 -0.547705 0)
(0.0303561 -0.551599 0)
(0.0343213 -0.555928 0)
(0.0383667 -0.560697 0)
(0.0425105 -0.565917 0)
(0.0467716 -0.571599 0)
(0.0511709 -0.577754 0)
(0.0557308 -0.584398 0)
(0.0604756 -0.591546 0)
(0.0654314 -0.599216 0)
(0.0706269 -0.607426 0)
(0.0760943 -0.616196 0)
(0.0818698 -0.625551 0)
(0.0879948 -0.635513 0)
(0.0945158 -0.646109 0)
(0.101485 -0.657364 0)
(0.108959 -0.669305 0)
(0.116996 -0.681953 0)
(0.125652 -0.69533 0)
(0.134971 -0.70948 0)
(0.145083 -0.724654 0)
(0.156224 -0.740639 0)
(0.168538 -0.75747 0)
(0.182112 -0.775175 0)
(0.197113 -0.793764 0)
(0.213745 -0.813222 0)
(0.232241 -0.833499 0)
(0.252854 -0.854503 0)
(0.275849 -0.87608 0)
(0.301473 -0.898023 0)
(0.329883 -0.920028 0)
(0.360961 -0.941658 0)
(0.394027 -0.962245 0)
(0.42685 -0.980498 0)
(0.449417 -0.992956 0)
(0.41837 -0.988231 0)
(0.260661 -0.928038 0)
(0.0871211 -0.694345 0)
(-0.245553 -1.5029 0)
(-0.459407 -1.75728 0)
(-0.645375 -1.75188 0)
(-0.674208 -1.69735 0)
(-0.630779 -1.63254 0)
(-0.574587 -1.5662 0)
(-0.520031 -1.50106 0)
(-0.469484 -1.43826 0)
(-0.423795 -1.37853 0)
(-0.38359 -1.32218 0)
(-0.348402 -1.26931 0)
(-0.317578 -1.21989 0)
(-0.29049 -1.17379 0)
(-0.266589 -1.13082 0)
(-0.245406 -1.09078 0)
(-0.226543 -1.05346 0)
(-0.209684 -1.01866 0)
(-0.194518 -0.98619 0)
(-0.180799 -0.95586 0)
(-0.168364 -0.927512 0)
(-0.157047 -0.900991 0)
(-0.146708 -0.876159 0)
(-0.137224 -0.85289 0)
(-0.128496 -0.831069 0)
(-0.120433 -0.810594 0)
(-0.112961 -0.791374 0)
(-0.106013 -0.773325 0)
(-0.0995298 -0.756372 0)
(-0.0934568 -0.74045 0)
(-0.0877445 -0.7255 0)
(-0.0823628 -0.71147 0)
(-0.077304 -0.69831 0)
(-0.072547 -0.685963 0)
(-0.0680538 -0.674383 0)
(-0.0637895 -0.663524 0)
(-0.0597293 -0.653348 0)
(-0.0558984 -0.643822 0)
(-0.0522773 -0.634934 0)
(-0.048802 -0.626656 0)
(-0.0454583 -0.618963 0)
(-0.0422375 -0.611829 0)
(-0.0391312 -0.605234 0)
(-0.0361297 -0.599152 0)
(-0.0332203 -0.593549 0)
(-0.0303868 -0.588395 0)
(-0.0276154 -0.583697 0)
(-0.0248958 -0.579463 0)
(-0.0222196 -0.57569 0)
(-0.019579 -0.57237 0)
(-0.0169659 -0.5695 0)
(-0.0143718 -0.567074 0)
(-0.0117874 -0.56509 0)
(-0.009203 -0.563545 0)
(-0.00660784 -0.562439 0)
(-0.00399049 -0.561772 0)
(-0.00133839 -0.561548 0)
(0.00136238 -0.561767 0)
(0.00411446 -0.5625 0)
(0.00689416 -0.563973 0)
(0.00967486 -0.566123 0)
(0.0124567 -0.568739 0)
(0.0152549 -0.571858 0)
(0.0180767 -0.575498 0)
(0.0209274 -0.579637 0)
(0.0238192 -0.584268 0)
(0.0267668 -0.589401 0)
(0.0297851 -0.595048 0)
(0.03289 -0.601222 0)
(0.0360983 -0.607939 0)
(0.0394283 -0.615219 0)
(0.0428993 -0.623083 0)
(0.0465325 -0.631556 0)
(0.0503514 -0.640665 0)
(0.054383 -0.650441 0)
(0.0586587 -0.66092 0)
(0.0632156 -0.672141 0)
(0.068098 -0.68415 0)
(0.0733596 -0.697 0)
(0.0790673 -0.710752 0)
(0.0852967 -0.725475 0)
(0.0920649 -0.741248 0)
(0.098882 -0.758123 0)
(0.106491 -0.775948 0)
(0.115556 -0.795028 0)
(0.125601 -0.815502 0)
(0.136807 -0.837464 0)
(0.149423 -0.86101 0)
(0.163747 -0.88624 0)
(0.180133 -0.913243 0)
(0.199003 -0.942082 0)
(0.220794 -0.972763 0)
(0.245966 -1.00517 0)
(0.274971 -1.03901 0)
(0.307974 -1.07367 0)
(0.344539 -1.10808 0)
(0.382655 -1.14017 0)
(0.412707 -1.16531 0)
(0.392103 -1.17007 0)
(0.245986 -1.11123 0)
(0.0829121 -0.856754 0)
(-0.198247 -2.1606 0)
(-0.406955 -2.53533 0)
(-0.532694 -2.52405 0)
(-0.529616 -2.42395 0)
(-0.470441 -2.30235 0)
(-0.406628 -2.18122 0)
(-0.350536 -2.06651 0)
(-0.304066 -1.96081 0)
(-0.266408 -1.86478 0)
(-0.235663 -1.77784 0)
(-0.210341 -1.69901 0)
(-0.189236 -1.62731 0)
(-0.171413 -1.56184 0)
(-0.156171 -1.50184 0)
(-0.142987 -1.44664 0)
(-0.131463 -1.39569 0)
(-0.121293 -1.34851 0)
(-0.112269 -1.30471 0)
(-0.104221 -1.26395 0)
(-0.0969789 -1.22594 0)
(-0.0904213 -1.19043 0)
(-0.0844547 -1.15719 0)
(-0.0790024 -1.12603 0)
(-0.0739998 -1.09679 0)
(-0.0693925 -1.06932 0)
(-0.065135 -1.04348 0)
(-0.0611893 -1.01917 0)
(-0.0575242 -0.996283 0)
(-0.054116 -0.974724 0)
(-0.0509459 -0.954419 0)
(-0.047984 -0.935299 0)
(-0.0451849 -0.917297 0)
(-0.0425215 -0.900348 0)
(-0.0399877 -0.884393 0)
(-0.0375777 -0.869383 0)
(-0.0352856 -0.855275 0)
(-0.0331082 -0.842028 0)
(-0.0310366 -0.829591 0)
(-0.0290569 -0.817932 0)
(-0.0271594 -0.807022 0)
(-0.0253367 -0.796837 0)
(-0.023583 -0.787351 0)
(-0.0218927 -0.77854 0)
(-0.0202581 -0.770373 0)
(-0.0186684 -0.762826 0)
(-0.0171142 -0.755893 0)
(-0.0155893 -0.749572 0)
(-0.0140894 -0.743856 0)
(-0.0126108 -0.738738 0)
(-0.0111491 -0.734211 0)
(-0.00969945 -0.73027 0)
(-0.00825663 -0.726913 0)
(-0.00681472 -0.724139 0)
(-0.0053669 -0.721949 0)
(-0.0039052 -0.720345 0)
(-0.00242022 -0.719333 0)
(-0.000900105 -0.718921 0)
(0.000664668 -0.719118 0)
(0.00225554 -0.720062 0)
(0.00383594 -0.721758 0)
(0.00539999 -0.724081 0)
(0.00696254 -0.727046 0)
(0.00852857 -0.730658 0)
(0.0101019 -0.734907 0)
(0.0116915 -0.739798 0)
(0.0133071 -0.745338 0)
(0.0149582 -0.751541 0)
(0.0166542 -0.758422 0)
(0.018405 -0.766 0)
(0.0202204 -0.774297 0)
(0.0221109 -0.78334 0)
(0.0240876 -0.793158 0)
(0.0261642 -0.803788 0)
(0.0283556 -0.815268 0)
(0.0306782 -0.827641 0)
(0.0331493 -0.840962 0)
(0.0357861 -0.85529 0)
(0.0386049 -0.870695 0)
(0.0416197 -0.887261 0)
(0.0448509 -0.905083 0)
(0.0483975 -0.924277 0)
(0.0528945 -0.944942 0)
(0.0578428 -0.966984 0)
(0.0627559 -0.990818 0)
(0.0683141 -1.01663 0)
(0.0747132 -1.04464 0)
(0.0821261 -1.07509 0)
(0.0907868 -1.10831 0)
(0.101023 -1.14468 0)
(0.113301 -1.18467 0)
(0.128332 -1.22881 0)
(0.147105 -1.27772 0)
(0.170849 -1.33199 0)
(0.200965 -1.39197 0)
(0.238648 -1.45715 0)
(0.283617 -1.52484 0)
(0.327819 -1.58775 0)
(0.331979 -1.62205 0)
(0.221217 -1.56119 0)
(0.06228 -1.23222 0)
(-0.180402 -1.36822 0)
(-0.411443 -1.65668 0)
(-0.349942 -1.6029 0)
(-0.173969 -1.46011 0)
(-0.0398191 -1.3201 0)
(0.0262287 -1.2015 0)
(0.0531443 -1.10908 0)
(0.0593299 -1.03487 0)
(0.0572729 -0.972749 0)
(0.0526898 -0.919391 0)
(0.0478342 -0.872767 0)
(0.0434393 -0.83154 0)
(0.0396487 -0.794762 0)
(0.036413 -0.761723 0)
(0.0336397 -0.731876 0)
(0.0312414 -0.704785 0)
(0.0291422 -0.680098 0)
(0.0272849 -0.657528 0)
(0.0256265 -0.636824 0)
(0.0241317 -0.617778 0)
(0.0227748 -0.600219 0)
(0.0215348 -0.583999 0)
(0.0203943 -0.56899 0)
(0.0193393 -0.555079 0)
(0.0183579 -0.542169 0)
(0.0174405 -0.530174 0)
(0.016579 -0.519017 0)
(0.0157664 -0.50863 0)
(0.0149965 -0.498952 0)
(0.0142639 -0.489924 0)
(0.0135651 -0.481495 0)
(0.0128987 -0.473621 0)
(0.0122621 -0.46627 0)
(0.011652 -0.459411 0)
(0.0110652 -0.453015 0)
(0.0104992 -0.447055 0)
(0.00995166 -0.441503 0)
(0.00942077 -0.436335 0)
(0.00890536 -0.431527 0)
(0.00840424 -0.42706 0)
(0.00791623 -0.422917 0)
(0.00744007 -0.419081 0)
(0.00697435 -0.415536 0)
(0.00651791 -0.412269 0)
(0.00607011 -0.409266 0)
(0.00563028 -0.406519 0)
(0.0051973 -0.404022 0)
(0.00477004 -0.401769 0)
(0.00434766 -0.399754 0)
(0.00392937 -0.397973 0)
(0.00351416 -0.396422 0)
(0.0031006 -0.395098 0)
(0.00268787 -0.394001 0)
(0.00227683 -0.393133 0)
(0.00186909 -0.392495 0)
(0.00146531 -0.392089 0)
(0.00106497 -0.391921 0)
(0.000668402 -0.392 0)
(0.000272725 -0.392337 0)
(-0.000129028 -0.392932 0)
(-0.000538531 -0.39378 0)
(-0.000954097 -0.394877 0)
(-0.00137621 -0.396226 0)
(-0.00180556 -0.397824 0)
(-0.00224257 -0.399674 0)
(-0.00268789 -0.40178 0)
(-0.00314226 -0.404149 0)
(-0.00360656 -0.406788 0)
(-0.00408218 -0.409709 0)
(-0.00457146 -0.412923 0)
(-0.00507672 -0.416445 0)
(-0.00560276 -0.420297 0)
(-0.0061488 -0.424496 0)
(-0.00671374 -0.429062 0)
(-0.00730306 -0.434019 0)
(-0.00792094 -0.439397 0)
(-0.0085728 -0.445228 0)
(-0.00926561 -0.451547 0)
(-0.0100074 -0.458393 0)
(-0.0108056 -0.465807 0)
(-0.011661 -0.473834 0)
(-0.0125461 -0.482559 0)
(-0.0135168 -0.492307 0)
(-0.0146348 -0.50294 0)
(-0.0158873 -0.51456 0)
(-0.0172974 -0.527325 0)
(-0.0189061 -0.541421 0)
(-0.0207717 -0.557076 0)
(-0.0229731 -0.57457 0)
(-0.0255976 -0.594264 0)
(-0.0286842 -0.616639 0)
(-0.032054 -0.642391 0)
(-0.0348266 -0.672549 0)
(-0.0341709 -0.708716 0)
(-0.0228479 -0.753549 0)
(0.0120624 -0.811613 0)
(0.0950379 -0.884896 0)
(0.228764 -0.967502 0)
(0.277155 -1.00519 0)
(0.0897504 -0.787075 0)
)
;

boundaryField
{
    fuel
    {
        type            fixedValue;
        value           uniform (0.1 0 0);
    }
    air
    {
        type            fixedValue;
        value           uniform (-0.1 0 0);
    }
    outlet
    {
        type            zeroGradient;
    }
    frontAndBack
    {
        type            empty;
    }
}


// ************************************************************************* //
