/*--------------------------------*- C++ -*----------------------------------*\
  =========                 |
  \\      /  F ield         | OpenFOAM: The Open Source CFD Toolbox
   \\    /   O peration     | Website:  https://openfoam.org
    \\  /    A nd           | Version:  10
     \\/     M anipulation  |
\*---------------------------------------------------------------------------*/
FoamFile
{
    format      ascii;
    class       labelList;
    note        "nPoints: 15640 nCells: 7600 nFaces: 30620 nInternalFaces: 14980";
    location    "constant/polyMesh";
    object      neighbour;
}
// * * * * * * * * * * * * * * * * * * * * * * * * * * * * * * * * * * * * * //


14980
(
1
10
190
2
11
191
3
12
192
4
13
193
5
14
194
6
15
195
7
16
196
8
17
197
9
18
198
19
199
2609
11
20
12
21
13
22
14
23
15
24
16
25
17
26
18
27
19
28
29
2608
21
30
22
31
23
32
24
33
25
34
26
35
27
36
28
37
29
38
39
2607
31
40
32
41
33
42
34
43
35
44
36
45
37
46
38
47
39
48
49
2606
41
50
42
51
43
52
44
53
45
54
46
55
47
56
48
57
49
58
59
2605
51
60
52
61
53
62
54
63
55
64
56
65
57
66
58
67
59
68
69
2604
61
70
62
71
63
72
64
73
65
74
66
75
67
76
68
77
69
78
79
2603
71
80
72
81
73
82
74
83
75
84
76
85
77
86
78
87
79
88
89
2602
81
90
82
91
83
92
84
93
85
94
86
95
87
96
88
97
89
98
99
2601
91
2899
92
2898
93
2897
94
2896
95
2895
96
2894
97
2893
98
2892
99
2891
2600
2890
101
110
3900
102
111
3910
103
112
3920
104
113
3930
105
114
3940
106
115
3950
107
116
3960
108
117
3970
109
118
3980
119
200
3990
111
120
112
121
113
122
114
123
115
124
116
125
117
126
118
127
119
128
129
280
121
130
122
131
123
132
124
133
125
134
126
135
127
136
128
137
129
138
139
360
131
140
132
141
133
142
134
143
135
144
136
145
137
146
138
147
139
148
149
440
141
150
142
151
143
152
144
153
145
154
146
155
147
156
148
157
149
158
159
520
151
160
152
161
153
162
154
163
155
164
156
165
157
166
158
167
159
168
169
600
161
170
162
171
163
172
164
173
165
174
166
175
167
176
168
177
169
178
179
680
171
180
172
181
173
182
174
183
175
184
176
185
177
186
178
187
179
188
189
760
181
190
182
191
183
192
184
193
185
194
186
195
187
196
188
197
189
198
199
840
191
192
193
194
195
196
197
198
199
920
201
280
4000
202
281
4010
203
282
4020
204
283
4030
205
284
4040
206
285
4050
207
286
4060
208
287
4070
209
288
4080
210
289
4090
211
290
4100
212
291
4110
213
292
4120
214
293
4130
215
294
4140
216
295
4150
217
296
4160
218
297
4170
219
298
4180
220
299
4190
221
300
4200
222
301
4210
223
302
4220
224
303
4230
225
304
4240
226
305
4250
227
306
4260
228
307
4270
229
308
4280
230
309
4290
231
310
4300
232
311
4310
233
312
4320
234
313
4330
235
314
4340
236
315
4350
237
316
4360
238
317
4370
239
318
4380
240
319
4390
241
320
4400
242
321
4410
243
322
4420
244
323
4430
245
324
4440
246
325
4450
247
326
4460
248
327
4470
249
328
4480
250
329
4490
251
330
4500
252
331
4510
253
332
4520
254
333
4530
255
334
4540
256
335
4550
257
336
4560
258
337
4570
259
338
4580
260
339
4590
261
340
4600
262
341
4610
263
342
4620
264
343
4630
265
344
4640
266
345
4650
267
346
4660
268
347
4670
269
348
4680
270
349
4690
271
350
4700
272
351
4710
273
352
4720
274
353
4730
275
354
4740
276
355
4750
277
356
4760
278
357
4770
279
358
4780
359
4790
281
360
282
361
283
362
284
363
285
364
286
365
287
366
288
367
289
368
290
369
291
370
292
371
293
372
294
373
295
374
296
375
297
376
298
377
299
378
300
379
301
380
302
381
303
382
304
383
305
384
306
385
307
386
308
387
309
388
310
389
311
390
312
391
313
392
314
393
315
394
316
395
317
396
318
397
319
398
320
399
321
400
322
401
323
402
324
403
325
404
326
405
327
406
328
407
329
408
330
409
331
410
332
411
333
412
334
413
335
414
336
415
337
416
338
417
339
418
340
419
341
420
342
421
343
422
344
423
345
424
346
425
347
426
348
427
349
428
350
429
351
430
352
431
353
432
354
433
355
434
356
435
357
436
358
437
359
438
439
361
440
362
441
363
442
364
443
365
444
366
445
367
446
368
447
369
448
370
449
371
450
372
451
373
452
374
453
375
454
376
455
377
456
378
457
379
458
380
459
381
460
382
461
383
462
384
463
385
464
386
465
387
466
388
467
389
468
390
469
391
470
392
471
393
472
394
473
395
474
396
475
397
476
398
477
399
478
400
479
401
480
402
481
403
482
404
483
405
484
406
485
407
486
408
487
409
488
410
489
411
490
412
491
413
492
414
493
415
494
416
495
417
496
418
497
419
498
420
499
421
500
422
501
423
502
424
503
425
504
426
505
427
506
428
507
429
508
430
509
431
510
432
511
433
512
434
513
435
514
436
515
437
516
438
517
439
518
519
441
520
442
521
443
522
444
523
445
524
446
525
447
526
448
527
449
528
450
529
451
530
452
531
453
532
454
533
455
534
456
535
457
536
458
537
459
538
460
539
461
540
462
541
463
542
464
543
465
544
466
545
467
546
468
547
469
548
470
549
471
550
472
551
473
552
474
553
475
554
476
555
477
556
478
557
479
558
480
559
481
560
482
561
483
562
484
563
485
564
486
565
487
566
488
567
489
568
490
569
491
570
492
571
493
572
494
573
495
574
496
575
497
576
498
577
499
578
500
579
501
580
502
581
503
582
504
583
505
584
506
585
507
586
508
587
509
588
510
589
511
590
512
591
513
592
514
593
515
594
516
595
517
596
518
597
519
598
599
521
600
522
601
523
602
524
603
525
604
526
605
527
606
528
607
529
608
530
609
531
610
532
611
533
612
534
613
535
614
536
615
537
616
538
617
539
618
540
619
541
620
542
621
543
622
544
623
545
624
546
625
547
626
548
627
549
628
550
629
551
630
552
631
553
632
554
633
555
634
556
635
557
636
558
637
559
638
560
639
561
640
562
641
563
642
564
643
565
644
566
645
567
646
568
647
569
648
570
649
571
650
572
651
573
652
574
653
575
654
576
655
577
656
578
657
579
658
580
659
581
660
582
661
583
662
584
663
585
664
586
665
587
666
588
667
589
668
590
669
591
670
592
671
593
672
594
673
595
674
596
675
597
676
598
677
599
678
679
601
680
602
681
603
682
604
683
605
684
606
685
607
686
608
687
609
688
610
689
611
690
612
691
613
692
614
693
615
694
616
695
617
696
618
697
619
698
620
699
621
700
622
701
623
702
624
703
625
704
626
705
627
706
628
707
629
708
630
709
631
710
632
711
633
712
634
713
635
714
636
715
637
716
638
717
639
718
640
719
641
720
642
721
643
722
644
723
645
724
646
725
647
726
648
727
649
728
650
729
651
730
652
731
653
732
654
733
655
734
656
735
657
736
658
737
659
738
660
739
661
740
662
741
663
742
664
743
665
744
666
745
667
746
668
747
669
748
670
749
671
750
672
751
673
752
674
753
675
754
676
755
677
756
678
757
679
758
759
681
760
682
761
683
762
684
763
685
764
686
765
687
766
688
767
689
768
690
769
691
770
692
771
693
772
694
773
695
774
696
775
697
776
698
777
699
778
700
779
701
780
702
781
703
782
704
783
705
784
706
785
707
786
708
787
709
788
710
789
711
790
712
791
713
792
714
793
715
794
716
795
717
796
718
797
719
798
720
799
721
800
722
801
723
802
724
803
725
804
726
805
727
806
728
807
729
808
730
809
731
810
732
811
733
812
734
813
735
814
736
815
737
816
738
817
739
818
740
819
741
820
742
821
743
822
744
823
745
824
746
825
747
826
748
827
749
828
750
829
751
830
752
831
753
832
754
833
755
834
756
835
757
836
758
837
759
838
839
761
840
762
841
763
842
764
843
765
844
766
845
767
846
768
847
769
848
770
849
771
850
772
851
773
852
774
853
775
854
776
855
777
856
778
857
779
858
780
859
781
860
782
861
783
862
784
863
785
864
786
865
787
866
788
867
789
868
790
869
791
870
792
871
793
872
794
873
795
874
796
875
797
876
798
877
799
878
800
879
801
880
802
881
803
882
804
883
805
884
806
885
807
886
808
887
809
888
810
889
811
890
812
891
813
892
814
893
815
894
816
895
817
896
818
897
819
898
820
899
821
900
822
901
823
902
824
903
825
904
826
905
827
906
828
907
829
908
830
909
831
910
832
911
833
912
834
913
835
914
836
915
837
916
838
917
839
918
919
841
920
842
921
843
922
844
923
845
924
846
925
847
926
848
927
849
928
850
929
851
930
852
931
853
932
854
933
855
934
856
935
857
936
858
937
859
938
860
939
861
940
862
941
863
942
864
943
865
944
866
945
867
946
868
947
869
948
870
949
871
950
872
951
873
952
874
953
875
954
876
955
877
956
878
957
879
958
880
959
881
960
882
961
883
962
884
963
885
964
886
965
887
966
888
967
889
968
890
969
891
970
892
971
893
972
894
973
895
974
896
975
897
976
898
977
899
978
900
979
901
980
902
981
903
982
904
983
905
984
906
985
907
986
908
987
909
988
910
989
911
990
912
991
913
992
914
993
915
994
916
995
917
996
918
997
919
998
999
921
1000
922
1001
923
1002
924
1003
925
1004
926
1005
927
1006
928
1007
929
1008
930
1009
931
1010
932
1011
933
1012
934
1013
935
1014
936
1015
937
1016
938
1017
939
1018
940
1019
941
1020
942
1021
943
1022
944
1023
945
1024
946
1025
947
1026
948
1027
949
1028
950
1029
951
1030
952
1031
953
1032
954
1033
955
1034
956
1035
957
1036
958
1037
959
1038
960
1039
961
1040
962
1041
963
1042
964
1043
965
1044
966
1045
967
1046
968
1047
969
1048
970
1049
971
1050
972
1051
973
1052
974
1053
975
1054
976
1055
977
1056
978
1057
979
1058
980
1059
981
1060
982
1061
983
1062
984
1063
985
1064
986
1065
987
1066
988
1067
989
1068
990
1069
991
1070
992
1071
993
1072
994
1073
995
1074
996
1075
997
1076
998
1077
999
1078
1079
1001
1080
2609
1002
1081
1003
1082
1004
1083
1005
1084
1006
1085
1007
1086
1008
1087
1009
1088
1010
1089
1011
1090
1012
1091
1013
1092
1014
1093
1015
1094
1016
1095
1017
1096
1018
1097
1019
1098
1020
1099
1021
1100
1022
1101
1023
1102
1024
1103
1025
1104
1026
1105
1027
1106
1028
1107
1029
1108
1030
1109
1031
1110
1032
1111
1033
1112
1034
1113
1035
1114
1036
1115
1037
1116
1038
1117
1039
1118
1040
1119
1041
1120
1042
1121
1043
1122
1044
1123
1045
1124
1046
1125
1047
1126
1048
1127
1049
1128
1050
1129
1051
1130
1052
1131
1053
1132
1054
1133
1055
1134
1056
1135
1057
1136
1058
1137
1059
1138
1060
1139
1061
1140
1062
1141
1063
1142
1064
1143
1065
1144
1066
1145
1067
1146
1068
1147
1069
1148
1070
1149
1071
1150
1072
1151
1073
1152
1074
1153
1075
1154
1076
1155
1077
1156
1078
1157
1079
1158
1159
1081
1160
2619
1082
1161
1083
1162
1084
1163
1085
1164
1086
1165
1087
1166
1088
1167
1089
1168
1090
1169
1091
1170
1092
1171
1093
1172
1094
1173
1095
1174
1096
1175
1097
1176
1098
1177
1099
1178
1100
1179
1101
1180
1102
1181
1103
1182
1104
1183
1105
1184
1106
1185
1107
1186
1108
1187
1109
1188
1110
1189
1111
1190
1112
1191
1113
1192
1114
1193
1115
1194
1116
1195
1117
1196
1118
1197
1119
1198
1120
1199
1121
1200
1122
1201
1123
1202
1124
1203
1125
1204
1126
1205
1127
1206
1128
1207
1129
1208
1130
1209
1131
1210
1132
1211
1133
1212
1134
1213
1135
1214
1136
1215
1137
1216
1138
1217
1139
1218
1140
1219
1141
1220
1142
1221
1143
1222
1144
1223
1145
1224
1146
1225
1147
1226
1148
1227
1149
1228
1150
1229
1151
1230
1152
1231
1153
1232
1154
1233
1155
1234
1156
1235
1157
1236
1158
1237
1159
1238
1239
1161
1240
2629
1162
1241
1163
1242
1164
1243
1165
1244
1166
1245
1167
1246
1168
1247
1169
1248
1170
1249
1171
1250
1172
1251
1173
1252
1174
1253
1175
1254
1176
1255
1177
1256
1178
1257
1179
1258
1180
1259
1181
1260
1182
1261
1183
1262
1184
1263
1185
1264
1186
1265
1187
1266
1188
1267
1189
1268
1190
1269
1191
1270
1192
1271
1193
1272
1194
1273
1195
1274
1196
1275
1197
1276
1198
1277
1199
1278
1200
1279
1201
1280
1202
1281
1203
1282
1204
1283
1205
1284
1206
1285
1207
1286
1208
1287
1209
1288
1210
1289
1211
1290
1212
1291
1213
1292
1214
1293
1215
1294
1216
1295
1217
1296
1218
1297
1219
1298
1220
1299
1221
1300
1222
1301
1223
1302
1224
1303
1225
1304
1226
1305
1227
1306
1228
1307
1229
1308
1230
1309
1231
1310
1232
1311
1233
1312
1234
1313
1235
1314
1236
1315
1237
1316
1238
1317
1239
1318
1319
1241
1320
2639
1242
1321
1243
1322
1244
1323
1245
1324
1246
1325
1247
1326
1248
1327
1249
1328
1250
1329
1251
1330
1252
1331
1253
1332
1254
1333
1255
1334
1256
1335
1257
1336
1258
1337
1259
1338
1260
1339
1261
1340
1262
1341
1263
1342
1264
1343
1265
1344
1266
1345
1267
1346
1268
1347
1269
1348
1270
1349
1271
1350
1272
1351
1273
1352
1274
1353
1275
1354
1276
1355
1277
1356
1278
1357
1279
1358
1280
1359
1281
1360
1282
1361
1283
1362
1284
1363
1285
1364
1286
1365
1287
1366
1288
1367
1289
1368
1290
1369
1291
1370
1292
1371
1293
1372
1294
1373
1295
1374
1296
1375
1297
1376
1298
1377
1299
1378
1300
1379
1301
1380
1302
1381
1303
1382
1304
1383
1305
1384
1306
1385
1307
1386
1308
1387
1309
1388
1310
1389
1311
1390
1312
1391
1313
1392
1314
1393
1315
1394
1316
1395
1317
1396
1318
1397
1319
1398
1399
1321
1400
2649
1322
1401
1323
1402
1324
1403
1325
1404
1326
1405
1327
1406
1328
1407
1329
1408
1330
1409
1331
1410
1332
1411
1333
1412
1334
1413
1335
1414
1336
1415
1337
1416
1338
1417
1339
1418
1340
1419
1341
1420
1342
1421
1343
1422
1344
1423
1345
1424
1346
1425
1347
1426
1348
1427
1349
1428
1350
1429
1351
1430
1352
1431
1353
1432
1354
1433
1355
1434
1356
1435
1357
1436
1358
1437
1359
1438
1360
1439
1361
1440
1362
1441
1363
1442
1364
1443
1365
1444
1366
1445
1367
1446
1368
1447
1369
1448
1370
1449
1371
1450
1372
1451
1373
1452
1374
1453
1375
1454
1376
1455
1377
1456
1378
1457
1379
1458
1380
1459
1381
1460
1382
1461
1383
1462
1384
1463
1385
1464
1386
1465
1387
1466
1388
1467
1389
1468
1390
1469
1391
1470
1392
1471
1393
1472
1394
1473
1395
1474
1396
1475
1397
1476
1398
1477
1399
1478
1479
1401
1480
2659
1402
1481
1403
1482
1404
1483
1405
1484
1406
1485
1407
1486
1408
1487
1409
1488
1410
1489
1411
1490
1412
1491
1413
1492
1414
1493
1415
1494
1416
1495
1417
1496
1418
1497
1419
1498
1420
1499
1421
1500
1422
1501
1423
1502
1424
1503
1425
1504
1426
1505
1427
1506
1428
1507
1429
1508
1430
1509
1431
1510
1432
1511
1433
1512
1434
1513
1435
1514
1436
1515
1437
1516
1438
1517
1439
1518
1440
1519
1441
1520
1442
1521
1443
1522
1444
1523
1445
1524
1446
1525
1447
1526
1448
1527
1449
1528
1450
1529
1451
1530
1452
1531
1453
1532
1454
1533
1455
1534
1456
1535
1457
1536
1458
1537
1459
1538
1460
1539
1461
1540
1462
1541
1463
1542
1464
1543
1465
1544
1466
1545
1467
1546
1468
1547
1469
1548
1470
1549
1471
1550
1472
1551
1473
1552
1474
1553
1475
1554
1476
1555
1477
1556
1478
1557
1479
1558
1559
1481
1560
2669
1482
1561
1483
1562
1484
1563
1485
1564
1486
1565
1487
1566
1488
1567
1489
1568
1490
1569
1491
1570
1492
1571
1493
1572
1494
1573
1495
1574
1496
1575
1497
1576
1498
1577
1499
1578
1500
1579
1501
1580
1502
1581
1503
1582
1504
1583
1505
1584
1506
1585
1507
1586
1508
1587
1509
1588
1510
1589
1511
1590
1512
1591
1513
1592
1514
1593
1515
1594
1516
1595
1517
1596
1518
1597
1519
1598
1520
1599
1521
1600
1522
1601
1523
1602
1524
1603
1525
1604
1526
1605
1527
1606
1528
1607
1529
1608
1530
1609
1531
1610
1532
1611
1533
1612
1534
1613
1535
1614
1536
1615
1537
1616
1538
1617
1539
1618
1540
1619
1541
1620
1542
1621
1543
1622
1544
1623
1545
1624
1546
1625
1547
1626
1548
1627
1549
1628
1550
1629
1551
1630
1552
1631
1553
1632
1554
1633
1555
1634
1556
1635
1557
1636
1558
1637
1559
1638
1639
1561
1640
2679
1562
1641
1563
1642
1564
1643
1565
1644
1566
1645
1567
1646
1568
1647
1569
1648
1570
1649
1571
1650
1572
1651
1573
1652
1574
1653
1575
1654
1576
1655
1577
1656
1578
1657
1579
1658
1580
1659
1581
1660
1582
1661
1583
1662
1584
1663
1585
1664
1586
1665
1587
1666
1588
1667
1589
1668
1590
1669
1591
1670
1592
1671
1593
1672
1594
1673
1595
1674
1596
1675
1597
1676
1598
1677
1599
1678
1600
1679
1601
1680
1602
1681
1603
1682
1604
1683
1605
1684
1606
1685
1607
1686
1608
1687
1609
1688
1610
1689
1611
1690
1612
1691
1613
1692
1614
1693
1615
1694
1616
1695
1617
1696
1618
1697
1619
1698
1620
1699
1621
1700
1622
1701
1623
1702
1624
1703
1625
1704
1626
1705
1627
1706
1628
1707
1629
1708
1630
1709
1631
1710
1632
1711
1633
1712
1634
1713
1635
1714
1636
1715
1637
1716
1638
1717
1639
1718
1719
1641
1720
2689
1642
1721
1643
1722
1644
1723
1645
1724
1646
1725
1647
1726
1648
1727
1649
1728
1650
1729
1651
1730
1652
1731
1653
1732
1654
1733
1655
1734
1656
1735
1657
1736
1658
1737
1659
1738
1660
1739
1661
1740
1662
1741
1663
1742
1664
1743
1665
1744
1666
1745
1667
1746
1668
1747
1669
1748
1670
1749
1671
1750
1672
1751
1673
1752
1674
1753
1675
1754
1676
1755
1677
1756
1678
1757
1679
1758
1680
1759
1681
1760
1682
1761
1683
1762
1684
1763
1685
1764
1686
1765
1687
1766
1688
1767
1689
1768
1690
1769
1691
1770
1692
1771
1693
1772
1694
1773
1695
1774
1696
1775
1697
1776
1698
1777
1699
1778
1700
1779
1701
1780
1702
1781
1703
1782
1704
1783
1705
1784
1706
1785
1707
1786
1708
1787
1709
1788
1710
1789
1711
1790
1712
1791
1713
1792
1714
1793
1715
1794
1716
1795
1717
1796
1718
1797
1719
1798
1799
1721
1800
2699
1722
1801
1723
1802
1724
1803
1725
1804
1726
1805
1727
1806
1728
1807
1729
1808
1730
1809
1731
1810
1732
1811
1733
1812
1734
1813
1735
1814
1736
1815
1737
1816
1738
1817
1739
1818
1740
1819
1741
1820
1742
1821
1743
1822
1744
1823
1745
1824
1746
1825
1747
1826
1748
1827
1749
1828
1750
1829
1751
1830
1752
1831
1753
1832
1754
1833
1755
1834
1756
1835
1757
1836
1758
1837
1759
1838
1760
1839
1761
1840
1762
1841
1763
1842
1764
1843
1765
1844
1766
1845
1767
1846
1768
1847
1769
1848
1770
1849
1771
1850
1772
1851
1773
1852
1774
1853
1775
1854
1776
1855
1777
1856
1778
1857
1779
1858
1780
1859
1781
1860
1782
1861
1783
1862
1784
1863
1785
1864
1786
1865
1787
1866
1788
1867
1789
1868
1790
1869
1791
1870
1792
1871
1793
1872
1794
1873
1795
1874
1796
1875
1797
1876
1798
1877
1799
1878
1879
1801
1880
2709
1802
1881
1803
1882
1804
1883
1805
1884
1806
1885
1807
1886
1808
1887
1809
1888
1810
1889
1811
1890
1812
1891
1813
1892
1814
1893
1815
1894
1816
1895
1817
1896
1818
1897
1819
1898
1820
1899
1821
1900
1822
1901
1823
1902
1824
1903
1825
1904
1826
1905
1827
1906
1828
1907
1829
1908
1830
1909
1831
1910
1832
1911
1833
1912
1834
1913
1835
1914
1836
1915
1837
1916
1838
1917
1839
1918
1840
1919
1841
1920
1842
1921
1843
1922
1844
1923
1845
1924
1846
1925
1847
1926
1848
1927
1849
1928
1850
1929
1851
1930
1852
1931
1853
1932
1854
1933
1855
1934
1856
1935
1857
1936
1858
1937
1859
1938
1860
1939
1861
1940
1862
1941
1863
1942
1864
1943
1865
1944
1866
1945
1867
1946
1868
1947
1869
1948
1870
1949
1871
1950
1872
1951
1873
1952
1874
1953
1875
1954
1876
1955
1877
1956
1878
1957
1879
1958
1959
1881
1960
2719
1882
1961
1883
1962
1884
1963
1885
1964
1886
1965
1887
1966
1888
1967
1889
1968
1890
1969
1891
1970
1892
1971
1893
1972
1894
1973
1895
1974
1896
1975
1897
1976
1898
1977
1899
1978
1900
1979
1901
1980
1902
1981
1903
1982
1904
1983
1905
1984
1906
1985
1907
1986
1908
1987
1909
1988
1910
1989
1911
1990
1912
1991
1913
1992
1914
1993
1915
1994
1916
1995
1917
1996
1918
1997
1919
1998
1920
1999
1921
2000
1922
2001
1923
2002
1924
2003
1925
2004
1926
2005
1927
2006
1928
2007
1929
2008
1930
2009
1931
2010
1932
2011
1933
2012
1934
2013
1935
2014
1936
2015
1937
2016
1938
2017
1939
2018
1940
2019
1941
2020
1942
2021
1943
2022
1944
2023
1945
2024
1946
2025
1947
2026
1948
2027
1949
2028
1950
2029
1951
2030
1952
2031
1953
2032
1954
2033
1955
2034
1956
2035
1957
2036
1958
2037
1959
2038
2039
1961
2040
2729
1962
2041
1963
2042
1964
2043
1965
2044
1966
2045
1967
2046
1968
2047
1969
2048
1970
2049
1971
2050
1972
2051
1973
2052
1974
2053
1975
2054
1976
2055
1977
2056
1978
2057
1979
2058
1980
2059
1981
2060
1982
2061
1983
2062
1984
2063
1985
2064
1986
2065
1987
2066
1988
2067
1989
2068
1990
2069
1991
2070
1992
2071
1993
2072
1994
2073
1995
2074
1996
2075
1997
2076
1998
2077
1999
2078
2000
2079
2001
2080
2002
2081
2003
2082
2004
2083
2005
2084
2006
2085
2007
2086
2008
2087
2009
2088
2010
2089
2011
2090
2012
2091
2013
2092
2014
2093
2015
2094
2016
2095
2017
2096
2018
2097
2019
2098
2020
2099
2021
2100
2022
2101
2023
2102
2024
2103
2025
2104
2026
2105
2027
2106
2028
2107
2029
2108
2030
2109
2031
2110
2032
2111
2033
2112
2034
2113
2035
2114
2036
2115
2037
2116
2038
2117
2039
2118
2119
2041
2120
2739
2042
2121
2043
2122
2044
2123
2045
2124
2046
2125
2047
2126
2048
2127
2049
2128
2050
2129
2051
2130
2052
2131
2053
2132
2054
2133
2055
2134
2056
2135
2057
2136
2058
2137
2059
2138
2060
2139
2061
2140
2062
2141
2063
2142
2064
2143
2065
2144
2066
2145
2067
2146
2068
2147
2069
2148
2070
2149
2071
2150
2072
2151
2073
2152
2074
2153
2075
2154
2076
2155
2077
2156
2078
2157
2079
2158
2080
2159
2081
2160
2082
2161
2083
2162
2084
2163
2085
2164
2086
2165
2087
2166
2088
2167
2089
2168
2090
2169
2091
2170
2092
2171
2093
2172
2094
2173
2095
2174
2096
2175
2097
2176
2098
2177
2099
2178
2100
2179
2101
2180
2102
2181
2103
2182
2104
2183
2105
2184
2106
2185
2107
2186
2108
2187
2109
2188
2110
2189
2111
2190
2112
2191
2113
2192
2114
2193
2115
2194
2116
2195
2117
2196
2118
2197
2119
2198
2199
2121
2200
2749
2122
2201
2123
2202
2124
2203
2125
2204
2126
2205
2127
2206
2128
2207
2129
2208
2130
2209
2131
2210
2132
2211
2133
2212
2134
2213
2135
2214
2136
2215
2137
2216
2138
2217
2139
2218
2140
2219
2141
2220
2142
2221
2143
2222
2144
2223
2145
2224
2146
2225
2147
2226
2148
2227
2149
2228
2150
2229
2151
2230
2152
2231
2153
2232
2154
2233
2155
2234
2156
2235
2157
2236
2158
2237
2159
2238
2160
2239
2161
2240
2162
2241
2163
2242
2164
2243
2165
2244
2166
2245
2167
2246
2168
2247
2169
2248
2170
2249
2171
2250
2172
2251
2173
2252
2174
2253
2175
2254
2176
2255
2177
2256
2178
2257
2179
2258
2180
2259
2181
2260
2182
2261
2183
2262
2184
2263
2185
2264
2186
2265
2187
2266
2188
2267
2189
2268
2190
2269
2191
2270
2192
2271
2193
2272
2194
2273
2195
2274
2196
2275
2197
2276
2198
2277
2199
2278
2279
2201
2280
2759
2202
2281
2203
2282
2204
2283
2205
2284
2206
2285
2207
2286
2208
2287
2209
2288
2210
2289
2211
2290
2212
2291
2213
2292
2214
2293
2215
2294
2216
2295
2217
2296
2218
2297
2219
2298
2220
2299
2221
2300
2222
2301
2223
2302
2224
2303
2225
2304
2226
2305
2227
2306
2228
2307
2229
2308
2230
2309
2231
2310
2232
2311
2233
2312
2234
2313
2235
2314
2236
2315
2237
2316
2238
2317
2239
2318
2240
2319
2241
2320
2242
2321
2243
2322
2244
2323
2245
2324
2246
2325
2247
2326
2248
2327
2249
2328
2250
2329
2251
2330
2252
2331
2253
2332
2254
2333
2255
2334
2256
2335
2257
2336
2258
2337
2259
2338
2260
2339
2261
2340
2262
2341
2263
2342
2264
2343
2265
2344
2266
2345
2267
2346
2268
2347
2269
2348
2270
2349
2271
2350
2272
2351
2273
2352
2274
2353
2275
2354
2276
2355
2277
2356
2278
2357
2279
2358
2359
2281
2360
2769
2282
2361
2283
2362
2284
2363
2285
2364
2286
2365
2287
2366
2288
2367
2289
2368
2290
2369
2291
2370
2292
2371
2293
2372
2294
2373
2295
2374
2296
2375
2297
2376
2298
2377
2299
2378
2300
2379
2301
2380
2302
2381
2303
2382
2304
2383
2305
2384
2306
2385
2307
2386
2308
2387
2309
2388
2310
2389
2311
2390
2312
2391
2313
2392
2314
2393
2315
2394
2316
2395
2317
2396
2318
2397
2319
2398
2320
2399
2321
2400
2322
2401
2323
2402
2324
2403
2325
2404
2326
2405
2327
2406
2328
2407
2329
2408
2330
2409
2331
2410
2332
2411
2333
2412
2334
2413
2335
2414
2336
2415
2337
2416
2338
2417
2339
2418
2340
2419
2341
2420
2342
2421
2343
2422
2344
2423
2345
2424
2346
2425
2347
2426
2348
2427
2349
2428
2350
2429
2351
2430
2352
2431
2353
2432
2354
2433
2355
2434
2356
2435
2357
2436
2358
2437
2359
2438
2439
2361
2440
2779
2362
2441
2363
2442
2364
2443
2365
2444
2366
2445
2367
2446
2368
2447
2369
2448
2370
2449
2371
2450
2372
2451
2373
2452
2374
2453
2375
2454
2376
2455
2377
2456
2378
2457
2379
2458
2380
2459
2381
2460
2382
2461
2383
2462
2384
2463
2385
2464
2386
2465
2387
2466
2388
2467
2389
2468
2390
2469
2391
2470
2392
2471
2393
2472
2394
2473
2395
2474
2396
2475
2397
2476
2398
2477
2399
2478
2400
2479
2401
2480
2402
2481
2403
2482
2404
2483
2405
2484
2406
2485
2407
2486
2408
2487
2409
2488
2410
2489
2411
2490
2412
2491
2413
2492
2414
2493
2415
2494
2416
2495
2417
2496
2418
2497
2419
2498
2420
2499
2421
2500
2422
2501
2423
2502
2424
2503
2425
2504
2426
2505
2427
2506
2428
2507
2429
2508
2430
2509
2431
2510
2432
2511
2433
2512
2434
2513
2435
2514
2436
2515
2437
2516
2438
2517
2439
2518
2519
2441
2520
2789
2442
2521
2443
2522
2444
2523
2445
2524
2446
2525
2447
2526
2448
2527
2449
2528
2450
2529
2451
2530
2452
2531
2453
2532
2454
2533
2455
2534
2456
2535
2457
2536
2458
2537
2459
2538
2460
2539
2461
2540
2462
2541
2463
2542
2464
2543
2465
2544
2466
2545
2467
2546
2468
2547
2469
2548
2470
2549
2471
2550
2472
2551
2473
2552
2474
2553
2475
2554
2476
2555
2477
2556
2478
2557
2479
2558
2480
2559
2481
2560
2482
2561
2483
2562
2484
2563
2485
2564
2486
2565
2487
2566
2488
2567
2489
2568
2490
2569
2491
2570
2492
2571
2493
2572
2494
2573
2495
2574
2496
2575
2497
2576
2498
2577
2499
2578
2500
2579
2501
2580
2502
2581
2503
2582
2504
2583
2505
2584
2506
2585
2507
2586
2508
2587
2509
2588
2510
2589
2511
2590
2512
2591
2513
2592
2514
2593
2515
2594
2516
2595
2517
2596
2518
2597
2519
2598
2599
2521
2799
2522
2523
2524
2525
2526
2527
2528
2529
2530
2531
2532
2533
2534
2535
2536
2537
2538
2539
2540
2541
2542
2543
2544
2545
2546
2547
2548
2549
2550
2551
2552
2553
2554
2555
2556
2557
2558
2559
2560
2561
2562
2563
2564
2565
2566
2567
2568
2569
2570
2571
2572
2573
2574
2575
2576
2577
2578
2579
2580
2581
2582
2583
2584
2585
2586
2587
2588
2589
2590
2591
2592
2593
2594
2595
2596
2597
2598
2599
2601
2610
3609
2602
2611
2603
2612
2604
2613
2605
2614
2606
2615
2607
2616
2608
2617
2609
2618
2619
2611
2620
3619
2612
2621
2613
2622
2614
2623
2615
2624
2616
2625
2617
2626
2618
2627
2619
2628
2629
2621
2630
3629
2622
2631
2623
2632
2624
2633
2625
2634
2626
2635
2627
2636
2628
2637
2629
2638
2639
2631
2640
3639
2632
2641
2633
2642
2634
2643
2635
2644
2636
2645
2637
2646
2638
2647
2639
2648
2649
2641
2650
3649
2642
2651
2643
2652
2644
2653
2645
2654
2646
2655
2647
2656
2648
2657
2649
2658
2659
2651
2660
3659
2652
2661
2653
2662
2654
2663
2655
2664
2656
2665
2657
2666
2658
2667
2659
2668
2669
2661
2670
3669
2662
2671
2663
2672
2664
2673
2665
2674
2666
2675
2667
2676
2668
2677
2669
2678
2679
2671
2680
3679
2672
2681
2673
2682
2674
2683
2675
2684
2676
2685
2677
2686
2678
2687
2679
2688
2689
2681
2690
3689
2682
2691
2683
2692
2684
2693
2685
2694
2686
2695
2687
2696
2688
2697
2689
2698
2699
2691
2700
3699
2692
2701
2693
2702
2694
2703
2695
2704
2696
2705
2697
2706
2698
2707
2699
2708
2709
2701
2710
3709
2702
2711
2703
2712
2704
2713
2705
2714
2706
2715
2707
2716
2708
2717
2709
2718
2719
2711
2720
3719
2712
2721
2713
2722
2714
2723
2715
2724
2716
2725
2717
2726
2718
2727
2719
2728
2729
2721
2730
3729
2722
2731
2723
2732
2724
2733
2725
2734
2726
2735
2727
2736
2728
2737
2729
2738
2739
2731
2740
3739
2732
2741
2733
2742
2734
2743
2735
2744
2736
2745
2737
2746
2738
2747
2739
2748
2749
2741
2750
3749
2742
2751
2743
2752
2744
2753
2745
2754
2746
2755
2747
2756
2748
2757
2749
2758
2759
2751
2760
3759
2752
2761
2753
2762
2754
2763
2755
2764
2756
2765
2757
2766
2758
2767
2759
2768
2769
2761
2770
3769
2762
2771
2763
2772
2764
2773
2765
2774
2766
2775
2767
2776
2768
2777
2769
2778
2779
2771
2780
3779
2772
2781
2773
2782
2774
2783
2775
2784
2776
2785
2777
2786
2778
2787
2779
2788
2789
2781
2790
3789
2782
2791
2783
2792
2784
2793
2785
2794
2786
2795
2787
2796
2788
2797
2789
2798
2799
2791
3799
2792
2793
2794
2795
2796
2797
2798
2799
2801
2810
2990
3600
2802
2811
2991
2803
2812
2992
2804
2813
2993
2805
2814
2994
2806
2815
2995
2807
2816
2996
2808
2817
2997
2809
2818
2998
2819
2999
2811
2820
3601
2812
2821
2813
2822
2814
2823
2815
2824
2816
2825
2817
2826
2818
2827
2819
2828
2829
2821
2830
3602
2822
2831
2823
2832
2824
2833
2825
2834
2826
2835
2827
2836
2828
2837
2829
2838
2839
2831
2840
3603
2832
2841
2833
2842
2834
2843
2835
2844
2836
2845
2837
2846
2838
2847
2839
2848
2849
2841
2850
3604
2842
2851
2843
2852
2844
2853
2845
2854
2846
2855
2847
2856
2848
2857
2849
2858
2859
2851
2860
3605
2852
2861
2853
2862
2854
2863
2855
2864
2856
2865
2857
2866
2858
2867
2859
2868
2869
2861
2870
3606
2862
2871
2863
2872
2864
2873
2865
2874
2866
2875
2867
2876
2868
2877
2869
2878
2879
2871
2880
3607
2872
2881
2873
2882
2874
2883
2875
2884
2876
2885
2877
2886
2878
2887
2879
2888
2889
2881
2890
3608
2882
2891
2883
2892
2884
2893
2885
2894
2886
2895
2887
2896
2888
2897
2889
2898
2899
2891
3609
2892
2893
2894
2895
2896
2897
2898
2899
2901
2910
3019
6700
2902
2911
6710
2903
2912
6720
2904
2913
6730
2905
2914
6740
2906
2915
6750
2907
2916
6760
2908
2917
6770
2909
2918
6780
2919
6790
2911
2920
3039
2912
2921
2913
2922
2914
2923
2915
2924
2916
2925
2917
2926
2918
2927
2919
2928
2929
2921
2930
3059
2922
2931
2923
2932
2924
2933
2925
2934
2926
2935
2927
2936
2928
2937
2929
2938
2939
2931
2940
3079
2932
2941
2933
2942
2934
2943
2935
2944
2936
2945
2937
2946
2938
2947
2939
2948
2949
2941
2950
3099
2942
2951
2943
2952
2944
2953
2945
2954
2946
2955
2947
2956
2948
2957
2949
2958
2959
2951
2960
3119
2952
2961
2953
2962
2954
2963
2955
2964
2956
2965
2957
2966
2958
2967
2959
2968
2969
2961
2970
3139
2962
2971
2963
2972
2964
2973
2965
2974
2966
2975
2967
2976
2968
2977
2969
2978
2979
2971
2980
3159
2972
2981
2973
2982
2974
2983
2975
2984
2976
2985
2977
2986
2978
2987
2979
2988
2989
2981
2990
3179
2982
2991
2983
2992
2984
2993
2985
2994
2986
2995
2987
2996
2988
2997
2989
2998
2999
2991
3199
2992
2993
2994
2995
2996
2997
2998
2999
3001
3020
6800
3002
3021
6810
3003
3022
6820
3004
3023
6830
3005
3024
6840
3006
3025
6850
3007
3026
6860
3008
3027
6870
3009
3028
6880
3010
3029
6890
3011
3030
6900
3012
3031
6910
3013
3032
6920
3014
3033
6930
3015
3034
6940
3016
3035
6950
3017
3036
6960
3018
3037
6970
3019
3038
6980
3039
6990
3021
3040
3022
3041
3023
3042
3024
3043
3025
3044
3026
3045
3027
3046
3028
3047
3029
3048
3030
3049
3031
3050
3032
3051
3033
3052
3034
3053
3035
3054
3036
3055
3037
3056
3038
3057
3039
3058
3059
3041
3060
3042
3061
3043
3062
3044
3063
3045
3064
3046
3065
3047
3066
3048
3067
3049
3068
3050
3069
3051
3070
3052
3071
3053
3072
3054
3073
3055
3074
3056
3075
3057
3076
3058
3077
3059
3078
3079
3061
3080
3062
3081
3063
3082
3064
3083
3065
3084
3066
3085
3067
3086
3068
3087
3069
3088
3070
3089
3071
3090
3072
3091
3073
3092
3074
3093
3075
3094
3076
3095
3077
3096
3078
3097
3079
3098
3099
3081
3100
3082
3101
3083
3102
3084
3103
3085
3104
3086
3105
3087
3106
3088
3107
3089
3108
3090
3109
3091
3110
3092
3111
3093
3112
3094
3113
3095
3114
3096
3115
3097
3116
3098
3117
3099
3118
3119
3101
3120
3102
3121
3103
3122
3104
3123
3105
3124
3106
3125
3107
3126
3108
3127
3109
3128
3110
3129
3111
3130
3112
3131
3113
3132
3114
3133
3115
3134
3116
3135
3117
3136
3118
3137
3119
3138
3139
3121
3140
3122
3141
3123
3142
3124
3143
3125
3144
3126
3145
3127
3146
3128
3147
3129
3148
3130
3149
3131
3150
3132
3151
3133
3152
3134
3153
3135
3154
3136
3155
3137
3156
3138
3157
3139
3158
3159
3141
3160
3142
3161
3143
3162
3144
3163
3145
3164
3146
3165
3147
3166
3148
3167
3149
3168
3150
3169
3151
3170
3152
3171
3153
3172
3154
3173
3155
3174
3156
3175
3157
3176
3158
3177
3159
3178
3179
3161
3180
3162
3181
3163
3182
3164
3183
3165
3184
3166
3185
3167
3186
3168
3187
3169
3188
3170
3189
3171
3190
3172
3191
3173
3192
3174
3193
3175
3194
3176
3195
3177
3196
3178
3197
3179
3198
3199
3181
3200
3182
3201
3183
3202
3184
3203
3185
3204
3186
3205
3187
3206
3188
3207
3189
3208
3190
3209
3191
3210
3192
3211
3193
3212
3194
3213
3195
3214
3196
3215
3197
3216
3198
3217
3199
3218
3219
3201
3220
3202
3221
3203
3222
3204
3223
3205
3224
3206
3225
3207
3226
3208
3227
3209
3228
3210
3229
3211
3230
3212
3231
3213
3232
3214
3233
3215
3234
3216
3235
3217
3236
3218
3237
3219
3238
3239
3600
3221
3240
3222
3241
3223
3242
3224
3243
3225
3244
3226
3245
3227
3246
3228
3247
3229
3248
3230
3249
3231
3250
3232
3251
3233
3252
3234
3253
3235
3254
3236
3255
3237
3256
3238
3257
3239
3258
3259
3610
3241
3260
3242
3261
3243
3262
3244
3263
3245
3264
3246
3265
3247
3266
3248
3267
3249
3268
3250
3269
3251
3270
3252
3271
3253
3272
3254
3273
3255
3274
3256
3275
3257
3276
3258
3277
3259
3278
3279
3620
3261
3280
3262
3281
3263
3282
3264
3283
3265
3284
3266
3285
3267
3286
3268
3287
3269
3288
3270
3289
3271
3290
3272
3291
3273
3292
3274
3293
3275
3294
3276
3295
3277
3296
3278
3297
3279
3298
3299
3630
3281
3300
3282
3301
3283
3302
3284
3303
3285
3304
3286
3305
3287
3306
3288
3307
3289
3308
3290
3309
3291
3310
3292
3311
3293
3312
3294
3313
3295
3314
3296
3315
3297
3316
3298
3317
3299
3318
3319
3640
3301
3320
3302
3321
3303
3322
3304
3323
3305
3324
3306
3325
3307
3326
3308
3327
3309
3328
3310
3329
3311
3330
3312
3331
3313
3332
3314
3333
3315
3334
3316
3335
3317
3336
3318
3337
3319
3338
3339
3650
3321
3340
3322
3341
3323
3342
3324
3343
3325
3344
3326
3345
3327
3346
3328
3347
3329
3348
3330
3349
3331
3350
3332
3351
3333
3352
3334
3353
3335
3354
3336
3355
3337
3356
3338
3357
3339
3358
3359
3660
3341
3360
3342
3361
3343
3362
3344
3363
3345
3364
3346
3365
3347
3366
3348
3367
3349
3368
3350
3369
3351
3370
3352
3371
3353
3372
3354
3373
3355
3374
3356
3375
3357
3376
3358
3377
3359
3378
3379
3670
3361
3380
3362
3381
3363
3382
3364
3383
3365
3384
3366
3385
3367
3386
3368
3387
3369
3388
3370
3389
3371
3390
3372
3391
3373
3392
3374
3393
3375
3394
3376
3395
3377
3396
3378
3397
3379
3398
3399
3680
3381
3400
3382
3401
3383
3402
3384
3403
3385
3404
3386
3405
3387
3406
3388
3407
3389
3408
3390
3409
3391
3410
3392
3411
3393
3412
3394
3413
3395
3414
3396
3415
3397
3416
3398
3417
3399
3418
3419
3690
3401
3420
3402
3421
3403
3422
3404
3423
3405
3424
3406
3425
3407
3426
3408
3427
3409
3428
3410
3429
3411
3430
3412
3431
3413
3432
3414
3433
3415
3434
3416
3435
3417
3436
3418
3437
3419
3438
3439
3700
3421
3440
3422
3441
3423
3442
3424
3443
3425
3444
3426
3445
3427
3446
3428
3447
3429
3448
3430
3449
3431
3450
3432
3451
3433
3452
3434
3453
3435
3454
3436
3455
3437
3456
3438
3457
3439
3458
3459
3710
3441
3460
3442
3461
3443
3462
3444
3463
3445
3464
3446
3465
3447
3466
3448
3467
3449
3468
3450
3469
3451
3470
3452
3471
3453
3472
3454
3473
3455
3474
3456
3475
3457
3476
3458
3477
3459
3478
3479
3720
3461
3480
3462
3481
3463
3482
3464
3483
3465
3484
3466
3485
3467
3486
3468
3487
3469
3488
3470
3489
3471
3490
3472
3491
3473
3492
3474
3493
3475
3494
3476
3495
3477
3496
3478
3497
3479
3498
3499
3730
3481
3500
3482
3501
3483
3502
3484
3503
3485
3504
3486
3505
3487
3506
3488
3507
3489
3508
3490
3509
3491
3510
3492
3511
3493
3512
3494
3513
3495
3514
3496
3515
3497
3516
3498
3517
3499
3518
3519
3740
3501
3520
3502
3521
3503
3522
3504
3523
3505
3524
3506
3525
3507
3526
3508
3527
3509
3528
3510
3529
3511
3530
3512
3531
3513
3532
3514
3533
3515
3534
3516
3535
3517
3536
3518
3537
3519
3538
3539
3750
3521
3540
3522
3541
3523
3542
3524
3543
3525
3544
3526
3545
3527
3546
3528
3547
3529
3548
3530
3549
3531
3550
3532
3551
3533
3552
3534
3553
3535
3554
3536
3555
3537
3556
3538
3557
3539
3558
3559
3760
3541
3560
3542
3561
3543
3562
3544
3563
3545
3564
3546
3565
3547
3566
3548
3567
3549
3568
3550
3569
3551
3570
3552
3571
3553
3572
3554
3573
3555
3574
3556
3575
3557
3576
3558
3577
3559
3578
3579
3770
3561
3580
3562
3581
3563
3582
3564
3583
3565
3584
3566
3585
3567
3586
3568
3587
3569
3588
3570
3589
3571
3590
3572
3591
3573
3592
3574
3593
3575
3594
3576
3595
3577
3596
3578
3597
3579
3598
3599
3780
3581
3582
3583
3584
3585
3586
3587
3588
3589
3590
3591
3592
3593
3594
3595
3596
3597
3598
3599
3790
3601
3610
3602
3611
3603
3612
3604
3613
3605
3614
3606
3615
3607
3616
3608
3617
3609
3618
3619
3611
3620
3612
3621
3613
3622
3614
3623
3615
3624
3616
3625
3617
3626
3618
3627
3619
3628
3629
3621
3630
3622
3631
3623
3632
3624
3633
3625
3634
3626
3635
3627
3636
3628
3637
3629
3638
3639
3631
3640
3632
3641
3633
3642
3634
3643
3635
3644
3636
3645
3637
3646
3638
3647
3639
3648
3649
3641
3650
3642
3651
3643
3652
3644
3653
3645
3654
3646
3655
3647
3656
3648
3657
3649
3658
3659
3651
3660
3652
3661
3653
3662
3654
3663
3655
3664
3656
3665
3657
3666
3658
3667
3659
3668
3669
3661
3670
3662
3671
3663
3672
3664
3673
3665
3674
3666
3675
3667
3676
3668
3677
3669
3678
3679
3671
3680
3672
3681
3673
3682
3674
3683
3675
3684
3676
3685
3677
3686
3678
3687
3679
3688
3689
3681
3690
3682
3691
3683
3692
3684
3693
3685
3694
3686
3695
3687
3696
3688
3697
3689
3698
3699
3691
3700
3692
3701
3693
3702
3694
3703
3695
3704
3696
3705
3697
3706
3698
3707
3699
3708
3709
3701
3710
3702
3711
3703
3712
3704
3713
3705
3714
3706
3715
3707
3716
3708
3717
3709
3718
3719
3711
3720
3712
3721
3713
3722
3714
3723
3715
3724
3716
3725
3717
3726
3718
3727
3719
3728
3729
3721
3730
3722
3731
3723
3732
3724
3733
3725
3734
3726
3735
3727
3736
3728
3737
3729
3738
3739
3731
3740
3732
3741
3733
3742
3734
3743
3735
3744
3736
3745
3737
3746
3738
3747
3739
3748
3749
3741
3750
3742
3751
3743
3752
3744
3753
3745
3754
3746
3755
3747
3756
3748
3757
3749
3758
3759
3751
3760
3752
3761
3753
3762
3754
3763
3755
3764
3756
3765
3757
3766
3758
3767
3759
3768
3769
3761
3770
3762
3771
3763
3772
3764
3773
3765
3774
3766
3775
3767
3776
3768
3777
3769
3778
3779
3771
3780
3772
3781
3773
3782
3774
3783
3775
3784
3776
3785
3777
3786
3778
3787
3779
3788
3789
3781
3790
3782
3791
3783
3792
3784
3793
3785
3794
3786
3795
3787
3796
3788
3797
3789
3798
3799
3791
3792
3793
3794
3795
3796
3797
3798
3799
3801
3810
3909
3802
3811
3803
3812
3804
3813
3805
3814
3806
3815
3807
3816
3808
3817
3809
3818
3819
6699
3811
3820
3919
3812
3821
3813
3822
3814
3823
3815
3824
3816
3825
3817
3826
3818
3827
3819
3828
3829
6689
3821
3830
3929
3822
3831
3823
3832
3824
3833
3825
3834
3826
3835
3827
3836
3828
3837
3829
3838
3839
6679
3831
3840
3939
3832
3841
3833
3842
3834
3843
3835
3844
3836
3845
3837
3846
3838
3847
3839
3848
3849
6669
3841
3850
3949
3842
3851
3843
3852
3844
3853
3845
3854
3846
3855
3847
3856
3848
3857
3849
3858
3859
6659
3851
3860
3959
3852
3861
3853
3862
3854
3863
3855
3864
3856
3865
3857
3866
3858
3867
3859
3868
3869
6649
3861
3870
3969
3862
3871
3863
3872
3864
3873
3865
3874
3866
3875
3867
3876
3868
3877
3869
3878
3879
6639
3871
3880
3979
3872
3881
3873
3882
3874
3883
3875
3884
3876
3885
3877
3886
3878
3887
3879
3888
3889
6629
3881
3890
3989
3882
3891
3883
3892
3884
3893
3885
3894
3886
3895
3887
3896
3888
3897
3889
3898
3899
6619
3891
3999
6580
3892
6560
3893
6540
3894
6520
3895
6500
3896
6480
3897
6460
3898
6440
3899
6420
6400
6609
3901
3910
3902
3911
3903
3912
3904
3913
3905
3914
3906
3915
3907
3916
3908
3917
3909
3918
3919
3911
3920
3912
3921
3913
3922
3914
3923
3915
3924
3916
3925
3917
3926
3918
3927
3919
3928
3929
3921
3930
3922
3931
3923
3932
3924
3933
3925
3934
3926
3935
3927
3936
3928
3937
3929
3938
3939
3931
3940
3932
3941
3933
3942
3934
3943
3935
3944
3936
3945
3937
3946
3938
3947
3939
3948
3949
3941
3950
3942
3951
3943
3952
3944
3953
3945
3954
3946
3955
3947
3956
3948
3957
3949
3958
3959
3951
3960
3952
3961
3953
3962
3954
3963
3955
3964
3956
3965
3957
3966
3958
3967
3959
3968
3969
3961
3970
3962
3971
3963
3972
3964
3973
3965
3974
3966
3975
3967
3976
3968
3977
3969
3978
3979
3971
3980
3972
3981
3973
3982
3974
3983
3975
3984
3976
3985
3977
3986
3978
3987
3979
3988
3989
3981
3990
3982
3991
3983
3992
3984
3993
3985
3994
3986
3995
3987
3996
3988
3997
3989
3998
3999
3991
4000
3992
4001
3993
4002
3994
4003
3995
4004
3996
4005
3997
4006
3998
4007
3999
4008
4009
4001
4010
4002
4011
4003
4012
4004
4013
4005
4014
4006
4015
4007
4016
4008
4017
4009
4018
4019
4800
4011
4020
4012
4021
4013
4022
4014
4023
4015
4024
4016
4025
4017
4026
4018
4027
4019
4028
4029
4820
4021
4030
4022
4031
4023
4032
4024
4033
4025
4034
4026
4035
4027
4036
4028
4037
4029
4038
4039
4840
4031
4040
4032
4041
4033
4042
4034
4043
4035
4044
4036
4045
4037
4046
4038
4047
4039
4048
4049
4860
4041
4050
4042
4051
4043
4052
4044
4053
4045
4054
4046
4055
4047
4056
4048
4057
4049
4058
4059
4880
4051
4060
4052
4061
4053
4062
4054
4063
4055
4064
4056
4065
4057
4066
4058
4067
4059
4068
4069
4900
4061
4070
4062
4071
4063
4072
4064
4073
4065
4074
4066
4075
4067
4076
4068
4077
4069
4078
4079
4920
4071
4080
4072
4081
4073
4082
4074
4083
4075
4084
4076
4085
4077
4086
4078
4087
4079
4088
4089
4940
4081
4090
4082
4091
4083
4092
4084
4093
4085
4094
4086
4095
4087
4096
4088
4097
4089
4098
4099
4960
4091
4100
4092
4101
4093
4102
4094
4103
4095
4104
4096
4105
4097
4106
4098
4107
4099
4108
4109
4980
4101
4110
4102
4111
4103
4112
4104
4113
4105
4114
4106
4115
4107
4116
4108
4117
4109
4118
4119
5000
4111
4120
4112
4121
4113
4122
4114
4123
4115
4124
4116
4125
4117
4126
4118
4127
4119
4128
4129
5020
4121
4130
4122
4131
4123
4132
4124
4133
4125
4134
4126
4135
4127
4136
4128
4137
4129
4138
4139
5040
4131
4140
4132
4141
4133
4142
4134
4143
4135
4144
4136
4145
4137
4146
4138
4147
4139
4148
4149
5060
4141
4150
4142
4151
4143
4152
4144
4153
4145
4154
4146
4155
4147
4156
4148
4157
4149
4158
4159
5080
4151
4160
4152
4161
4153
4162
4154
4163
4155
4164
4156
4165
4157
4166
4158
4167
4159
4168
4169
5100
4161
4170
4162
4171
4163
4172
4164
4173
4165
4174
4166
4175
4167
4176
4168
4177
4169
4178
4179
5120
4171
4180
4172
4181
4173
4182
4174
4183
4175
4184
4176
4185
4177
4186
4178
4187
4179
4188
4189
5140
4181
4190
4182
4191
4183
4192
4184
4193
4185
4194
4186
4195
4187
4196
4188
4197
4189
4198
4199
5160
4191
4200
4192
4201
4193
4202
4194
4203
4195
4204
4196
4205
4197
4206
4198
4207
4199
4208
4209
5180
4201
4210
4202
4211
4203
4212
4204
4213
4205
4214
4206
4215
4207
4216
4208
4217
4209
4218
4219
5200
4211
4220
4212
4221
4213
4222
4214
4223
4215
4224
4216
4225
4217
4226
4218
4227
4219
4228
4229
5220
4221
4230
4222
4231
4223
4232
4224
4233
4225
4234
4226
4235
4227
4236
4228
4237
4229
4238
4239
5240
4231
4240
4232
4241
4233
4242
4234
4243
4235
4244
4236
4245
4237
4246
4238
4247
4239
4248
4249
5260
4241
4250
4242
4251
4243
4252
4244
4253
4245
4254
4246
4255
4247
4256
4248
4257
4249
4258
4259
5280
4251
4260
4252
4261
4253
4262
4254
4263
4255
4264
4256
4265
4257
4266
4258
4267
4259
4268
4269
5300
4261
4270
4262
4271
4263
4272
4264
4273
4265
4274
4266
4275
4267
4276
4268
4277
4269
4278
4279
5320
4271
4280
4272
4281
4273
4282
4274
4283
4275
4284
4276
4285
4277
4286
4278
4287
4279
4288
4289
5340
4281
4290
4282
4291
4283
4292
4284
4293
4285
4294
4286
4295
4287
4296
4288
4297
4289
4298
4299
5360
4291
4300
4292
4301
4293
4302
4294
4303
4295
4304
4296
4305
4297
4306
4298
4307
4299
4308
4309
5380
4301
4310
4302
4311
4303
4312
4304
4313
4305
4314
4306
4315
4307
4316
4308
4317
4309
4318
4319
5400
4311
4320
4312
4321
4313
4322
4314
4323
4315
4324
4316
4325
4317
4326
4318
4327
4319
4328
4329
5420
4321
4330
4322
4331
4323
4332
4324
4333
4325
4334
4326
4335
4327
4336
4328
4337
4329
4338
4339
5440
4331
4340
4332
4341
4333
4342
4334
4343
4335
4344
4336
4345
4337
4346
4338
4347
4339
4348
4349
5460
4341
4350
4342
4351
4343
4352
4344
4353
4345
4354
4346
4355
4347
4356
4348
4357
4349
4358
4359
5480
4351
4360
4352
4361
4353
4362
4354
4363
4355
4364
4356
4365
4357
4366
4358
4367
4359
4368
4369
5500
4361
4370
4362
4371
4363
4372
4364
4373
4365
4374
4366
4375
4367
4376
4368
4377
4369
4378
4379
5520
4371
4380
4372
4381
4373
4382
4374
4383
4375
4384
4376
4385
4377
4386
4378
4387
4379
4388
4389
5540
4381
4390
4382
4391
4383
4392
4384
4393
4385
4394
4386
4395
4387
4396
4388
4397
4389
4398
4399
5560
4391
4400
4392
4401
4393
4402
4394
4403
4395
4404
4396
4405
4397
4406
4398
4407
4399
4408
4409
5580
4401
4410
4402
4411
4403
4412
4404
4413
4405
4414
4406
4415
4407
4416
4408
4417
4409
4418
4419
5600
4411
4420
4412
4421
4413
4422
4414
4423
4415
4424
4416
4425
4417
4426
4418
4427
4419
4428
4429
5620
4421
4430
4422
4431
4423
4432
4424
4433
4425
4434
4426
4435
4427
4436
4428
4437
4429
4438
4439
5640
4431
4440
4432
4441
4433
4442
4434
4443
4435
4444
4436
4445
4437
4446
4438
4447
4439
4448
4449
5660
4441
4450
4442
4451
4443
4452
4444
4453
4445
4454
4446
4455
4447
4456
4448
4457
4449
4458
4459
5680
4451
4460
4452
4461
4453
4462
4454
4463
4455
4464
4456
4465
4457
4466
4458
4467
4459
4468
4469
5700
4461
4470
4462
4471
4463
4472
4464
4473
4465
4474
4466
4475
4467
4476
4468
4477
4469
4478
4479
5720
4471
4480
4472
4481
4473
4482
4474
4483
4475
4484
4476
4485
4477
4486
4478
4487
4479
4488
4489
5740
4481
4490
4482
4491
4483
4492
4484
4493
4485
4494
4486
4495
4487
4496
4488
4497
4489
4498
4499
5760
4491
4500
4492
4501
4493
4502
4494
4503
4495
4504
4496
4505
4497
4506
4498
4507
4499
4508
4509
5780
4501
4510
4502
4511
4503
4512
4504
4513
4505
4514
4506
4515
4507
4516
4508
4517
4509
4518
4519
5800
4511
4520
4512
4521
4513
4522
4514
4523
4515
4524
4516
4525
4517
4526
4518
4527
4519
4528
4529
5820
4521
4530
4522
4531
4523
4532
4524
4533
4525
4534
4526
4535
4527
4536
4528
4537
4529
4538
4539
5840
4531
4540
4532
4541
4533
4542
4534
4543
4535
4544
4536
4545
4537
4546
4538
4547
4539
4548
4549
5860
4541
4550
4542
4551
4543
4552
4544
4553
4545
4554
4546
4555
4547
4556
4548
4557
4549
4558
4559
5880
4551
4560
4552
4561
4553
4562
4554
4563
4555
4564
4556
4565
4557
4566
4558
4567
4559
4568
4569
5900
4561
4570
4562
4571
4563
4572
4564
4573
4565
4574
4566
4575
4567
4576
4568
4577
4569
4578
4579
5920
4571
4580
4572
4581
4573
4582
4574
4583
4575
4584
4576
4585
4577
4586
4578
4587
4579
4588
4589
5940
4581
4590
4582
4591
4583
4592
4584
4593
4585
4594
4586
4595
4587
4596
4588
4597
4589
4598
4599
5960
4591
4600
4592
4601
4593
4602
4594
4603
4595
4604
4596
4605
4597
4606
4598
4607
4599
4608
4609
5980
4601
4610
4602
4611
4603
4612
4604
4613
4605
4614
4606
4615
4607
4616
4608
4617
4609
4618
4619
6000
4611
4620
4612
4621
4613
4622
4614
4623
4615
4624
4616
4625
4617
4626
4618
4627
4619
4628
4629
6020
4621
4630
4622
4631
4623
4632
4624
4633
4625
4634
4626
4635
4627
4636
4628
4637
4629
4638
4639
6040
4631
4640
4632
4641
4633
4642
4634
4643
4635
4644
4636
4645
4637
4646
4638
4647
4639
4648
4649
6060
4641
4650
4642
4651
4643
4652
4644
4653
4645
4654
4646
4655
4647
4656
4648
4657
4649
4658
4659
6080
4651
4660
4652
4661
4653
4662
4654
4663
4655
4664
4656
4665
4657
4666
4658
4667
4659
4668
4669
6100
4661
4670
4662
4671
4663
4672
4664
4673
4665
4674
4666
4675
4667
4676
4668
4677
4669
4678
4679
6120
4671
4680
4672
4681
4673
4682
4674
4683
4675
4684
4676
4685
4677
4686
4678
4687
4679
4688
4689
6140
4681
4690
4682
4691
4683
4692
4684
4693
4685
4694
4686
4695
4687
4696
4688
4697
4689
4698
4699
6160
4691
4700
4692
4701
4693
4702
4694
4703
4695
4704
4696
4705
4697
4706
4698
4707
4699
4708
4709
6180
4701
4710
4702
4711
4703
4712
4704
4713
4705
4714
4706
4715
4707
4716
4708
4717
4709
4718
4719
6200
4711
4720
4712
4721
4713
4722
4714
4723
4715
4724
4716
4725
4717
4726
4718
4727
4719
4728
4729
6220
4721
4730
4722
4731
4723
4732
4724
4733
4725
4734
4726
4735
4727
4736
4728
4737
4729
4738
4739
6240
4731
4740
4732
4741
4733
4742
4734
4743
4735
4744
4736
4745
4737
4746
4738
4747
4739
4748
4749
6260
4741
4750
4742
4751
4743
4752
4744
4753
4745
4754
4746
4755
4747
4756
4748
4757
4749
4758
4759
6280
4751
4760
4752
4761
4753
4762
4754
4763
4755
4764
4756
4765
4757
4766
4758
4767
4759
4768
4769
6300
4761
4770
4762
4771
4763
4772
4764
4773
4765
4774
4766
4775
4767
4776
4768
4777
4769
4778
4779
6320
4771
4780
4772
4781
4773
4782
4774
4783
4775
4784
4776
4785
4777
4786
4778
4787
4779
4788
4789
6340
4781
4790
4782
4791
4783
4792
4784
4793
4785
4794
4786
4795
4787
4796
4788
4797
4789
4798
4799
6360
4791
4792
4793
4794
4795
4796
4797
4798
4799
6380
4801
4820
6580
4802
4821
6581
4803
4822
6582
4804
4823
6583
4805
4824
6584
4806
4825
6585
4807
4826
6586
4808
4827
6587
4809
4828
6588
4810
4829
6589
4811
4830
6590
4812
4831
6591
4813
4832
6592
4814
4833
6593
4815
4834
6594
4816
4835
6595
4817
4836
6596
4818
4837
6597
4819
4838
6598
4839
6599
4821
4840
4822
4841
4823
4842
4824
4843
4825
4844
4826
4845
4827
4846
4828
4847
4829
4848
4830
4849
4831
4850
4832
4851
4833
4852
4834
4853
4835
4854
4836
4855
4837
4856
4838
4857
4839
4858
4859
4841
4860
4842
4861
4843
4862
4844
4863
4845
4864
4846
4865
4847
4866
4848
4867
4849
4868
4850
4869
4851
4870
4852
4871
4853
4872
4854
4873
4855
4874
4856
4875
4857
4876
4858
4877
4859
4878
4879
4861
4880
4862
4881
4863
4882
4864
4883
4865
4884
4866
4885
4867
4886
4868
4887
4869
4888
4870
4889
4871
4890
4872
4891
4873
4892
4874
4893
4875
4894
4876
4895
4877
4896
4878
4897
4879
4898
4899
4881
4900
4882
4901
4883
4902
4884
4903
4885
4904
4886
4905
4887
4906
4888
4907
4889
4908
4890
4909
4891
4910
4892
4911
4893
4912
4894
4913
4895
4914
4896
4915
4897
4916
4898
4917
4899
4918
4919
4901
4920
4902
4921
4903
4922
4904
4923
4905
4924
4906
4925
4907
4926
4908
4927
4909
4928
4910
4929
4911
4930
4912
4931
4913
4932
4914
4933
4915
4934
4916
4935
4917
4936
4918
4937
4919
4938
4939
4921
4940
4922
4941
4923
4942
4924
4943
4925
4944
4926
4945
4927
4946
4928
4947
4929
4948
4930
4949
4931
4950
4932
4951
4933
4952
4934
4953
4935
4954
4936
4955
4937
4956
4938
4957
4939
4958
4959
4941
4960
4942
4961
4943
4962
4944
4963
4945
4964
4946
4965
4947
4966
4948
4967
4949
4968
4950
4969
4951
4970
4952
4971
4953
4972
4954
4973
4955
4974
4956
4975
4957
4976
4958
4977
4959
4978
4979
4961
4980
4962
4981
4963
4982
4964
4983
4965
4984
4966
4985
4967
4986
4968
4987
4969
4988
4970
4989
4971
4990
4972
4991
4973
4992
4974
4993
4975
4994
4976
4995
4977
4996
4978
4997
4979
4998
4999
4981
5000
4982
5001
4983
5002
4984
5003
4985
5004
4986
5005
4987
5006
4988
5007
4989
5008
4990
5009
4991
5010
4992
5011
4993
5012
4994
5013
4995
5014
4996
5015
4997
5016
4998
5017
4999
5018
5019
5001
5020
5002
5021
5003
5022
5004
5023
5005
5024
5006
5025
5007
5026
5008
5027
5009
5028
5010
5029
5011
5030
5012
5031
5013
5032
5014
5033
5015
5034
5016
5035
5017
5036
5018
5037
5019
5038
5039
5021
5040
5022
5041
5023
5042
5024
5043
5025
5044
5026
5045
5027
5046
5028
5047
5029
5048
5030
5049
5031
5050
5032
5051
5033
5052
5034
5053
5035
5054
5036
5055
5037
5056
5038
5057
5039
5058
5059
5041
5060
5042
5061
5043
5062
5044
5063
5045
5064
5046
5065
5047
5066
5048
5067
5049
5068
5050
5069
5051
5070
5052
5071
5053
5072
5054
5073
5055
5074
5056
5075
5057
5076
5058
5077
5059
5078
5079
5061
5080
5062
5081
5063
5082
5064
5083
5065
5084
5066
5085
5067
5086
5068
5087
5069
5088
5070
5089
5071
5090
5072
5091
5073
5092
5074
5093
5075
5094
5076
5095
5077
5096
5078
5097
5079
5098
5099
5081
5100
5082
5101
5083
5102
5084
5103
5085
5104
5086
5105
5087
5106
5088
5107
5089
5108
5090
5109
5091
5110
5092
5111
5093
5112
5094
5113
5095
5114
5096
5115
5097
5116
5098
5117
5099
5118
5119
5101
5120
5102
5121
5103
5122
5104
5123
5105
5124
5106
5125
5107
5126
5108
5127
5109
5128
5110
5129
5111
5130
5112
5131
5113
5132
5114
5133
5115
5134
5116
5135
5117
5136
5118
5137
5119
5138
5139
5121
5140
5122
5141
5123
5142
5124
5143
5125
5144
5126
5145
5127
5146
5128
5147
5129
5148
5130
5149
5131
5150
5132
5151
5133
5152
5134
5153
5135
5154
5136
5155
5137
5156
5138
5157
5139
5158
5159
5141
5160
5142
5161
5143
5162
5144
5163
5145
5164
5146
5165
5147
5166
5148
5167
5149
5168
5150
5169
5151
5170
5152
5171
5153
5172
5154
5173
5155
5174
5156
5175
5157
5176
5158
5177
5159
5178
5179
5161
5180
5162
5181
5163
5182
5164
5183
5165
5184
5166
5185
5167
5186
5168
5187
5169
5188
5170
5189
5171
5190
5172
5191
5173
5192
5174
5193
5175
5194
5176
5195
5177
5196
5178
5197
5179
5198
5199
5181
5200
5182
5201
5183
5202
5184
5203
5185
5204
5186
5205
5187
5206
5188
5207
5189
5208
5190
5209
5191
5210
5192
5211
5193
5212
5194
5213
5195
5214
5196
5215
5197
5216
5198
5217
5199
5218
5219
5201
5220
5202
5221
5203
5222
5204
5223
5205
5224
5206
5225
5207
5226
5208
5227
5209
5228
5210
5229
5211
5230
5212
5231
5213
5232
5214
5233
5215
5234
5216
5235
5217
5236
5218
5237
5219
5238
5239
5221
5240
5222
5241
5223
5242
5224
5243
5225
5244
5226
5245
5227
5246
5228
5247
5229
5248
5230
5249
5231
5250
5232
5251
5233
5252
5234
5253
5235
5254
5236
5255
5237
5256
5238
5257
5239
5258
5259
5241
5260
5242
5261
5243
5262
5244
5263
5245
5264
5246
5265
5247
5266
5248
5267
5249
5268
5250
5269
5251
5270
5252
5271
5253
5272
5254
5273
5255
5274
5256
5275
5257
5276
5258
5277
5259
5278
5279
5261
5280
5262
5281
5263
5282
5264
5283
5265
5284
5266
5285
5267
5286
5268
5287
5269
5288
5270
5289
5271
5290
5272
5291
5273
5292
5274
5293
5275
5294
5276
5295
5277
5296
5278
5297
5279
5298
5299
5281
5300
5282
5301
5283
5302
5284
5303
5285
5304
5286
5305
5287
5306
5288
5307
5289
5308
5290
5309
5291
5310
5292
5311
5293
5312
5294
5313
5295
5314
5296
5315
5297
5316
5298
5317
5299
5318
5319
5301
5320
5302
5321
5303
5322
5304
5323
5305
5324
5306
5325
5307
5326
5308
5327
5309
5328
5310
5329
5311
5330
5312
5331
5313
5332
5314
5333
5315
5334
5316
5335
5317
5336
5318
5337
5319
5338
5339
5321
5340
5322
5341
5323
5342
5324
5343
5325
5344
5326
5345
5327
5346
5328
5347
5329
5348
5330
5349
5331
5350
5332
5351
5333
5352
5334
5353
5335
5354
5336
5355
5337
5356
5338
5357
5339
5358
5359
5341
5360
5342
5361
5343
5362
5344
5363
5345
5364
5346
5365
5347
5366
5348
5367
5349
5368
5350
5369
5351
5370
5352
5371
5353
5372
5354
5373
5355
5374
5356
5375
5357
5376
5358
5377
5359
5378
5379
5361
5380
5362
5381
5363
5382
5364
5383
5365
5384
5366
5385
5367
5386
5368
5387
5369
5388
5370
5389
5371
5390
5372
5391
5373
5392
5374
5393
5375
5394
5376
5395
5377
5396
5378
5397
5379
5398
5399
5381
5400
5382
5401
5383
5402
5384
5403
5385
5404
5386
5405
5387
5406
5388
5407
5389
5408
5390
5409
5391
5410
5392
5411
5393
5412
5394
5413
5395
5414
5396
5415
5397
5416
5398
5417
5399
5418
5419
5401
5420
5402
5421
5403
5422
5404
5423
5405
5424
5406
5425
5407
5426
5408
5427
5409
5428
5410
5429
5411
5430
5412
5431
5413
5432
5414
5433
5415
5434
5416
5435
5417
5436
5418
5437
5419
5438
5439
5421
5440
5422
5441
5423
5442
5424
5443
5425
5444
5426
5445
5427
5446
5428
5447
5429
5448
5430
5449
5431
5450
5432
5451
5433
5452
5434
5453
5435
5454
5436
5455
5437
5456
5438
5457
5439
5458
5459
5441
5460
5442
5461
5443
5462
5444
5463
5445
5464
5446
5465
5447
5466
5448
5467
5449
5468
5450
5469
5451
5470
5452
5471
5453
5472
5454
5473
5455
5474
5456
5475
5457
5476
5458
5477
5459
5478
5479
5461
5480
5462
5481
5463
5482
5464
5483
5465
5484
5466
5485
5467
5486
5468
5487
5469
5488
5470
5489
5471
5490
5472
5491
5473
5492
5474
5493
5475
5494
5476
5495
5477
5496
5478
5497
5479
5498
5499
5481
5500
5482
5501
5483
5502
5484
5503
5485
5504
5486
5505
5487
5506
5488
5507
5489
5508
5490
5509
5491
5510
5492
5511
5493
5512
5494
5513
5495
5514
5496
5515
5497
5516
5498
5517
5499
5518
5519
5501
5520
5502
5521
5503
5522
5504
5523
5505
5524
5506
5525
5507
5526
5508
5527
5509
5528
5510
5529
5511
5530
5512
5531
5513
5532
5514
5533
5515
5534
5516
5535
5517
5536
5518
5537
5519
5538
5539
5521
5540
5522
5541
5523
5542
5524
5543
5525
5544
5526
5545
5527
5546
5528
5547
5529
5548
5530
5549
5531
5550
5532
5551
5533
5552
5534
5553
5535
5554
5536
5555
5537
5556
5538
5557
5539
5558
5559
5541
5560
5542
5561
5543
5562
5544
5563
5545
5564
5546
5565
5547
5566
5548
5567
5549
5568
5550
5569
5551
5570
5552
5571
5553
5572
5554
5573
5555
5574
5556
5575
5557
5576
5558
5577
5559
5578
5579
5561
5580
5562
5581
5563
5582
5564
5583
5565
5584
5566
5585
5567
5586
5568
5587
5569
5588
5570
5589
5571
5590
5572
5591
5573
5592
5574
5593
5575
5594
5576
5595
5577
5596
5578
5597
5579
5598
5599
5581
5600
5582
5601
5583
5602
5584
5603
5585
5604
5586
5605
5587
5606
5588
5607
5589
5608
5590
5609
5591
5610
5592
5611
5593
5612
5594
5613
5595
5614
5596
5615
5597
5616
5598
5617
5599
5618
5619
5601
5620
5602
5621
5603
5622
5604
5623
5605
5624
5606
5625
5607
5626
5608
5627
5609
5628
5610
5629
5611
5630
5612
5631
5613
5632
5614
5633
5615
5634
5616
5635
5617
5636
5618
5637
5619
5638
5639
5621
5640
5622
5641
5623
5642
5624
5643
5625
5644
5626
5645
5627
5646
5628
5647
5629
5648
5630
5649
5631
5650
5632
5651
5633
5652
5634
5653
5635
5654
5636
5655
5637
5656
5638
5657
5639
5658
5659
5641
5660
5642
5661
5643
5662
5644
5663
5645
5664
5646
5665
5647
5666
5648
5667
5649
5668
5650
5669
5651
5670
5652
5671
5653
5672
5654
5673
5655
5674
5656
5675
5657
5676
5658
5677
5659
5678
5679
5661
5680
5662
5681
5663
5682
5664
5683
5665
5684
5666
5685
5667
5686
5668
5687
5669
5688
5670
5689
5671
5690
5672
5691
5673
5692
5674
5693
5675
5694
5676
5695
5677
5696
5678
5697
5679
5698
5699
5681
5700
5682
5701
5683
5702
5684
5703
5685
5704
5686
5705
5687
5706
5688
5707
5689
5708
5690
5709
5691
5710
5692
5711
5693
5712
5694
5713
5695
5714
5696
5715
5697
5716
5698
5717
5699
5718
5719
5701
5720
5702
5721
5703
5722
5704
5723
5705
5724
5706
5725
5707
5726
5708
5727
5709
5728
5710
5729
5711
5730
5712
5731
5713
5732
5714
5733
5715
5734
5716
5735
5717
5736
5718
5737
5719
5738
5739
5721
5740
5722
5741
5723
5742
5724
5743
5725
5744
5726
5745
5727
5746
5728
5747
5729
5748
5730
5749
5731
5750
5732
5751
5733
5752
5734
5753
5735
5754
5736
5755
5737
5756
5738
5757
5739
5758
5759
5741
5760
5742
5761
5743
5762
5744
5763
5745
5764
5746
5765
5747
5766
5748
5767
5749
5768
5750
5769
5751
5770
5752
5771
5753
5772
5754
5773
5755
5774
5756
5775
5757
5776
5758
5777
5759
5778
5779
5761
5780
5762
5781
5763
5782
5764
5783
5765
5784
5766
5785
5767
5786
5768
5787
5769
5788
5770
5789
5771
5790
5772
5791
5773
5792
5774
5793
5775
5794
5776
5795
5777
5796
5778
5797
5779
5798
5799
5781
5800
5782
5801
5783
5802
5784
5803
5785
5804
5786
5805
5787
5806
5788
5807
5789
5808
5790
5809
5791
5810
5792
5811
5793
5812
5794
5813
5795
5814
5796
5815
5797
5816
5798
5817
5799
5818
5819
5801
5820
5802
5821
5803
5822
5804
5823
5805
5824
5806
5825
5807
5826
5808
5827
5809
5828
5810
5829
5811
5830
5812
5831
5813
5832
5814
5833
5815
5834
5816
5835
5817
5836
5818
5837
5819
5838
5839
5821
5840
5822
5841
5823
5842
5824
5843
5825
5844
5826
5845
5827
5846
5828
5847
5829
5848
5830
5849
5831
5850
5832
5851
5833
5852
5834
5853
5835
5854
5836
5855
5837
5856
5838
5857
5839
5858
5859
5841
5860
5842
5861
5843
5862
5844
5863
5845
5864
5846
5865
5847
5866
5848
5867
5849
5868
5850
5869
5851
5870
5852
5871
5853
5872
5854
5873
5855
5874
5856
5875
5857
5876
5858
5877
5859
5878
5879
5861
5880
5862
5881
5863
5882
5864
5883
5865
5884
5866
5885
5867
5886
5868
5887
5869
5888
5870
5889
5871
5890
5872
5891
5873
5892
5874
5893
5875
5894
5876
5895
5877
5896
5878
5897
5879
5898
5899
5881
5900
5882
5901
5883
5902
5884
5903
5885
5904
5886
5905
5887
5906
5888
5907
5889
5908
5890
5909
5891
5910
5892
5911
5893
5912
5894
5913
5895
5914
5896
5915
5897
5916
5898
5917
5899
5918
5919
5901
5920
5902
5921
5903
5922
5904
5923
5905
5924
5906
5925
5907
5926
5908
5927
5909
5928
5910
5929
5911
5930
5912
5931
5913
5932
5914
5933
5915
5934
5916
5935
5917
5936
5918
5937
5919
5938
5939
5921
5940
5922
5941
5923
5942
5924
5943
5925
5944
5926
5945
5927
5946
5928
5947
5929
5948
5930
5949
5931
5950
5932
5951
5933
5952
5934
5953
5935
5954
5936
5955
5937
5956
5938
5957
5939
5958
5959
5941
5960
5942
5961
5943
5962
5944
5963
5945
5964
5946
5965
5947
5966
5948
5967
5949
5968
5950
5969
5951
5970
5952
5971
5953
5972
5954
5973
5955
5974
5956
5975
5957
5976
5958
5977
5959
5978
5979
5961
5980
5962
5981
5963
5982
5964
5983
5965
5984
5966
5985
5967
5986
5968
5987
5969
5988
5970
5989
5971
5990
5972
5991
5973
5992
5974
5993
5975
5994
5976
5995
5977
5996
5978
5997
5979
5998
5999
5981
6000
5982
6001
5983
6002
5984
6003
5985
6004
5986
6005
5987
6006
5988
6007
5989
6008
5990
6009
5991
6010
5992
6011
5993
6012
5994
6013
5995
6014
5996
6015
5997
6016
5998
6017
5999
6018
6019
6001
6020
6002
6021
6003
6022
6004
6023
6005
6024
6006
6025
6007
6026
6008
6027
6009
6028
6010
6029
6011
6030
6012
6031
6013
6032
6014
6033
6015
6034
6016
6035
6017
6036
6018
6037
6019
6038
6039
6021
6040
6022
6041
6023
6042
6024
6043
6025
6044
6026
6045
6027
6046
6028
6047
6029
6048
6030
6049
6031
6050
6032
6051
6033
6052
6034
6053
6035
6054
6036
6055
6037
6056
6038
6057
6039
6058
6059
6041
6060
6042
6061
6043
6062
6044
6063
6045
6064
6046
6065
6047
6066
6048
6067
6049
6068
6050
6069
6051
6070
6052
6071
6053
6072
6054
6073
6055
6074
6056
6075
6057
6076
6058
6077
6059
6078
6079
6061
6080
6062
6081
6063
6082
6064
6083
6065
6084
6066
6085
6067
6086
6068
6087
6069
6088
6070
6089
6071
6090
6072
6091
6073
6092
6074
6093
6075
6094
6076
6095
6077
6096
6078
6097
6079
6098
6099
6081
6100
6082
6101
6083
6102
6084
6103
6085
6104
6086
6105
6087
6106
6088
6107
6089
6108
6090
6109
6091
6110
6092
6111
6093
6112
6094
6113
6095
6114
6096
6115
6097
6116
6098
6117
6099
6118
6119
6101
6120
6102
6121
6103
6122
6104
6123
6105
6124
6106
6125
6107
6126
6108
6127
6109
6128
6110
6129
6111
6130
6112
6131
6113
6132
6114
6133
6115
6134
6116
6135
6117
6136
6118
6137
6119
6138
6139
6121
6140
6122
6141
6123
6142
6124
6143
6125
6144
6126
6145
6127
6146
6128
6147
6129
6148
6130
6149
6131
6150
6132
6151
6133
6152
6134
6153
6135
6154
6136
6155
6137
6156
6138
6157
6139
6158
6159
6141
6160
6142
6161
6143
6162
6144
6163
6145
6164
6146
6165
6147
6166
6148
6167
6149
6168
6150
6169
6151
6170
6152
6171
6153
6172
6154
6173
6155
6174
6156
6175
6157
6176
6158
6177
6159
6178
6179
6161
6180
6162
6181
6163
6182
6164
6183
6165
6184
6166
6185
6167
6186
6168
6187
6169
6188
6170
6189
6171
6190
6172
6191
6173
6192
6174
6193
6175
6194
6176
6195
6177
6196
6178
6197
6179
6198
6199
6181
6200
6182
6201
6183
6202
6184
6203
6185
6204
6186
6205
6187
6206
6188
6207
6189
6208
6190
6209
6191
6210
6192
6211
6193
6212
6194
6213
6195
6214
6196
6215
6197
6216
6198
6217
6199
6218
6219
6201
6220
6202
6221
6203
6222
6204
6223
6205
6224
6206
6225
6207
6226
6208
6227
6209
6228
6210
6229
6211
6230
6212
6231
6213
6232
6214
6233
6215
6234
6216
6235
6217
6236
6218
6237
6219
6238
6239
6221
6240
6222
6241
6223
6242
6224
6243
6225
6244
6226
6245
6227
6246
6228
6247
6229
6248
6230
6249
6231
6250
6232
6251
6233
6252
6234
6253
6235
6254
6236
6255
6237
6256
6238
6257
6239
6258
6259
6241
6260
6242
6261
6243
6262
6244
6263
6245
6264
6246
6265
6247
6266
6248
6267
6249
6268
6250
6269
6251
6270
6252
6271
6253
6272
6254
6273
6255
6274
6256
6275
6257
6276
6258
6277
6259
6278
6279
6261
6280
6262
6281
6263
6282
6264
6283
6265
6284
6266
6285
6267
6286
6268
6287
6269
6288
6270
6289
6271
6290
6272
6291
6273
6292
6274
6293
6275
6294
6276
6295
6277
6296
6278
6297
6279
6298
6299
6281
6300
6282
6301
6283
6302
6284
6303
6285
6304
6286
6305
6287
6306
6288
6307
6289
6308
6290
6309
6291
6310
6292
6311
6293
6312
6294
6313
6295
6314
6296
6315
6297
6316
6298
6317
6299
6318
6319
6301
6320
6302
6321
6303
6322
6304
6323
6305
6324
6306
6325
6307
6326
6308
6327
6309
6328
6310
6329
6311
6330
6312
6331
6313
6332
6314
6333
6315
6334
6316
6335
6317
6336
6318
6337
6319
6338
6339
6321
6340
6322
6341
6323
6342
6324
6343
6325
6344
6326
6345
6327
6346
6328
6347
6329
6348
6330
6349
6331
6350
6332
6351
6333
6352
6334
6353
6335
6354
6336
6355
6337
6356
6338
6357
6339
6358
6359
6341
6360
6342
6361
6343
6362
6344
6363
6345
6364
6346
6365
6347
6366
6348
6367
6349
6368
6350
6369
6351
6370
6352
6371
6353
6372
6354
6373
6355
6374
6356
6375
6357
6376
6358
6377
6359
6378
6379
6361
6380
6362
6381
6363
6382
6364
6383
6365
6384
6366
6385
6367
6386
6368
6387
6369
6388
6370
6389
6371
6390
6372
6391
6373
6392
6374
6393
6375
6394
6376
6395
6377
6396
6378
6397
6379
6398
6399
6381
6382
6383
6384
6385
6386
6387
6388
6389
6390
6391
6392
6393
6394
6395
6396
6397
6398
6399
6401
6420
7580
6402
6421
7581
6403
6422
7582
6404
6423
7583
6405
6424
7584
6406
6425
7585
6407
6426
7586
6408
6427
7587
6409
6428
7588
6410
6429
7589
6411
6430
7590
6412
6431
7591
6413
6432
7592
6414
6433
7593
6415
6434
7594
6416
6435
7595
6417
6436
7596
6418
6437
7597
6419
6438
7598
6439
7599
6421
6440
6422
6441
6423
6442
6424
6443
6425
6444
6426
6445
6427
6446
6428
6447
6429
6448
6430
6449
6431
6450
6432
6451
6433
6452
6434
6453
6435
6454
6436
6455
6437
6456
6438
6457
6439
6458
6459
6441
6460
6442
6461
6443
6462
6444
6463
6445
6464
6446
6465
6447
6466
6448
6467
6449
6468
6450
6469
6451
6470
6452
6471
6453
6472
6454
6473
6455
6474
6456
6475
6457
6476
6458
6477
6459
6478
6479
6461
6480
6462
6481
6463
6482
6464
6483
6465
6484
6466
6485
6467
6486
6468
6487
6469
6488
6470
6489
6471
6490
6472
6491
6473
6492
6474
6493
6475
6494
6476
6495
6477
6496
6478
6497
6479
6498
6499
6481
6500
6482
6501
6483
6502
6484
6503
6485
6504
6486
6505
6487
6506
6488
6507
6489
6508
6490
6509
6491
6510
6492
6511
6493
6512
6494
6513
6495
6514
6496
6515
6497
6516
6498
6517
6499
6518
6519
6501
6520
6502
6521
6503
6522
6504
6523
6505
6524
6506
6525
6507
6526
6508
6527
6509
6528
6510
6529
6511
6530
6512
6531
6513
6532
6514
6533
6515
6534
6516
6535
6517
6536
6518
6537
6519
6538
6539
6521
6540
6522
6541
6523
6542
6524
6543
6525
6544
6526
6545
6527
6546
6528
6547
6529
6548
6530
6549
6531
6550
6532
6551
6533
6552
6534
6553
6535
6554
6536
6555
6537
6556
6538
6557
6539
6558
6559
6541
6560
6542
6561
6543
6562
6544
6563
6545
6564
6546
6565
6547
6566
6548
6567
6549
6568
6550
6569
6551
6570
6552
6571
6553
6572
6554
6573
6555
6574
6556
6575
6557
6576
6558
6577
6559
6578
6579
6561
6580
6562
6581
6563
6582
6564
6583
6565
6584
6566
6585
6567
6586
6568
6587
6569
6588
6570
6589
6571
6590
6572
6591
6573
6592
6574
6593
6575
6594
6576
6595
6577
6596
6578
6597
6579
6598
6599
6581
6582
6583
6584
6585
6586
6587
6588
6589
6590
6591
6592
6593
6594
6595
6596
6597
6598
6599
6601
6610
6709
7400
6602
6611
7420
6603
6612
7440
6604
6613
7460
6605
6614
7480
6606
6615
7500
6607
6616
7520
6608
6617
7540
6609
6618
7560
6619
7580
6611
6620
6719
6612
6621
6613
6622
6614
6623
6615
6624
6616
6625
6617
6626
6618
6627
6619
6628
6629
6621
6630
6729
6622
6631
6623
6632
6624
6633
6625
6634
6626
6635
6627
6636
6628
6637
6629
6638
6639
6631
6640
6739
6632
6641
6633
6642
6634
6643
6635
6644
6636
6645
6637
6646
6638
6647
6639
6648
6649
6641
6650
6749
6642
6651
6643
6652
6644
6653
6645
6654
6646
6655
6647
6656
6648
6657
6649
6658
6659
6651
6660
6759
6652
6661
6653
6662
6654
6663
6655
6664
6656
6665
6657
6666
6658
6667
6659
6668
6669
6661
6670
6769
6662
6671
6663
6672
6664
6673
6665
6674
6666
6675
6667
6676
6668
6677
6669
6678
6679
6671
6680
6779
6672
6681
6673
6682
6674
6683
6675
6684
6676
6685
6677
6686
6678
6687
6679
6688
6689
6681
6690
6789
6682
6691
6683
6692
6684
6693
6685
6694
6686
6695
6687
6696
6688
6697
6689
6698
6699
6691
6799
6692
6693
6694
6695
6696
6697
6698
6699
6701
6710
6990
6702
6711
6991
6703
6712
6992
6704
6713
6993
6705
6714
6994
6706
6715
6995
6707
6716
6996
6708
6717
6997
6709
6718
6998
6719
6999
6711
6720
6712
6721
6713
6722
6714
6723
6715
6724
6716
6725
6717
6726
6718
6727
6719
6728
6729
6721
6730
6722
6731
6723
6732
6724
6733
6725
6734
6726
6735
6727
6736
6728
6737
6729
6738
6739
6731
6740
6732
6741
6733
6742
6734
6743
6735
6744
6736
6745
6737
6746
6738
6747
6739
6748
6749
6741
6750
6742
6751
6743
6752
6744
6753
6745
6754
6746
6755
6747
6756
6748
6757
6749
6758
6759
6751
6760
6752
6761
6753
6762
6754
6763
6755
6764
6756
6765
6757
6766
6758
6767
6759
6768
6769
6761
6770
6762
6771
6763
6772
6764
6773
6765
6774
6766
6775
6767
6776
6768
6777
6769
6778
6779
6771
6780
6772
6781
6773
6782
6774
6783
6775
6784
6776
6785
6777
6786
6778
6787
6779
6788
6789
6781
6790
6782
6791
6783
6792
6784
6793
6785
6794
6786
6795
6787
6796
6788
6797
6789
6798
6799
6791
6792
6793
6794
6795
6796
6797
6798
6799
6801
6810
6802
6811
6803
6812
6804
6813
6805
6814
6806
6815
6807
6816
6808
6817
6809
6818
6819
7000
6811
6820
6812
6821
6813
6822
6814
6823
6815
6824
6816
6825
6817
6826
6818
6827
6819
6828
6829
7020
6821
6830
6822
6831
6823
6832
6824
6833
6825
6834
6826
6835
6827
6836
6828
6837
6829
6838
6839
7040
6831
6840
6832
6841
6833
6842
6834
6843
6835
6844
6836
6845
6837
6846
6838
6847
6839
6848
6849
7060
6841
6850
6842
6851
6843
6852
6844
6853
6845
6854
6846
6855
6847
6856
6848
6857
6849
6858
6859
7080
6851
6860
6852
6861
6853
6862
6854
6863
6855
6864
6856
6865
6857
6866
6858
6867
6859
6868
6869
7100
6861
6870
6862
6871
6863
6872
6864
6873
6865
6874
6866
6875
6867
6876
6868
6877
6869
6878
6879
7120
6871
6880
6872
6881
6873
6882
6874
6883
6875
6884
6876
6885
6877
6886
6878
6887
6879
6888
6889
7140
6881
6890
6882
6891
6883
6892
6884
6893
6885
6894
6886
6895
6887
6896
6888
6897
6889
6898
6899
7160
6891
6900
6892
6901
6893
6902
6894
6903
6895
6904
6896
6905
6897
6906
6898
6907
6899
6908
6909
7180
6901
6910
6902
6911
6903
6912
6904
6913
6905
6914
6906
6915
6907
6916
6908
6917
6909
6918
6919
7200
6911
6920
6912
6921
6913
6922
6914
6923
6915
6924
6916
6925
6917
6926
6918
6927
6919
6928
6929
7220
6921
6930
6922
6931
6923
6932
6924
6933
6925
6934
6926
6935
6927
6936
6928
6937
6929
6938
6939
7240
6931
6940
6932
6941
6933
6942
6934
6943
6935
6944
6936
6945
6937
6946
6938
6947
6939
6948
6949
7260
6941
6950
6942
6951
6943
6952
6944
6953
6945
6954
6946
6955
6947
6956
6948
6957
6949
6958
6959
7280
6951
6960
6952
6961
6953
6962
6954
6963
6955
6964
6956
6965
6957
6966
6958
6967
6959
6968
6969
7300
6961
6970
6962
6971
6963
6972
6964
6973
6965
6974
6966
6975
6967
6976
6968
6977
6969
6978
6979
7320
6971
6980
6972
6981
6973
6982
6974
6983
6975
6984
6976
6985
6977
6986
6978
6987
6979
6988
6989
7340
6981
6990
6982
6991
6983
6992
6984
6993
6985
6994
6986
6995
6987
6996
6988
6997
6989
6998
6999
7360
6991
6992
6993
6994
6995
6996
6997
6998
6999
7380
7001
7020
7002
7021
7003
7022
7004
7023
7005
7024
7006
7025
7007
7026
7008
7027
7009
7028
7010
7029
7011
7030
7012
7031
7013
7032
7014
7033
7015
7034
7016
7035
7017
7036
7018
7037
7019
7038
7039
7021
7040
7022
7041
7023
7042
7024
7043
7025
7044
7026
7045
7027
7046
7028
7047
7029
7048
7030
7049
7031
7050
7032
7051
7033
7052
7034
7053
7035
7054
7036
7055
7037
7056
7038
7057
7039
7058
7059
7041
7060
7042
7061
7043
7062
7044
7063
7045
7064
7046
7065
7047
7066
7048
7067
7049
7068
7050
7069
7051
7070
7052
7071
7053
7072
7054
7073
7055
7074
7056
7075
7057
7076
7058
7077
7059
7078
7079
7061
7080
7062
7081
7063
7082
7064
7083
7065
7084
7066
7085
7067
7086
7068
7087
7069
7088
7070
7089
7071
7090
7072
7091
7073
7092
7074
7093
7075
7094
7076
7095
7077
7096
7078
7097
7079
7098
7099
7081
7100
7082
7101
7083
7102
7084
7103
7085
7104
7086
7105
7087
7106
7088
7107
7089
7108
7090
7109
7091
7110
7092
7111
7093
7112
7094
7113
7095
7114
7096
7115
7097
7116
7098
7117
7099
7118
7119
7101
7120
7102
7121
7103
7122
7104
7123
7105
7124
7106
7125
7107
7126
7108
7127
7109
7128
7110
7129
7111
7130
7112
7131
7113
7132
7114
7133
7115
7134
7116
7135
7117
7136
7118
7137
7119
7138
7139
7121
7140
7122
7141
7123
7142
7124
7143
7125
7144
7126
7145
7127
7146
7128
7147
7129
7148
7130
7149
7131
7150
7132
7151
7133
7152
7134
7153
7135
7154
7136
7155
7137
7156
7138
7157
7139
7158
7159
7141
7160
7142
7161
7143
7162
7144
7163
7145
7164
7146
7165
7147
7166
7148
7167
7149
7168
7150
7169
7151
7170
7152
7171
7153
7172
7154
7173
7155
7174
7156
7175
7157
7176
7158
7177
7159
7178
7179
7161
7180
7162
7181
7163
7182
7164
7183
7165
7184
7166
7185
7167
7186
7168
7187
7169
7188
7170
7189
7171
7190
7172
7191
7173
7192
7174
7193
7175
7194
7176
7195
7177
7196
7178
7197
7179
7198
7199
7181
7200
7182
7201
7183
7202
7184
7203
7185
7204
7186
7205
7187
7206
7188
7207
7189
7208
7190
7209
7191
7210
7192
7211
7193
7212
7194
7213
7195
7214
7196
7215
7197
7216
7198
7217
7199
7218
7219
7201
7220
7202
7221
7203
7222
7204
7223
7205
7224
7206
7225
7207
7226
7208
7227
7209
7228
7210
7229
7211
7230
7212
7231
7213
7232
7214
7233
7215
7234
7216
7235
7217
7236
7218
7237
7219
7238
7239
7221
7240
7222
7241
7223
7242
7224
7243
7225
7244
7226
7245
7227
7246
7228
7247
7229
7248
7230
7249
7231
7250
7232
7251
7233
7252
7234
7253
7235
7254
7236
7255
7237
7256
7238
7257
7239
7258
7259
7241
7260
7242
7261
7243
7262
7244
7263
7245
7264
7246
7265
7247
7266
7248
7267
7249
7268
7250
7269
7251
7270
7252
7271
7253
7272
7254
7273
7255
7274
7256
7275
7257
7276
7258
7277
7259
7278
7279
7261
7280
7262
7281
7263
7282
7264
7283
7265
7284
7266
7285
7267
7286
7268
7287
7269
7288
7270
7289
7271
7290
7272
7291
7273
7292
7274
7293
7275
7294
7276
7295
7277
7296
7278
7297
7279
7298
7299
7281
7300
7282
7301
7283
7302
7284
7303
7285
7304
7286
7305
7287
7306
7288
7307
7289
7308
7290
7309
7291
7310
7292
7311
7293
7312
7294
7313
7295
7314
7296
7315
7297
7316
7298
7317
7299
7318
7319
7301
7320
7302
7321
7303
7322
7304
7323
7305
7324
7306
7325
7307
7326
7308
7327
7309
7328
7310
7329
7311
7330
7312
7331
7313
7332
7314
7333
7315
7334
7316
7335
7317
7336
7318
7337
7319
7338
7339
7321
7340
7322
7341
7323
7342
7324
7343
7325
7344
7326
7345
7327
7346
7328
7347
7329
7348
7330
7349
7331
7350
7332
7351
7333
7352
7334
7353
7335
7354
7336
7355
7337
7356
7338
7357
7339
7358
7359
7341
7360
7342
7361
7343
7362
7344
7363
7345
7364
7346
7365
7347
7366
7348
7367
7349
7368
7350
7369
7351
7370
7352
7371
7353
7372
7354
7373
7355
7374
7356
7375
7357
7376
7358
7377
7359
7378
7379
7361
7380
7362
7381
7363
7382
7364
7383
7365
7384
7366
7385
7367
7386
7368
7387
7369
7388
7370
7389
7371
7390
7372
7391
7373
7392
7374
7393
7375
7394
7376
7395
7377
7396
7378
7397
7379
7398
7399
7381
7400
7382
7401
7383
7402
7384
7403
7385
7404
7386
7405
7387
7406
7388
7407
7389
7408
7390
7409
7391
7410
7392
7411
7393
7412
7394
7413
7395
7414
7396
7415
7397
7416
7398
7417
7399
7418
7419
7401
7420
7402
7421
7403
7422
7404
7423
7405
7424
7406
7425
7407
7426
7408
7427
7409
7428
7410
7429
7411
7430
7412
7431
7413
7432
7414
7433
7415
7434
7416
7435
7417
7436
7418
7437
7419
7438
7439
7421
7440
7422
7441
7423
7442
7424
7443
7425
7444
7426
7445
7427
7446
7428
7447
7429
7448
7430
7449
7431
7450
7432
7451
7433
7452
7434
7453
7435
7454
7436
7455
7437
7456
7438
7457
7439
7458
7459
7441
7460
7442
7461
7443
7462
7444
7463
7445
7464
7446
7465
7447
7466
7448
7467
7449
7468
7450
7469
7451
7470
7452
7471
7453
7472
7454
7473
7455
7474
7456
7475
7457
7476
7458
7477
7459
7478
7479
7461
7480
7462
7481
7463
7482
7464
7483
7465
7484
7466
7485
7467
7486
7468
7487
7469
7488
7470
7489
7471
7490
7472
7491
7473
7492
7474
7493
7475
7494
7476
7495
7477
7496
7478
7497
7479
7498
7499
7481
7500
7482
7501
7483
7502
7484
7503
7485
7504
7486
7505
7487
7506
7488
7507
7489
7508
7490
7509
7491
7510
7492
7511
7493
7512
7494
7513
7495
7514
7496
7515
7497
7516
7498
7517
7499
7518
7519
7501
7520
7502
7521
7503
7522
7504
7523
7505
7524
7506
7525
7507
7526
7508
7527
7509
7528
7510
7529
7511
7530
7512
7531
7513
7532
7514
7533
7515
7534
7516
7535
7517
7536
7518
7537
7519
7538
7539
7521
7540
7522
7541
7523
7542
7524
7543
7525
7544
7526
7545
7527
7546
7528
7547
7529
7548
7530
7549
7531
7550
7532
7551
7533
7552
7534
7553
7535
7554
7536
7555
7537
7556
7538
7557
7539
7558
7559
7541
7560
7542
7561
7543
7562
7544
7563
7545
7564
7546
7565
7547
7566
7548
7567
7549
7568
7550
7569
7551
7570
7552
7571
7553
7572
7554
7573
7555
7574
7556
7575
7557
7576
7558
7577
7559
7578
7579
7561
7580
7562
7581
7563
7582
7564
7583
7565
7584
7566
7585
7567
7586
7568
7587
7569
7588
7570
7589
7571
7590
7572
7591
7573
7592
7574
7593
7575
7594
7576
7595
7577
7596
7578
7597
7579
7598
7599
7581
7582
7583
7584
7585
7586
7587
7588
7589
7590
7591
7592
7593
7594
7595
7596
7597
7598
7599
)


// ************************************************************************* //
