/*--------------------------------*- C++ -*----------------------------------*\
| =========                 |                                                 |
| \\      /  F ield         | OpenFOAM: The Open Source CFD Toolbox           |
|  \\    /   O peration     | Version:  2406                                  |
|   \\  /    A nd           | Website:  www.openfoam.com                      |
|    \\/     M anipulation  |                                                 |
\*---------------------------------------------------------------------------*/
FoamFile
{
    version     2.0;
    format      ascii;
    arch        "LSB;label=32;scalar=64";
    class       volScalarField;
    location    "6.4416e-05";
    object      CH4;
}
// * * * * * * * * * * * * * * * * * * * * * * * * * * * * * * * * * * * * * //

dimensions      [0 0 0 0 0 0 0];

internalField   nonuniform List<scalar> 
4000
(
0.220488
0.0492529
0.0104183
0.00206457
0.000385755
6.86791e-05
1.17615e-05
1.95244e-06
3.16092e-07
5.01447e-08
7.82395e-09
1.20418e-09
1.83252e-10
2.76269e-11
4.13266e-12
6.14204e-13
9.08001e-14
1.33639e-14
1.9596e-15
2.86797e-16
4.18727e-17
6.09653e-18
8.86361e-19
1.28829e-19
1.87005e-20
2.71354e-21
3.93706e-22
5.71286e-23
8.29199e-24
1.20408e-24
1.74943e-25
2.54349e-26
3.70079e-27
5.3891e-28
7.85453e-29
1.14583e-29
1.67313e-30
2.44542e-31
3.5776e-32
5.23894e-33
7.67898e-34
1.12658e-34
1.6543e-35
2.43131e-36
3.57628e-37
5.26475e-38
7.75674e-39
1.14371e-39
1.68759e-40
2.49194e-41
3.68235e-42
5.44543e-43
8.05859e-44
1.19345e-44
1.76875e-45
2.62327e-46
3.89344e-47
5.78277e-48
8.59513e-49
1.27844e-49
1.90292e-50
2.83443e-51
4.22568e-52
6.30418e-53
9.41177e-54
1.40614e-54
2.10238e-55
3.14573e-56
4.71056e-57
7.05952e-58
1.05887e-58
1.58963e-59
2.38865e-60
3.59283e-61
5.40976e-62
8.1547e-63
1.23074e-63
1.85996e-64
2.81497e-65
4.26797e-66
6.51087e-67
9.93472e-68
1.52092e-68
2.3299e-69
3.5784e-70
5.51318e-71
8.52631e-72
1.32521e-72
2.07286e-73
3.268e-74
5.20271e-75
8.38341e-76
1.37123e-76
2.28563e-77
3.90021e-78
6.81966e-79
1.2689e-79
2.36525e-80
4.10831e-81
4.54702e-82
0.257417
0.0618342
0.0138157
0.00285893
0.000555687
0.000103073
1.83795e-05
3.17641e-06
5.3536e-07
8.84032e-08
1.43533e-08
2.2978e-09
3.6352e-10
5.69366e-11
8.84295e-12
1.36366e-12
2.09015e-13
3.18704e-14
4.83835e-15
7.31804e-16
1.10324e-16
1.65853e-17
2.48737e-18
3.72292e-19
5.56271e-20
8.29979e-21
1.23689e-21
1.84151e-22
2.73949e-23
4.0728e-24
6.05207e-25
8.98991e-26
1.33504e-26
1.98226e-27
2.94299e-28
4.36928e-29
6.48707e-30
9.63224e-31
1.43042e-31
2.12459e-32
3.15624e-33
4.68989e-34
6.97042e-35
1.03625e-35
1.54094e-36
2.29204e-37
3.4102e-38
5.07524e-39
7.55475e-40
1.12544e-40
1.6779e-41
2.50353e-42
3.73836e-43
5.58669e-44
8.35549e-45
1.25065e-45
1.87348e-46
2.80872e-47
4.2145e-48
6.32904e-49
9.51233e-50
1.43059e-50
2.15701e-51
3.25005e-52
4.90129e-53
7.39816e-54
1.11774e-54
1.69032e-55
2.55875e-56
3.8773e-57
5.88156e-58
8.93179e-59
1.35797e-59
2.06718e-60
3.15089e-61
4.80942e-62
7.35191e-63
1.12566e-63
1.72654e-64
2.65505e-65
4.2231e-66
6.4858e-67
1.00202e-67
1.5613e-68
2.42861e-69
3.79255e-70
5.94796e-71
9.40277e-72
1.50014e-72
2.41855e-73
3.94629e-74
6.52847e-75
1.09699e-75
1.87861e-76
3.28039e-77
5.83502e-78
1.05681e-78
1.92094e-79
3.31145e-80
4.29393e-81
0.25963
0.0629272
0.0141836
0.00295996
0.000580118
0.000108308
1.94701e-05
3.40387e-06
5.80664e-07
9.71017e-08
1.59726e-08
2.59181e-09
4.15801e-10
6.60701e-11
1.04126e-11
1.62977e-12
2.53561e-13
3.93236e-14
6.05703e-15
9.36507e-16
1.43282e-16
2.18604e-17
3.32722e-18
5.05365e-19
7.66228e-20
1.15998e-20
1.75378e-21
2.64861e-22
3.99627e-23
6.02488e-24
9.07728e-25
1.36687e-25
2.05734e-26
3.09549e-27
4.65623e-28
7.00243e-29
1.05293e-29
1.58311e-30
2.38013e-31
3.57841e-32
5.38013e-33
8.08953e-34
1.21645e-34
1.82942e-35
2.75166e-36
4.13947e-37
6.22831e-38
9.37287e-39
1.41073e-39
2.12576e-40
3.2069e-41
4.84354e-42
7.32407e-43
1.10881e-43
1.68068e-44
2.55069e-45
3.87582e-46
5.89535e-47
8.99808e-48
1.37246e-48
2.09618e-49
3.20589e-50
4.91001e-51
7.53075e-52
1.15673e-52
1.77945e-53
2.74169e-54
4.23114e-55
6.54075e-56
1.01289e-56
1.57141e-57
2.4426e-58
3.80445e-59
5.93819e-60
9.28953e-61
1.4567e-61
2.29008e-62
3.61004e-63
5.70742e-64
9.04973e-65
1.42501e-65
2.29872e-66
3.68764e-67
5.9591e-68
9.6526e-69
1.57224e-69
2.57585e-70
4.2449e-71
7.04102e-72
1.17645e-72
1.98181e-73
3.36901e-74
5.78569e-75
1.00345e-75
1.7615e-76
3.13054e-77
5.8108e-78
1.03118e-78
1.74721e-79
2.25875e-80
0.259447
0.0628193
0.014142
0.00294724
0.00057682
0.000107539
1.93058e-05
3.36561e-06
5.73085e-07
9.58215e-08
1.57732e-08
2.5614e-09
4.11293e-10
6.54221e-11
1.03061e-11
1.63512e-12
2.57874e-13
3.99416e-14
6.15376e-15
9.55521e-16
1.46495e-16
2.24061e-17
3.42002e-18
5.21126e-19
7.92909e-20
1.20496e-20
1.82926e-21
2.77466e-22
4.20575e-23
6.37135e-24
9.64775e-25
1.46039e-25
2.21006e-26
3.34394e-27
5.05901e-28
7.65331e-29
1.1578e-29
1.7516e-30
2.65018e-31
4.0102e-32
6.06908e-33
9.18663e-34
1.39084e-34
2.10617e-35
3.19018e-36
4.83337e-37
7.32495e-38
1.11038e-38
1.68374e-39
2.55737e-40
3.8907e-41
5.92897e-42
9.05007e-43
1.38372e-43
2.11869e-44
3.25655e-45
5.00426e-46
7.70329e-47
1.18795e-47
1.83527e-48
2.84047e-49
4.40439e-50
6.84234e-51
1.06504e-51
1.66107e-52
2.59594e-53
4.06551e-54
6.3808e-55
1.00371e-55
1.58251e-56
2.5011e-57
3.96282e-58
6.29526e-59
1.00279e-59
1.60198e-60
2.56693e-61
4.12625e-62
6.65519e-63
1.07725e-63
1.75033e-64
2.85484e-65
4.66984e-66
7.84275e-67
1.29494e-67
2.17918e-68
3.69863e-69
6.21887e-70
1.05268e-70
1.79476e-71
3.08353e-72
5.34155e-73
9.32595e-74
1.64399e-74
2.92433e-75
5.2494e-76
9.50159e-77
1.73081e-77
3.11945e-78
5.33905e-79
6.94352e-80
0.259263
0.0626892
0.0140866
0.00292949
0.000572019
0.000106379
1.90522e-05
3.31178e-06
5.62165e-07
9.37256e-08
1.5398e-08
2.4962e-09
4.00044e-10
6.35037e-11
9.9974e-12
1.56848e-12
2.44053e-13
3.78341e-14
5.8302e-15
9.0698e-16
1.39057e-16
2.12687e-17
3.24645e-18
4.94711e-19
7.52831e-20
1.14435e-20
1.73791e-21
2.6375e-22
4.00056e-23
6.06566e-24
9.19426e-25
1.39342e-25
2.11163e-26
3.20006e-27
4.84988e-28
7.3513e-29
1.1145e-29
1.69005e-30
2.56353e-31
3.88966e-32
5.9038e-33
8.96417e-34
1.36163e-34
2.0691e-35
3.14551e-36
4.78401e-37
7.27932e-38
1.10809e-38
1.68764e-39
2.57699e-40
3.94375e-41
6.04622e-42
9.28998e-43
1.43055e-43
2.20777e-44
3.41504e-45
5.29431e-46
8.22629e-47
1.28112e-47
1.99975e-48
3.12881e-49
4.90695e-50
7.71423e-51
1.21574e-51
1.92076e-52
3.04243e-53
4.83174e-54
7.69403e-55
1.22858e-55
1.96736e-56
3.15964e-57
5.08987e-58
8.22502e-59
1.33346e-59
2.16915e-60
3.54102e-61
5.80181e-62
9.54259e-63
1.57586e-63
2.61336e-64
4.35282e-65
7.26927e-66
1.23575e-66
2.08905e-67
3.55274e-68
6.07848e-69
1.04623e-69
1.81211e-70
3.1594e-71
5.54702e-72
9.8009e-73
1.74498e-73
3.1312e-74
5.66017e-75
1.0307e-75
1.8889e-76
3.45312e-77
6.30245e-78
1.08761e-78
1.422e-79
0.259151
0.0626052
0.014049
0.00291687
0.000568496
0.00010551
1.88516e-05
3.26909e-06
5.53511e-07
9.20241e-08
1.50836e-08
2.43944e-09
3.89958e-10
6.17396e-11
9.69662e-12
1.51288e-12
2.34877e-13
3.62943e-14
5.57406e-15
8.6701e-16
1.32525e-16
2.02102e-17
3.07624e-18
4.67519e-19
7.09641e-20
1.0761e-20
1.63057e-21
2.46938e-22
3.73826e-23
5.65782e-24
8.5622e-25
1.29576e-25
1.96116e-26
2.96882e-27
4.49541e-28
6.80926e-29
1.0318e-29
1.56417e-30
2.37235e-31
3.59995e-32
5.46578e-33
8.30341e-34
1.26218e-34
1.91978e-35
2.92187e-36
4.44993e-37
6.78132e-38
1.03443e-38
1.57888e-39
2.41638e-40
3.70836e-41
5.70684e-42
8.80653e-43
1.36273e-43
2.11451e-44
3.29012e-45
5.13361e-46
8.03253e-47
1.26042e-47
1.98346e-48
3.1303e-49
4.9547e-50
7.86564e-51
1.25243e-51
2.00031e-52
3.20469e-53
5.15045e-54
8.30428e-55
1.34334e-55
2.18039e-56
3.55122e-57
5.80441e-58
9.52176e-59
1.56784e-59
2.59156e-60
4.3008e-61
7.16677e-62
1.19935e-62
2.01595e-63
3.40389e-64
5.76178e-65
9.97886e-66
1.70993e-66
2.94468e-67
5.10219e-68
8.88863e-69
1.55747e-69
2.74548e-70
4.86968e-71
8.69329e-72
1.56035e-72
2.81993e-73
5.1315e-74
9.39619e-75
1.73089e-75
3.18944e-76
5.90496e-77
1.0831e-77
1.8761e-78
2.4582e-79
0.259075
0.0625477
0.0140227
0.00290791
0.000565954
0.000104873
1.87086e-05
3.2389e-06
5.47425e-07
9.08584e-08
1.48681e-08
2.40042e-09
3.82992e-10
6.05145e-11
9.48446e-12
1.47649e-12
2.28462e-13
3.52673e-14
5.40113e-15
8.38947e-16
1.27914e-16
1.94587e-17
2.95464e-18
4.47966e-19
6.78382e-20
1.02638e-20
1.55186e-21
2.34528e-22
3.54332e-23
5.35265e-24
8.08591e-25
1.22164e-25
1.84609e-26
2.79062e-27
4.22007e-28
6.38479e-29
9.6655e-30
1.46411e-30
2.21927e-31
3.36628e-32
5.10979e-33
7.76211e-34
1.18003e-34
1.79527e-35
2.73347e-36
4.16535e-37
6.35218e-38
9.69837e-39
1.48196e-39
2.27158e-40
3.49312e-41
5.38866e-42
8.33891e-43
1.29439e-43
2.01546e-44
3.14841e-45
4.93601e-46
7.76539e-47
1.22562e-47
1.94075e-48
3.08324e-49
4.91457e-50
7.85988e-51
1.26128e-51
2.03092e-52
3.28153e-53
5.32087e-54
8.65832e-55
1.41402e-55
2.31778e-56
3.81343e-57
6.2982e-58
1.04426e-58
1.7383e-59
2.90542e-60
4.87641e-61
8.21944e-62
1.3915e-62
2.36629e-63
4.04264e-64
6.9498e-65
1.19546e-65
2.10482e-66
3.68606e-67
6.45398e-68
1.136e-68
2.01044e-69
3.57779e-70
6.40301e-71
1.15265e-71
2.08451e-72
3.79291e-73
6.94428e-74
1.27822e-74
2.3654e-75
4.41271e-76
8.24255e-77
1.52338e-77
2.65502e-78
3.49303e-79
0.259021
0.0625062
0.0140036
0.00290132
0.00056407
0.000104397
1.85979e-05
3.21468e-06
5.42422e-07
8.98759e-08
1.46841e-08
2.36671e-09
3.76912e-10
5.94351e-11
9.29567e-12
1.44367e-12
2.23004e-13
3.43035e-14
5.24162e-15
8.13368e-16
1.23721e-16
1.87776e-17
2.84482e-18
4.30372e-19
6.50513e-20
9.82418e-21
1.48274e-21
2.23692e-22
3.37392e-23
5.08847e-24
7.67488e-25
1.15782e-25
1.74719e-26
2.63762e-27
3.98378e-28
6.0202e-29
9.1027e-30
1.37722e-30
2.08513e-31
3.15926e-32
4.79048e-33
7.26996e-34
1.10423e-34
1.67874e-35
2.55453e-36
3.89083e-37
5.93203e-38
9.05559e-39
1.38394e-39
2.12261e-40
3.26769e-41
5.04931e-42
7.83176e-43
1.2194e-43
1.90566e-44
2.98896e-45
4.70313e-46
7.42815e-47
1.17767e-47
1.8741e-48
2.99364e-49
4.8001e-50
7.72601e-51
1.24832e-51
2.02478e-52
3.29704e-53
5.38991e-54
8.84644e-55
1.45782e-55
2.41218e-56
4.00782e-57
6.68691e-58
1.12044e-58
1.88547e-59
3.18679e-60
5.41024e-61
9.22661e-62
1.58075e-62
2.72088e-63
4.70515e-64
8.14183e-65
1.45038e-65
2.54162e-66
4.50047e-67
7.98017e-68
1.42205e-68
2.54723e-69
4.58656e-70
8.3019e-71
1.51083e-71
2.76038e-72
5.07128e-73
9.36916e-74
1.73891e-74
3.24185e-75
6.06622e-76
1.13583e-76
2.1028e-77
3.66877e-78
4.82899e-79
0.258982
0.0624753
0.0139892
0.00289635
0.000562639
0.000104033
1.85129e-05
3.19624e-06
5.38628e-07
8.91514e-08
1.45473e-08
2.34149e-09
3.72337e-10
5.8619e-11
9.15256e-12
1.41938e-12
2.1877e-13
3.36412e-14
5.12923e-15
7.95197e-16
1.20697e-16
1.82793e-17
2.76338e-18
4.17158e-19
6.28878e-20
9.47289e-21
1.42611e-21
2.14622e-22
3.22942e-23
4.85933e-24
7.31296e-25
1.10085e-25
1.65782e-26
2.49779e-27
3.76552e-28
5.68039e-29
8.57518e-30
1.29553e-30
1.95946e-31
2.96638e-32
4.4948e-33
6.81714e-34
1.03495e-34
1.57278e-35
2.39258e-36
3.64345e-37
5.55518e-38
8.48056e-39
1.29639e-39
1.98954e-40
3.06581e-41
4.74366e-42
7.36976e-43
1.14965e-43
1.80073e-44
2.83129e-45
4.46986e-46
7.08656e-47
1.12826e-47
1.80371e-48
2.89538e-49
4.66702e-50
7.55398e-51
1.22779e-51
2.00398e-52
3.28473e-53
5.40696e-54
8.93859e-55
1.4841e-55
2.47486e-56
4.14523e-57
6.97392e-58
1.17856e-58
2.00077e-59
3.41215e-60
5.84613e-61
1.00632e-61
1.74044e-62
3.02446e-63
5.28116e-64
9.27312e-65
1.62817e-65
2.93864e-66
5.23562e-67
9.35944e-68
1.68311e-68
3.0416e-69
5.52385e-70
1.00813e-70
1.84923e-71
3.40373e-72
6.29674e-73
1.17091e-73
2.18614e-74
4.09763e-75
7.71853e-76
1.44846e-76
2.68986e-77
4.70393e-78
6.2006e-79
0.258952
0.0624517
0.0139782
0.00289252
0.000561531
0.000103751
1.8447e-05
3.18187e-06
5.35658e-07
8.85605e-08
1.44366e-08
2.32118e-09
3.68665e-10
5.79653e-11
9.03775e-12
1.39917e-12
2.15424e-13
3.30027e-14
5.03564e-15
7.80508e-16
1.18294e-16
1.78878e-17
2.69992e-18
4.06923e-19
6.12601e-20
9.21461e-21
1.38523e-21
2.08167e-22
3.12776e-23
4.69961e-24
7.06264e-25
1.06171e-25
1.59674e-26
2.40269e-27
3.61772e-28
5.45109e-29
8.22004e-30
1.2406e-30
1.87354e-31
2.83233e-32
4.28638e-33
6.49409e-34
9.85009e-35
1.49573e-35
2.27394e-36
3.46099e-37
5.27583e-38
8.05187e-39
1.23082e-39
1.88947e-40
2.91351e-41
4.51253e-42
7.02015e-43
1.09696e-43
1.7216e-44
2.7141e-45
4.29734e-46
6.83449e-47
1.09176e-47
1.75175e-48
2.8232e-49
4.57026e-50
7.43149e-51
1.21381e-51
1.99148e-52
3.28213e-53
5.43376e-54
9.03689e-55
1.5098e-55
2.53405e-56
4.27283e-57
7.23821e-58
1.2319e-58
2.10647e-59
3.619e-60
6.24713e-61
1.08354e-61
1.88837e-62
3.30686e-63
5.81875e-64
1.02798e-64
1.82776e-65
3.26496e-66
5.86189e-67
1.05795e-67
1.91709e-68
3.49045e-69
6.38459e-70
1.17322e-70
2.16608e-71
4.01105e-72
7.46191e-73
1.39483e-73
2.61647e-74
4.92441e-75
9.27957e-76
1.74899e-76
3.25645e-77
5.70623e-78
7.53152e-79
0.258929
0.0624335
0.0139696
0.00288953
0.000560663
0.000103529
1.8395e-05
3.1705e-06
5.33303e-07
8.81052e-08
1.43502e-08
2.3052e-09
3.65755e-10
5.74446e-11
8.94613e-12
1.3835e-12
2.12715e-13
3.2543e-14
4.95787e-15
7.67893e-16
1.16223e-16
1.75502e-17
2.64527e-18
3.98135e-19
5.98567e-20
8.99168e-21
1.34997e-21
2.02609e-22
3.04047e-23
4.56295e-24
6.84925e-25
1.02848e-25
1.5451e-26
2.32262e-27
3.49379e-28
5.2596e-29
7.92463e-30
1.1951e-30
1.80404e-31
2.7259e-32
4.12308e-33
6.24313e-34
9.46398e-35
1.43632e-35
2.1825e-36
3.32019e-37
5.06016e-38
7.72041e-39
1.18009e-39
1.81201e-40
2.79561e-41
4.33365e-42
6.74974e-43
1.05626e-43
1.66085e-44
2.62419e-45
4.16433e-46
6.63928e-47
1.06372e-47
1.71229e-48
2.76928e-49
4.49986e-50
7.34642e-51
1.20504e-51
1.98598e-52
3.28855e-53
5.47132e-54
9.14624e-55
1.53625e-55
2.5927e-56
4.39663e-57
7.49153e-58
1.28265e-58
2.20665e-59
3.81462e-60
6.62619e-61
1.15657e-61
2.02851e-62
3.57497e-63
6.33089e-64
1.12703e-64
2.00724e-65
3.67166e-66
6.62094e-67
1.2e-67
2.18517e-68
3.99737e-69
7.34522e-70
1.35563e-70
2.5132e-71
4.67154e-72
8.72111e-73
1.63546e-73
3.07664e-74
5.80492e-75
1.09694e-75
2.07159e-76
3.86154e-77
6.77167e-78
8.94135e-79
0.258911
0.0624192
0.0139629
0.00288716
0.000559975
0.000103352
1.83537e-05
3.16144e-06
5.31423e-07
8.77331e-08
1.428e-08
2.29223e-09
3.63397e-10
5.70229e-11
8.87155e-12
1.37053e-12
2.10445e-13
3.22394e-14
4.89382e-15
7.57451e-16
1.14472e-16
1.7261e-17
2.59798e-18
3.90457e-19
5.8617e-20
8.79271e-21
1.31822e-21
1.9757e-22
2.96081e-23
4.43793e-24
6.65377e-25
9.97984e-26
1.49763e-26
2.24886e-27
3.37939e-28
5.08245e-29
7.65071e-30
1.1528e-30
1.73884e-31
2.62565e-32
3.96927e-33
6.00756e-34
9.10366e-35
1.38126e-35
2.09844e-36
3.19188e-37
4.86529e-38
7.4231e-39
1.13489e-39
1.7434e-40
2.69167e-41
4.17657e-42
6.51305e-43
1.02073e-43
1.60767e-44
2.54472e-45
4.0485e-46
6.47175e-47
1.03965e-47
1.67839e-48
2.72294e-49
4.43934e-50
7.27337e-51
1.19754e-51
1.98142e-52
3.29457e-53
5.50496e-54
9.24365e-55
1.55979e-55
2.64498e-56
4.50725e-57
7.71849e-58
1.32826e-58
2.29699e-59
3.9917e-60
6.97065e-61
1.2232e-61
2.15688e-62
3.8218e-63
6.8043e-64
1.21652e-64
2.18457e-65
3.93522e-66
7.22248e-67
1.31489e-67
2.40721e-68
4.42554e-69
8.17075e-70
1.51478e-70
2.82012e-71
5.26234e-72
9.85894e-73
1.85487e-73
3.49947e-74
6.61948e-75
1.25414e-75
2.37264e-76
4.42878e-77
7.77408e-78
1.0271e-78
0.258897
0.062408
0.0139576
0.00288529
0.000559429
0.000103211
1.83207e-05
3.15419e-06
5.29918e-07
8.74387e-08
1.42241e-08
2.28188e-09
3.6151e-10
5.66831e-11
8.81245e-12
1.36016e-12
2.08776e-13
3.18811e-14
4.84759e-15
7.50231e-16
1.13289e-16
1.70667e-17
2.56619e-18
3.85284e-19
5.77802e-20
8.65808e-21
1.29666e-21
1.94134e-22
2.90626e-23
4.35081e-24
6.51529e-25
9.76096e-26
1.4632e-26
2.19491e-27
3.29516e-28
4.95126e-29
7.44679e-30
1.12116e-30
1.68982e-31
2.54982e-32
3.85215e-33
5.82693e-34
8.82541e-35
1.33846e-35
2.03268e-36
3.09086e-37
4.71135e-38
7.18704e-39
1.09887e-39
1.68853e-40
2.60828e-41
4.05021e-42
6.32222e-43
9.92025e-44
1.5647e-44
2.48077e-45
3.95355e-46
6.33272e-47
1.01946e-47
1.64994e-48
2.68399e-49
4.38847e-50
7.21203e-51
1.19127e-51
1.97775e-52
3.30013e-53
5.53462e-54
9.32902e-55
1.58042e-55
2.69085e-56
4.60451e-57
7.91858e-58
1.36858e-58
2.3771e-59
4.14921e-60
7.27803e-61
1.28286e-61
2.27216e-62
4.0435e-63
7.22922e-64
1.29835e-64
2.34227e-65
4.24629e-66
7.77958e-67
1.42242e-67
2.61435e-68
4.82495e-69
8.94099e-70
1.66335e-70
3.10688e-71
5.81486e-72
1.09241e-72
2.06045e-73
3.89602e-74
7.3839e-75
1.40128e-75
2.65457e-76
4.96014e-77
8.71313e-78
1.15163e-78
0.258887
0.0623993
0.0139534
0.00288381
0.000558997
0.000103101
1.82946e-05
3.14844e-06
5.28721e-07
8.72034e-08
1.41794e-08
2.27357e-09
3.59994e-10
5.64134e-11
8.76424e-12
1.35192e-12
2.07219e-13
3.1693e-14
4.80161e-15
7.42599e-16
1.12014e-16
1.68583e-17
2.53256e-18
3.79912e-19
5.69287e-20
8.52382e-21
1.27558e-21
1.90836e-22
2.85482e-23
4.27117e-24
6.39189e-25
9.56962e-26
1.43351e-26
2.14883e-27
3.22364e-28
4.84041e-29
7.27522e-30
1.09464e-30
1.64887e-31
2.48683e-32
3.75552e-33
5.67879e-34
8.59832e-35
1.30367e-35
1.97942e-36
3.0093e-37
4.58737e-38
6.99734e-39
1.07e-39
1.64465e-40
2.54176e-41
3.94963e-42
6.17065e-43
9.6928e-44
1.53075e-44
2.43044e-45
3.87961e-46
6.22605e-47
1.00425e-47
1.62846e-48
2.65515e-49
4.35196e-50
7.17062e-51
1.18767e-51
1.97742e-52
3.30943e-53
5.56742e-54
9.4144e-55
1.60015e-55
2.73367e-56
4.69399e-57
8.10094e-58
1.40512e-58
2.44943e-59
4.29113e-60
7.55464e-61
1.33652e-61
2.37596e-62
4.24401e-63
7.61669e-64
1.3735e-64
2.47828e-65
4.60112e-66
8.40309e-67
1.54103e-67
2.83844e-68
5.25094e-69
9.75242e-70
1.81819e-70
3.4029e-71
6.38045e-72
1.20062e-72
2.26791e-73
4.29377e-74
8.1464e-75
1.54729e-75
2.93298e-76
5.48249e-77
9.63252e-78
1.27318e-78
0.258878
0.0623924
0.0139501
0.00288265
0.000558656
0.000103013
1.82739e-05
3.14389e-06
5.27773e-07
8.70151e-08
1.41436e-08
2.26694e-09
3.58781e-10
5.61955e-11
8.72614e-12
1.34512e-12
2.062e-13
3.14451e-14
4.7746e-15
7.38518e-16
1.11353e-16
1.67497e-17
2.51465e-18
3.76962e-19
5.64447e-20
8.44486e-21
1.26278e-21
1.88771e-22
2.82171e-23
4.21837e-24
6.30824e-25
9.43781e-26
1.41284e-26
2.11655e-27
3.17339e-28
4.76238e-29
7.15428e-30
1.07593e-30
1.61997e-31
2.44194e-32
3.68573e-33
5.57065e-34
8.43097e-35
1.27788e-35
1.93978e-36
2.9484e-37
4.49472e-38
6.85515e-39
1.04832e-39
1.61166e-40
2.49171e-41
3.87395e-42
6.05668e-43
9.522e-44
1.50531e-44
2.39286e-45
3.82467e-46
6.14696e-47
9.93314e-48
1.61379e-48
2.63605e-49
4.32912e-50
7.14785e-51
1.18651e-51
1.98005e-52
3.32186e-53
5.6024e-54
9.49826e-55
1.61874e-55
2.77307e-56
4.7751e-57
8.26464e-58
1.43771e-58
2.51363e-59
4.4167e-60
7.79895e-61
1.38386e-61
2.46742e-62
4.4204e-63
7.95637e-64
1.43838e-64
2.61235e-65
4.76452e-66
8.81095e-67
1.62057e-67
2.99542e-68
5.55805e-69
1.0352e-69
1.93508e-70
3.63057e-71
6.8225e-72
1.28641e-72
2.43441e-73
4.61644e-74
8.77076e-75
1.66782e-75
3.16441e-76
5.91932e-77
1.04051e-77
1.37564e-78
0.258872
0.0623872
0.0139476
0.00288176
0.000558394
0.000102945
1.82578e-05
3.14036e-06
5.27036e-07
8.68697e-08
1.41159e-08
2.26179e-09
3.57846e-10
5.6027e-11
8.6961e-12
1.33999e-12
2.05194e-13
3.13534e-14
4.74458e-15
7.33449e-16
1.10501e-16
1.66101e-17
2.49218e-18
3.73383e-19
5.58792e-20
8.35605e-21
1.2489e-21
1.86609e-22
2.78815e-23
4.16638e-24
6.22787e-25
9.31377e-26
1.39373e-26
2.08713e-27
3.12818e-28
4.69296e-29
7.04779e-30
1.05961e-30
1.59497e-31
2.40384e-32
3.6276e-33
5.48199e-34
8.29617e-35
1.2573e-35
1.90827e-36
2.90015e-37
4.42133e-38
6.73946e-39
1.03071e-39
1.58494e-40
2.45127e-41
3.81293e-42
5.9649e-43
9.38461e-44
1.48486e-44
2.3626e-45
3.7799e-46
6.08131e-47
9.83855e-48
1.60057e-48
2.61851e-49
4.30764e-50
7.12517e-51
1.18497e-51
1.98137e-52
3.33086e-53
5.62943e-54
9.56481e-55
1.63372e-55
2.8051e-56
4.84141e-57
8.399e-58
1.46452e-58
2.56659e-59
4.52048e-60
8.00119e-61
1.42314e-61
2.54349e-62
4.56736e-63
8.23986e-64
1.49322e-64
2.70922e-65
5.05737e-66
9.29058e-67
1.71158e-67
3.16761e-68
5.88447e-69
1.09724e-69
2.05325e-70
3.85615e-71
7.25291e-72
1.36865e-72
2.59191e-73
4.91801e-74
9.34812e-75
1.77822e-75
3.37453e-76
6.31272e-77
1.1096e-77
1.46679e-78
0.258867
0.0623835
0.0139457
0.0028811
0.000558199
0.000102894
1.82459e-05
3.13772e-06
5.26484e-07
8.67607e-08
1.40952e-08
2.25795e-09
3.57139e-10
5.58998e-11
8.67374e-12
1.33604e-12
2.04591e-13
3.11724e-14
4.72933e-15
7.31296e-16
1.10167e-16
1.65562e-17
2.4833e-18
3.7191e-19
5.5635e-20
8.31569e-21
1.24226e-21
1.85527e-22
2.7706e-23
4.13814e-24
6.1827e-25
9.24191e-26
1.38235e-26
2.06922e-27
3.10008e-28
4.64902e-29
6.97929e-30
1.04895e-30
1.57844e-31
2.37826e-32
3.58812e-33
5.42092e-34
8.2015e-35
1.2427e-35
1.88581e-36
2.86564e-37
4.36836e-38
6.65814e-39
1.01828e-39
1.56605e-40
2.42264e-41
3.76972e-42
5.9e-43
9.28768e-44
1.47049e-44
2.34162e-45
3.75018e-46
6.04029e-47
9.78412e-48
1.59378e-48
2.61078e-49
4.30059e-50
7.12338e-51
1.1864e-51
1.98677e-52
3.34519e-53
5.66283e-54
9.63761e-55
1.64896e-55
2.83629e-56
4.90309e-57
8.51988e-58
1.48806e-58
2.61219e-59
4.60834e-60
8.17212e-61
1.45626e-61
2.6075e-62
4.69092e-63
8.47822e-64
1.53929e-64
2.80681e-65
5.13764e-66
9.51348e-67
1.75738e-67
3.25778e-68
6.06401e-69
1.13281e-69
2.12347e-70
3.9944e-71
7.52384e-72
1.42164e-72
2.69546e-73
5.11983e-74
9.74053e-75
1.85442e-75
3.51954e-76
6.58711e-77
1.1582e-77
1.53123e-78
0.258864
0.0623809
0.0139445
0.00288064
0.000558065
0.000102859
1.82376e-05
3.13588e-06
5.26098e-07
8.66843e-08
1.40806e-08
2.25522e-09
3.56639e-10
5.58098e-11
8.65773e-12
1.33325e-12
2.04109e-13
3.10903e-14
4.71558e-15
7.29101e-16
1.09806e-16
1.64975e-17
2.47384e-18
3.70402e-19
5.53959e-20
8.278e-21
1.23635e-21
1.84602e-22
2.7562e-23
4.11579e-24
6.1481e-25
9.18856e-26
1.37415e-26
2.05664e-27
3.08086e-28
4.61974e-29
6.93477e-30
1.04223e-30
1.56832e-31
2.36307e-32
3.56542e-33
5.38721e-34
8.15154e-35
1.23532e-35
1.87491e-36
2.84959e-37
4.3448e-38
6.62357e-39
1.01328e-39
1.5589e-40
2.41262e-41
3.756e-42
5.88186e-43
9.26499e-44
1.46793e-44
2.33927e-45
3.74939e-46
6.04411e-47
9.79906e-48
1.59773e-48
2.6198e-49
4.31982e-50
7.16283e-51
1.19428e-51
2.00225e-52
3.37519e-53
5.72046e-54
9.74771e-55
1.66991e-55
2.87581e-56
4.9786e-57
8.66377e-58
1.51543e-58
2.66419e-59
4.70751e-60
8.35912e-61
1.49159e-61
2.67439e-62
4.81779e-63
8.7194e-64
1.58532e-64
2.89503e-65
5.30814e-66
9.79054e-67
1.81127e-67
3.36174e-68
6.264e-69
1.17133e-69
2.19771e-70
4.13766e-71
7.79984e-72
1.47485e-72
2.79814e-73
5.31781e-74
1.01226e-74
1.92696e-75
3.65908e-76
6.84958e-77
1.20446e-77
1.59234e-78
0.258863
0.0623796
0.0139438
0.00288039
0.000557988
0.000102839
1.82327e-05
3.13478e-06
5.25867e-07
8.66381e-08
1.40717e-08
2.25356e-09
3.56333e-10
5.57544e-11
8.64777e-12
1.33159e-12
2.03735e-13
3.11092e-14
4.70358e-15
7.26851e-16
1.09402e-16
1.64377e-17
2.46495e-18
3.69276e-19
5.52556e-20
8.26082e-21
1.23429e-21
1.84353e-22
2.75439e-23
4.11558e-24
6.15087e-25
9.19992e-26
1.37676e-26
2.06239e-27
3.0919e-28
4.6395e-29
6.96859e-30
1.04806e-30
1.57839e-31
2.37998e-32
3.59324e-33
5.43225e-34
8.22469e-35
1.24707e-35
1.89364e-36
2.87926e-37
4.39169e-38
6.69722e-39
1.02486e-39
1.57726e-40
2.44186e-41
3.80288e-42
5.95747e-43
9.38771e-44
1.48797e-44
2.37222e-45
3.8039e-46
6.13486e-47
9.951e-48
1.62331e-48
2.66313e-49
4.39354e-50
7.29091e-51
1.2166e-51
2.04129e-52
3.44373e-53
5.84107e-54
9.96428e-55
1.70884e-55
2.94595e-56
5.1073e-57
8.89975e-58
1.55875e-58
2.74381e-59
4.85359e-60
8.63176e-61
1.54245e-61
2.76928e-62
4.99495e-63
9.04992e-64
1.64787e-64
3.01318e-65
5.53174e-66
1.02146e-66
1.89062e-67
3.51302e-68
6.55166e-69
1.22607e-69
2.30201e-70
4.33665e-71
8.17911e-72
1.54729e-72
2.93626e-73
5.58112e-74
1.06227e-74
2.02265e-75
3.84181e-76
7.19107e-77
1.26432e-77
1.67118e-78
0.258863
0.0623796
0.0139437
0.00288034
0.000557969
0.000102833
1.82311e-05
3.1344e-06
5.25783e-07
8.66207e-08
1.40683e-08
2.2529e-09
3.56209e-10
5.57314e-11
8.6437e-12
1.33078e-12
2.03669e-13
3.10155e-14
4.70295e-15
7.26967e-16
1.09136e-16
1.67918e-17
2.50879e-18
3.83755e-19
5.73051e-20
8.55057e-21
1.27514e-21
1.89724e-22
2.87959e-23
4.29246e-24
6.38982e-25
9.67848e-26
1.4424e-26
2.18352e-27
3.26433e-28
4.88518e-29
7.31072e-30
1.10605e-30
1.67552e-31
2.5194e-32
3.79368e-33
5.7175e-34
8.67902e-35
1.31278e-35
1.9889e-36
3.01761e-37
4.5934e-38
6.9914e-39
1.06797e-39
1.64086e-40
2.53639e-41
3.94438e-42
6.17083e-43
9.71177e-44
1.53755e-44
2.44862e-45
3.92248e-46
6.32023e-47
1.02429e-47
1.6696e-48
2.73691e-49
4.50602e-50
7.55911e-51
1.26011e-51
2.1123e-52
3.56015e-53
6.02225e-54
1.04235e-54
1.78568e-55
3.0687e-56
5.40803e-57
9.41313e-58
1.64676e-58
2.89522e-59
5.10267e-60
9.25047e-61
1.65038e-61
2.95823e-62
5.32677e-63
9.60678e-64
1.78792e-64
3.2602e-65
5.97127e-66
1.10286e-66
2.03979e-67
3.78315e-68
7.04209e-69
1.31546e-69
2.46554e-70
4.63686e-71
8.73094e-72
1.64887e-72
3.12433e-73
5.92987e-74
1.12713e-74
2.14348e-75
4.0655e-76
7.59917e-77
1.33436e-77
1.76204e-78
0.258863
0.0623796
0.0139437
0.00288034
0.000557969
0.000102833
1.82311e-05
3.1344e-06
5.25782e-07
8.66206e-08
1.40683e-08
2.2529e-09
3.56208e-10
5.57312e-11
8.64367e-12
1.33077e-12
2.03669e-13
3.1014e-14
4.70292e-15
7.2701e-16
1.09149e-16
1.67955e-17
2.50955e-18
3.83907e-19
5.73323e-20
8.55524e-21
1.27591e-21
1.89849e-22
2.88159e-23
4.29557e-24
6.39456e-25
9.68569e-26
1.44347e-26
2.1851e-27
3.26663e-28
4.88847e-29
7.31535e-30
1.10669e-30
1.6764e-31
2.52056e-32
3.79518e-33
5.71931e-34
8.68103e-35
1.31297e-35
1.98899e-36
3.01745e-37
4.59265e-38
6.98943e-39
1.06754e-39
1.63999e-40
2.5347e-41
3.94119e-42
6.16491e-43
9.7009e-44
1.53557e-44
2.44503e-45
3.916e-46
6.30856e-47
1.02219e-47
1.66579e-48
2.72611e-49
4.54216e-50
7.52848e-51
1.25481e-51
2.10305e-52
3.5368e-53
6.06633e-54
1.04896e-54
1.79121e-55
3.12547e-56
5.49939e-57
9.55808e-58
1.66968e-58
2.92326e-59
5.26176e-60
9.33255e-61
1.66326e-61
2.97843e-62
5.34029e-63
9.87543e-64
1.79312e-64
3.26937e-65
5.97819e-66
1.10973e-66
2.0485e-67
3.79673e-68
7.06308e-69
1.31862e-69
2.47006e-70
4.64284e-71
8.73759e-72
1.64926e-72
3.12306e-73
5.9238e-74
1.12531e-74
2.1388e-75
4.05491e-76
7.57642e-77
1.32988e-77
1.7556e-78
0.258863
0.0623796
0.0139438
0.00288039
0.000557988
0.000102839
1.82327e-05
3.13478e-06
5.25867e-07
8.6638e-08
1.40717e-08
2.25356e-09
3.56331e-10
5.5754e-11
8.64771e-12
1.33156e-12
2.03805e-13
3.1037e-14
4.70679e-15
7.27701e-16
1.09571e-16
1.64675e-17
2.46987e-18
3.70055e-19
5.53756e-20
8.27894e-21
1.23698e-21
1.84747e-22
2.76009e-23
4.12374e-24
6.16241e-25
9.21604e-26
1.37898e-26
2.06539e-27
3.09588e-28
4.64464e-29
6.97489e-30
1.04878e-30
1.57912e-31
2.3805e-32
3.59312e-33
5.43063e-34
8.21992e-35
1.24598e-35
1.8914e-36
2.87492e-37
4.38356e-38
6.68241e-39
1.02221e-39
1.57256e-40
2.4336e-41
3.78838e-42
5.93214e-43
9.34356e-44
1.48028e-44
2.35882e-45
3.78054e-46
6.09407e-47
9.8797e-48
1.61082e-48
2.64114e-49
4.35596e-50
7.22432e-51
1.2048e-51
2.02031e-52
3.40623e-53
5.77579e-54
9.84985e-55
1.68859e-55
2.91098e-56
5.04633e-57
8.79278e-58
1.53979e-58
2.70979e-59
4.79448e-60
8.52412e-61
1.52275e-61
2.73301e-62
4.92745e-63
8.92864e-64
1.62505e-64
2.97044e-65
5.45078e-66
1.00618e-66
1.86151e-67
3.45679e-68
6.44373e-69
1.20527e-69
2.26176e-70
4.25849e-71
8.02714e-72
1.51769e-72
2.87885e-73
5.46952e-74
1.04049e-74
1.97949e-75
3.75636e-76
7.02643e-77
1.23456e-77
1.63084e-78
0.258864
0.0623809
0.0139445
0.00288064
0.000558065
0.000102859
1.82376e-05
3.13588e-06
5.26098e-07
8.66842e-08
1.40805e-08
2.25522e-09
3.56637e-10
5.58092e-11
8.65757e-12
1.33321e-12
2.04101e-13
3.10886e-14
4.71519e-15
7.29006e-16
1.09786e-16
1.64936e-17
2.47312e-18
3.70272e-19
5.53733e-20
8.27414e-21
1.23569e-21
1.84489e-22
2.75426e-23
4.11246e-24
6.14238e-25
9.17874e-26
1.37247e-26
2.05378e-27
3.07598e-28
4.61145e-29
6.92076e-30
1.03985e-30
1.56429e-31
2.35625e-32
3.55393e-33
5.36792e-34
8.11924e-35
1.22992e-35
1.86592e-36
2.83464e-37
4.31993e-38
6.58235e-39
1.00643e-39
1.54751e-40
2.39358e-41
3.72407e-42
5.8281e-43
9.17412e-44
1.45251e-44
2.31299e-45
3.70442e-46
5.96683e-47
9.66584e-48
1.57469e-48
2.57988e-49
4.25053e-50
7.04223e-51
1.17323e-51
1.96536e-52
3.31025e-53
5.60569e-54
9.544e-55
1.6336e-55
2.81097e-56
4.86233e-57
8.4544e-58
1.47756e-58
2.59541e-59
4.58186e-60
8.1287e-61
1.44915e-61
2.59585e-62
4.67181e-63
8.44688e-64
1.53414e-64
2.79859e-65
5.12585e-66
9.44399e-67
1.74536e-67
3.23645e-68
6.02342e-69
1.125e-69
2.10828e-70
3.9645e-71
7.46437e-72
1.40969e-72
2.67125e-73
5.07044e-74
9.64031e-75
1.83341e-75
3.47621e-76
6.49908e-77
1.1414e-77
1.50716e-78
0.258867
0.0623834
0.0139457
0.0028811
0.000558199
0.000102894
1.82459e-05
3.13772e-06
5.26484e-07
8.67605e-08
1.40951e-08
2.25793e-09
3.57135e-10
5.58988e-11
8.67349e-12
1.33608e-12
2.04499e-13
3.12358e-14
4.72469e-15
7.3022e-16
1.09963e-16
1.65212e-17
2.47759e-18
3.71008e-19
5.54948e-20
8.29412e-21
1.23896e-21
1.85021e-22
2.76284e-23
4.12616e-24
6.16412e-25
9.21293e-26
1.37781e-26
2.06204e-27
3.08869e-28
4.63087e-29
6.95027e-30
1.0443e-30
1.57095e-31
2.36617e-32
3.56857e-33
5.38937e-34
8.15042e-35
1.23441e-35
1.87231e-36
2.84363e-37
4.33235e-38
6.59925e-39
1.00862e-39
1.55013e-40
2.39627e-41
3.72584e-42
5.82664e-43
9.16447e-44
1.44971e-44
2.30635e-45
3.69004e-46
5.93722e-47
9.60452e-48
1.56249e-48
2.55649e-49
4.20598e-50
6.95785e-51
1.15732e-51
1.93548e-52
3.25437e-53
5.5014e-54
9.34953e-55
1.59735e-55
2.74339e-56
4.7362e-57
8.21881e-58
1.43351e-58
2.51292e-59
4.42711e-60
7.83789e-61
1.39439e-61
2.49256e-62
4.47659e-63
8.07705e-64
1.46393e-64
2.66494e-65
4.86618e-66
8.98643e-67
1.65555e-67
3.06387e-68
5.69142e-69
1.06104e-69
1.98487e-70
3.72604e-71
7.004e-72
1.3207e-72
2.49892e-73
4.73675e-74
8.99311e-75
1.70873e-75
3.23792e-76
6.04733e-77
1.06108e-77
1.40003e-78
0.258872
0.0623872
0.0139476
0.00288176
0.000558394
0.000102945
1.82578e-05
3.14036e-06
5.27035e-07
8.68694e-08
1.41159e-08
2.26177e-09
3.57841e-10
5.60258e-11
8.696e-12
1.33991e-12
2.05252e-13
3.12836e-14
4.74789e-15
7.3426e-16
1.10655e-16
1.66356e-17
2.49613e-18
3.73966e-19
5.5962e-20
8.36736e-21
1.25037e-21
1.86792e-22
2.79021e-23
4.16834e-24
6.22891e-25
9.31222e-26
1.39299e-26
2.0852e-27
3.12397e-28
4.68452e-29
7.03167e-30
1.05663e-30
1.5896e-31
2.39431e-32
3.61099e-33
5.45324e-34
8.24647e-35
1.24883e-35
1.89392e-36
2.87592e-37
4.38048e-38
6.67093e-39
1.01922e-39
1.56565e-40
2.41881e-41
3.75819e-42
5.87234e-43
9.22765e-44
1.45817e-44
2.31711e-45
3.70251e-46
5.94896e-47
9.61123e-48
1.56135e-48
2.55033e-49
4.18849e-50
6.91628e-51
1.14823e-51
1.91651e-52
3.21597e-53
5.42518e-54
9.20035e-55
1.56843e-55
2.68771e-56
4.62954e-57
8.0152e-58
1.39473e-58
2.43919e-59
4.28701e-60
7.57176e-61
1.34382e-61
2.39639e-62
4.29357e-63
7.72836e-64
1.39712e-64
2.53522e-65
4.61549e-66
8.53462e-67
1.56871e-67
2.89716e-68
5.37055e-69
9.99219e-70
1.86562e-70
3.49574e-71
6.55963e-72
1.23487e-72
2.33288e-73
4.41557e-74
8.372e-75
1.58848e-75
3.0067e-76
5.60999e-77
9.83504e-78
1.29678e-78
0.258878
0.0623924
0.0139501
0.00288265
0.000558657
0.000103013
1.82739e-05
3.14389e-06
5.27772e-07
8.70148e-08
1.41435e-08
2.26692e-09
3.58775e-10
5.61944e-11
8.72573e-12
1.34506e-12
2.06187e-13
3.14389e-14
4.77389e-15
7.38447e-16
1.11347e-16
1.67492e-17
2.51457e-18
3.7694e-19
5.64382e-20
8.44316e-21
1.26237e-21
1.88682e-22
2.82002e-23
4.21498e-24
6.30166e-25
9.42533e-26
1.41053e-26
2.11232e-27
3.16577e-28
4.74876e-29
7.13015e-30
1.07167e-30
1.61254e-31
2.4293e-32
3.66434e-33
5.53455e-34
8.37081e-35
1.26761e-35
1.92224e-36
2.91859e-37
4.44426e-38
6.77017e-39
1.03404e-39
1.58764e-40
2.45123e-41
3.80562e-42
5.94101e-43
9.32556e-44
1.47181e-44
2.33537e-45
3.72567e-46
5.97571e-47
9.63614e-48
1.56281e-48
2.54818e-49
4.17698e-50
6.88331e-51
1.14031e-51
1.89903e-52
3.17917e-53
5.35004e-54
9.05007e-55
1.53881e-55
2.62995e-56
4.51775e-57
7.80001e-58
1.35348e-58
2.36033e-59
4.13654e-60
7.28498e-61
1.2892e-61
2.29239e-62
4.09543e-63
7.35079e-64
1.32568e-64
2.4014e-65
4.36188e-66
8.0417e-67
1.47337e-67
2.71284e-68
5.01651e-69
9.31136e-70
1.73457e-70
3.24318e-71
6.07346e-72
1.1412e-72
2.15209e-73
4.06676e-74
7.69925e-75
1.45889e-75
2.75815e-76
5.14099e-77
9.00505e-78
1.18654e-78
0.258887
0.0623993
0.0139534
0.00288381
0.000558997
0.000103101
1.82946e-05
3.14844e-06
5.2872e-07
8.72017e-08
1.41791e-08
2.27352e-09
3.59983e-10
5.64111e-11
8.76387e-12
1.35173e-12
2.0728e-13
3.16279e-14
4.80551e-15
7.435e-16
1.1218e-16
1.68853e-17
2.53666e-18
3.80501e-19
5.70094e-20
8.53431e-21
1.27686e-21
1.90973e-22
2.85581e-23
4.27094e-24
6.38887e-25
9.56089e-26
1.43154e-26
2.14482e-27
3.21591e-28
4.826e-29
7.24891e-30
1.08984e-30
1.64054e-31
2.47235e-32
3.73037e-33
5.63552e-34
8.52379e-35
1.29094e-35
1.95778e-36
2.97274e-37
4.52573e-38
6.89389e-39
1.05266e-39
1.61556e-40
2.49287e-41
3.86726e-42
6.03153e-43
9.45715e-44
1.49071e-44
2.36232e-45
3.76192e-46
6.02416e-47
9.69757e-48
1.56925e-48
2.55259e-49
4.17374e-50
6.85993e-51
1.13333e-51
1.88202e-52
3.14139e-53
5.27035e-54
8.88729e-55
1.50627e-55
2.56584e-56
4.39279e-57
7.55832e-58
1.30699e-58
2.27126e-59
3.96639e-60
6.96046e-61
1.22738e-61
2.1747e-62
3.87144e-63
6.92418e-64
1.24409e-64
2.24513e-65
4.06624e-66
7.44766e-67
1.36255e-67
2.50243e-68
4.61414e-69
8.54096e-70
1.58688e-70
2.95963e-71
5.52958e-72
1.03675e-72
1.95118e-73
3.68032e-74
6.95607e-75
1.31613e-75
2.48508e-76
4.62698e-77
8.09746e-78
1.06621e-78
0.258897
0.062408
0.0139576
0.00288529
0.000559429
0.000103211
1.83207e-05
3.15419e-06
5.29917e-07
8.74376e-08
1.42239e-08
2.28183e-09
3.61499e-10
5.66807e-11
8.81128e-12
1.36008e-12
2.08629e-13
3.19309e-14
4.84115e-15
7.48844e-16
1.13032e-16
1.70228e-17
2.55896e-18
3.84122e-19
5.75958e-20
8.62894e-21
1.29206e-21
1.93405e-22
2.89468e-23
4.33272e-24
6.48663e-25
9.7149e-26
1.45571e-26
2.1826e-27
3.27478e-28
4.91744e-29
7.39058e-30
1.11191e-30
1.67456e-31
2.52461e-32
3.81042e-33
5.75783e-34
8.71091e-35
1.31948e-35
2.00124e-36
3.0388e-37
4.6252e-38
7.04451e-39
1.07529e-39
1.6494e-40
2.54315e-41
3.94147e-42
6.14007e-43
9.6142e-44
1.51311e-44
2.39354e-45
3.80373e-46
6.07484e-47
9.75414e-48
1.57445e-48
2.55419e-49
4.1645e-50
6.82421e-51
1.12388e-51
1.86019e-52
3.09431e-53
5.17294e-54
8.69105e-55
1.46746e-55
2.49007e-56
4.24624e-57
7.27681e-58
1.25318e-58
2.16875e-59
3.77156e-60
6.59085e-61
1.15732e-61
2.04188e-62
3.61903e-63
6.44165e-64
1.1511e-64
2.05926e-65
3.79179e-66
6.87189e-67
1.24977e-67
2.28634e-68
4.19973e-69
7.74558e-70
1.43412e-70
2.66595e-71
4.96572e-72
9.28398e-73
1.74264e-73
3.27911e-74
6.18439e-75
1.16789e-75
2.20154e-76
4.09333e-77
7.15532e-78
9.41329e-79
0.258911
0.0624192
0.0139629
0.00288716
0.000559975
0.000103352
1.83537e-05
3.16144e-06
5.31422e-07
8.77358e-08
1.42802e-08
2.29225e-09
3.63395e-10
5.70218e-11
8.87199e-12
1.37053e-12
2.10433e-13
3.22381e-14
4.89327e-15
7.57282e-16
1.14433e-16
1.72528e-17
2.59642e-18
3.90174e-19
5.85672e-20
8.78393e-21
1.31666e-21
1.9729e-22
2.95579e-23
4.42852e-24
6.63624e-25
9.94764e-26
1.49179e-26
2.23838e-27
3.36078e-28
5.04972e-29
7.5936e-30
1.14291e-30
1.72182e-31
2.59655e-32
3.91976e-33
5.92375e-34
8.96229e-35
1.35758e-35
2.05889e-36
3.1261e-37
4.756e-38
7.2421e-39
1.10495e-39
1.69379e-40
2.60927e-41
4.0394e-42
6.28412e-43
9.82437e-44
1.54333e-44
2.43562e-45
3.86126e-46
6.15086e-47
9.85222e-48
1.58574e-48
2.56465e-49
4.16797e-50
6.80643e-51
1.1169e-51
1.84164e-52
3.05139e-53
5.0803e-54
8.49926e-55
1.42881e-55
2.41362e-56
4.09699e-57
6.98817e-58
1.19774e-58
2.0628e-59
3.56982e-60
6.20761e-61
1.08464e-61
1.90429e-62
3.35965e-63
5.9564e-64
1.06043e-64
1.89382e-65
3.39395e-66
6.19243e-67
1.12333e-67
2.04681e-68
3.74523e-69
6.8817e-70
1.26964e-70
2.35221e-71
4.36759e-72
8.14185e-73
1.5241e-73
2.86082e-74
5.38365e-75
1.01471e-75
1.9096e-76
3.54566e-77
6.19123e-78
8.13851e-79
0.258929
0.0624335
0.0139696
0.00288953
0.000560663
0.000103529
1.8395e-05
3.17049e-06
5.33301e-07
8.81036e-08
1.43499e-08
2.30513e-09
3.65741e-10
5.74414e-11
8.94488e-12
1.38335e-12
2.12683e-13
3.25328e-14
4.95616e-15
7.67677e-16
1.16161e-16
1.75362e-17
2.64236e-18
3.97552e-19
5.97432e-20
8.97023e-21
1.34602e-21
2.01896e-22
3.02779e-23
4.54152e-24
6.8121e-25
1.02207e-25
1.5341e-26
2.3038e-27
3.46175e-28
5.20527e-29
7.83282e-30
1.17963e-30
1.7781e-31
2.68264e-32
4.05098e-33
6.12364e-34
9.26717e-35
1.40404e-35
2.1296e-36
3.23364e-37
4.91865e-38
7.48911e-39
1.14229e-39
1.75002e-40
2.69358e-41
4.16515e-42
6.47074e-43
1.00985e-43
1.58279e-44
2.49109e-45
3.94123e-46
6.26489e-47
1.00042e-47
1.6049e-48
2.5865e-49
4.18769e-50
6.81146e-51
1.11304e-51
1.82723e-52
3.01363e-53
4.99351e-54
8.31281e-55
1.39034e-55
2.33631e-56
3.94443e-57
6.69091e-58
1.14036e-58
1.95278e-59
3.35993e-60
5.80864e-61
1.00899e-61
1.76102e-62
3.08827e-63
5.44182e-64
9.64051e-65
1.7106e-65
3.11377e-66
5.5813e-67
1.0062e-67
1.82243e-68
3.31577e-69
6.05952e-70
1.11219e-70
2.05046e-71
3.79008e-72
7.03569e-73
1.31191e-73
2.45386e-74
4.60321e-75
8.64779e-76
1.62264e-76
3.00684e-77
5.24207e-78
6.88327e-79
0.258952
0.0624517
0.0139782
0.00289252
0.000561531
0.000103751
1.8447e-05
3.18186e-06
5.35655e-07
8.85596e-08
1.44363e-08
2.32111e-09
3.68648e-10
5.79612e-11
9.03686e-12
1.39909e-12
2.15437e-13
3.30045e-14
5.03536e-15
7.80247e-16
1.18241e-16
1.78772e-17
2.6978e-18
4.06505e-19
6.11798e-20
9.19949e-21
1.38239e-21
2.07639e-22
3.11809e-23
4.68123e-24
7.02877e-25
1.0556e-25
1.58589e-26
2.38365e-27
3.58462e-28
5.394e-29
8.12221e-30
1.22394e-30
1.84581e-31
2.78597e-32
4.20773e-33
6.36374e-34
9.63421e-35
1.45999e-35
2.21483e-36
3.36335e-37
5.11475e-38
7.78648e-39
1.18712e-39
1.81737e-40
2.79427e-41
4.31486e-42
6.69138e-43
1.04206e-43
1.63011e-44
2.5593e-45
4.03502e-46
6.3933e-47
1.01735e-47
1.62588e-48
2.60964e-49
4.20682e-50
6.81107e-51
1.10757e-51
1.80897e-52
2.9676e-53
4.88991e-54
8.0934e-55
1.34557e-55
2.24717e-56
3.76997e-57
6.35359e-58
1.07571e-58
1.82969e-59
3.12666e-60
5.36805e-61
9.25965e-62
1.60483e-62
2.79464e-63
4.88981e-64
8.59668e-65
1.51708e-65
2.69232e-66
4.80849e-67
8.61007e-68
1.551e-68
2.80714e-69
5.10401e-70
9.32267e-71
1.71081e-71
3.14874e-72
5.8219e-73
1.08157e-73
2.01631e-74
3.77123e-75
7.06055e-76
1.31989e-76
2.44222e-77
4.25301e-78
5.58003e-79
0.258982
0.0624753
0.0139892
0.00289635
0.000562639
0.000104033
1.85129e-05
3.19623e-06
5.38624e-07
8.91435e-08
1.45461e-08
2.3413e-09
3.72302e-10
5.86124e-11
9.15101e-12
1.41878e-12
2.18671e-13
3.36233e-14
5.12567e-15
7.94512e-16
1.20576e-16
1.82572e-17
2.75935e-18
4.1642e-19
6.27691e-20
9.45284e-21
1.42222e-21
2.13918e-22
3.21681e-23
4.8369e-24
7.27335e-25
1.09391e-25
1.64571e-26
2.47682e-27
3.7294e-28
5.61846e-29
8.46949e-30
1.27757e-30
1.92851e-31
2.91335e-32
4.40592e-33
6.66859e-34
1.0102e-34
1.53164e-35
2.32438e-36
3.53061e-37
5.36877e-38
8.17309e-39
1.24573e-39
1.90594e-40
2.92762e-41
4.51475e-42
6.98978e-43
1.08642e-43
1.69481e-44
2.65523e-45
4.17158e-46
6.58617e-47
1.04398e-47
1.66142e-48
2.65466e-49
4.25876e-50
6.85983e-51
1.10945e-51
1.8017e-52
2.93798e-53
4.81084e-54
7.91067e-55
1.3063e-55
2.16636e-56
3.6082e-57
6.03594e-58
1.01418e-58
1.71167e-59
2.90191e-60
4.94228e-61
8.45616e-62
1.4536e-62
2.51051e-63
4.35655e-64
7.59544e-65
1.32783e-65
2.37297e-66
4.19316e-67
7.45667e-68
1.33242e-68
2.39247e-69
4.31703e-70
7.82783e-71
1.42653e-71
2.60853e-72
4.79391e-73
8.85559e-74
1.64239e-74
3.05788e-75
5.72285e-76
1.06836e-76
1.97041e-77
3.42237e-78
4.48187e-79
0.259021
0.0625062
0.0140036
0.00290132
0.00056407
0.000104397
1.85979e-05
3.21467e-06
5.42421e-07
8.98926e-08
1.46861e-08
2.36693e-09
3.76928e-10
5.94345e-11
9.295e-12
1.44374e-12
2.22949e-13
3.42888e-14
5.23842e-15
8.12671e-16
1.23581e-16
1.87506e-17
2.83973e-18
4.29427e-19
6.4861e-20
9.78766e-21
1.47638e-21
2.22585e-22
3.3547e-23
5.05523e-24
7.61753e-25
1.14796e-25
1.73031e-26
2.60882e-27
3.93471e-28
5.93672e-29
8.96172e-30
1.35355e-30
2.04558e-31
3.09343e-32
4.6813e-33
7.08937e-34
1.07443e-34
1.62967e-35
2.47375e-36
3.75808e-37
5.71408e-38
8.69801e-39
1.3253e-39
2.02627e-40
3.10902e-41
4.78735e-42
7.39795e-43
1.14727e-43
1.78459e-44
2.78445e-45
4.35977e-46
6.85796e-47
1.08262e-47
1.71523e-48
2.72732e-49
4.35243e-50
6.97142e-51
1.12077e-51
1.80858e-52
2.92953e-53
4.76339e-54
7.77524e-55
1.27413e-55
2.09622e-56
3.46267e-57
5.74331e-58
9.56574e-59
1.59996e-59
2.68762e-60
4.53446e-61
7.68452e-62
1.3082e-62
2.23734e-63
3.84411e-64
6.61828e-65
1.17137e-65
2.04449e-66
3.58204e-67
6.31511e-68
1.11768e-68
1.98835e-69
3.55567e-70
6.3916e-71
1.15514e-71
2.09586e-72
3.82359e-73
7.0146e-74
1.29275e-74
2.39305e-75
4.44605e-76
8.26568e-77
1.51945e-77
2.63248e-78
3.4416e-79
0.259075
0.0625477
0.0140227
0.00290791
0.000565954
0.000104873
1.87086e-05
3.23888e-06
5.47416e-07
9.08454e-08
1.4866e-08
2.40005e-09
3.82922e-10
6.05006e-11
9.48167e-12
1.47593e-12
2.28376e-13
3.52083e-14
5.39161e-15
8.37342e-16
1.27645e-16
1.94131e-17
2.94683e-18
4.46624e-19
6.76065e-20
1.02238e-20
1.54494e-21
2.33335e-22
3.52281e-23
5.31748e-24
8.02577e-25
1.21138e-25
1.82867e-26
2.7611e-27
4.17027e-28
6.3013e-29
9.52574e-30
1.44075e-30
2.18029e-31
3.30132e-32
5.00173e-33
7.58261e-34
1.15026e-34
1.74597e-35
2.65197e-36
4.03079e-37
6.13037e-38
9.33309e-39
1.42189e-39
2.17267e-40
3.33009e-41
5.11963e-42
7.89431e-43
1.22077e-43
1.89362e-44
2.9465e-45
4.60099e-46
7.20659e-47
1.13231e-47
1.78471e-48
2.82192e-49
4.47622e-50
7.12329e-51
1.13728e-51
1.82177e-52
2.92802e-53
4.72207e-54
7.64174e-55
1.24102e-55
2.02266e-56
3.30865e-57
5.43249e-58
8.95367e-59
1.48148e-59
2.46106e-60
4.1051e-61
6.87616e-62
1.15674e-62
1.95453e-63
3.31754e-64
5.6564e-65
9.67688e-66
1.69251e-66
2.94455e-67
5.12172e-68
8.95516e-69
1.57425e-69
2.78266e-70
4.94619e-71
8.84311e-72
1.58824e-72
2.86988e-73
5.2177e-74
9.53674e-75
1.7523e-75
3.24232e-76
6.02702e-77
1.10843e-77
1.92214e-78
2.51553e-79
0.259151
0.0626052
0.014049
0.00291687
0.000568496
0.00010551
1.88515e-05
3.26907e-06
5.53503e-07
9.20212e-08
1.50828e-08
2.43923e-09
3.89908e-10
6.17283e-11
9.69435e-12
1.51235e-12
2.34595e-13
3.6247e-14
5.56615e-15
8.65269e-16
1.32245e-16
2.01645e-17
3.06868e-18
4.66257e-19
7.07522e-20
1.07252e-20
1.62452e-21
2.4591e-22
3.72081e-23
5.62823e-24
8.51203e-25
1.28727e-25
1.94682e-26
2.94464e-27
4.45476e-28
6.74105e-29
1.02039e-29
1.54511e-30
2.34059e-31
3.54714e-32
5.37813e-33
8.15823e-34
1.23817e-34
1.88016e-35
2.85657e-36
4.34248e-37
6.60478e-38
1.00545e-38
1.53139e-39
2.33849e-40
3.58052e-41
5.4968e-42
8.46113e-43
1.30588e-43
2.02086e-44
3.1357e-45
4.87875e-46
7.61143e-47
1.19074e-47
1.86799e-48
2.93865e-49
4.63614e-50
7.33526e-51
1.16398e-51
1.85253e-52
2.95735e-53
4.73568e-54
7.60735e-55
1.22599e-55
1.98234e-56
3.21622e-57
5.23635e-58
8.55602e-59
1.40321e-59
2.31012e-60
3.81822e-61
6.33668e-62
1.05609e-62
1.76783e-63
2.97256e-64
5.01052e-65
8.64152e-66
1.47465e-66
2.53012e-67
4.3638e-68
7.57086e-69
1.32102e-69
2.31893e-70
4.0959e-71
7.28139e-72
1.30148e-72
2.34227e-73
4.24452e-74
7.73967e-75
1.41987e-75
2.61067e-76
4.81127e-77
8.78481e-78
1.5148e-78
1.97608e-79
0.259263
0.0626893
0.0140866
0.00292949
0.000572019
0.000106379
1.90521e-05
3.31175e-06
5.62158e-07
9.37205e-08
1.53964e-08
2.49585e-09
3.99973e-10
6.34905e-11
9.998e-12
1.56468e-12
2.436e-13
3.77663e-14
5.82367e-15
9.06797e-16
1.38993e-16
2.12541e-17
3.24348e-18
4.94134e-19
7.5175e-20
1.14237e-20
1.73436e-21
2.63119e-22
3.98951e-23
6.04645e-24
9.16113e-25
1.38775e-25
2.10197e-26
3.18367e-27
4.82222e-28
7.30482e-29
1.10672e-29
1.67706e-30
2.54191e-31
3.85379e-32
5.84444e-33
8.86617e-34
1.34548e-34
2.04256e-35
3.10195e-36
4.71266e-37
7.16264e-38
1.08903e-38
1.65657e-39
2.52629e-40
3.86096e-41
5.91106e-42
9.06919e-43
1.39447e-43
2.14875e-44
3.31844e-45
5.13609e-46
7.96692e-47
1.23856e-47
1.92988e-48
3.01396e-49
4.71799e-50
7.40296e-51
1.1644e-51
1.836e-52
2.90225e-53
4.59962e-54
7.30903e-55
1.16462e-55
1.86092e-56
2.98217e-57
4.79337e-58
7.72859e-59
1.25016e-59
2.02903e-60
3.30471e-61
5.4022e-62
8.86486e-63
1.46055e-63
2.41654e-64
4.01568e-65
6.69066e-66
1.13525e-66
1.91191e-67
3.24405e-68
5.53756e-69
9.50874e-70
1.64311e-70
2.85812e-71
5.00656e-72
8.82588e-73
1.56786e-73
2.80706e-74
5.06297e-75
9.19912e-76
1.68223e-76
3.06941e-77
5.58168e-78
9.61105e-79
1.25383e-79
0.259447
0.0628193
0.014142
0.00294725
0.000576821
0.000107539
1.93059e-05
3.36561e-06
5.73083e-07
9.58205e-08
1.57729e-08
2.56135e-09
4.11282e-10
6.54198e-11
1.03058e-11
1.63502e-12
2.57854e-13
3.99341e-14
6.15014e-15
9.54481e-16
1.4635e-16
2.23856e-17
3.41708e-18
5.20696e-19
7.92271e-20
1.20399e-20
1.82777e-21
2.77232e-22
4.202e-23
6.36529e-24
9.63782e-25
1.45876e-25
2.20733e-26
3.33939e-27
5.05138e-28
7.64051e-29
1.15565e-29
1.748e-30
2.64415e-31
4.00012e-32
6.05224e-33
9.15857e-34
1.38617e-34
2.09843e-35
3.17736e-36
4.81218e-37
7.28999e-38
1.10463e-38
1.67429e-39
2.54184e-40
3.86522e-41
5.88717e-42
8.9815e-43
1.37247e-43
2.10027e-44
3.2263e-45
4.95471e-46
7.6221e-47
1.17465e-47
1.81347e-48
2.80474e-49
4.34583e-50
6.74631e-51
1.04929e-51
1.63522e-52
2.5535e-53
3.99577e-54
6.26613e-55
9.84837e-56
1.55142e-56
2.44984e-57
3.87819e-58
6.15536e-59
9.79633e-60
1.56357e-60
2.50312e-61
4.02003e-62
6.47797e-63
1.04761e-63
1.70064e-64
2.77174e-65
4.5296e-66
7.59167e-67
1.25445e-67
2.10911e-68
3.5765e-69
6.00831e-70
1.01616e-70
1.73103e-71
2.97159e-72
5.14347e-73
8.97303e-74
1.58048e-74
2.80921e-75
5.03893e-76
9.11462e-77
1.65706e-77
2.99179e-78
5.11917e-79
6.6547e-80
0.259629
0.062927
0.0141836
0.00295995
0.000580108
0.000108305
1.94694e-05
3.40374e-06
5.80636e-07
9.70959e-08
1.59714e-08
2.59158e-09
4.15759e-10
6.60626e-11
1.04116e-11
1.62964e-12
2.53596e-13
3.92392e-14
6.06533e-15
9.3768e-16
1.43446e-16
2.18835e-17
3.33048e-18
5.05825e-19
7.66877e-20
1.16089e-20
1.75507e-21
2.65044e-22
3.99885e-23
6.02852e-24
9.0824e-25
1.36759e-25
2.05835e-26
3.09691e-27
4.65821e-28
7.00519e-29
1.05331e-29
1.58364e-30
2.38087e-31
3.57942e-32
5.38151e-33
8.09141e-34
1.2167e-34
1.82977e-35
2.75214e-36
4.14012e-37
6.2292e-38
9.37411e-39
1.41091e-39
2.12601e-40
3.20727e-41
4.84411e-42
7.32496e-43
1.10896e-43
1.68093e-44
2.55111e-45
3.87656e-46
5.89666e-47
9.00041e-48
1.37288e-48
2.09693e-49
3.20723e-50
4.91242e-51
7.53505e-52
1.1575e-52
1.78081e-53
2.7441e-54
4.23539e-55
6.54824e-56
1.0142e-56
1.57372e-57
2.44663e-58
3.81148e-59
5.95045e-60
9.31086e-61
1.46041e-61
2.29652e-62
3.62121e-63
5.7268e-64
9.08512e-65
1.4441e-65
2.30701e-66
3.70154e-67
5.98464e-68
9.69924e-69
1.58071e-69
2.59126e-70
4.27454e-71
7.09705e-72
1.18691e-72
2.00121e-73
3.40483e-74
5.85183e-75
1.01566e-75
1.78411e-76
3.17128e-77
5.87209e-78
1.0468e-78
1.77192e-79
2.2891e-80
0.257418
0.061835
0.013816
0.00285903
0.000555655
0.000103062
1.83775e-05
3.17609e-06
5.35315e-07
8.83976e-08
1.43527e-08
2.29777e-09
3.63524e-10
5.69389e-11
8.84331e-12
1.3637e-12
2.09022e-13
3.18707e-14
4.83849e-15
7.31839e-16
1.1033e-16
1.65863e-17
2.48755e-18
3.7232e-19
5.56315e-20
8.30055e-21
1.23702e-21
1.84174e-22
2.7399e-23
4.07352e-24
6.05335e-25
8.99216e-26
1.33544e-26
1.98295e-27
2.9442e-28
4.37139e-29
6.49072e-30
9.63855e-31
1.43151e-31
2.12645e-32
3.15944e-33
4.69534e-34
6.97968e-35
1.03782e-35
1.54359e-36
2.29653e-37
3.41774e-38
5.08789e-39
7.57591e-40
1.12898e-40
1.68379e-41
2.51333e-42
3.75463e-43
5.61366e-44
8.40012e-45
1.25802e-45
1.88564e-46
2.82876e-47
4.24746e-48
6.38321e-49
9.60124e-50
1.44517e-50
2.18091e-51
3.28914e-52
4.96517e-53
7.50245e-54
1.13475e-54
1.71806e-55
2.60393e-56
3.95086e-57
6.00127e-58
9.1265e-59
1.38963e-59
2.11865e-60
3.23453e-61
4.94535e-62
7.57281e-63
1.16156e-63
1.7849e-64
2.7481e-65
4.23988e-66
6.82158e-67
1.05556e-67
1.64743e-68
2.56705e-69
4.01588e-70
6.30981e-71
9.97423e-72
1.59151e-72
2.56685e-73
4.19121e-74
6.94099e-75
1.16801e-75
2.00398e-76
3.50806e-77
6.25816e-78
1.13685e-78
2.07296e-79
3.58841e-80
4.67546e-81
0.220487
0.0492531
0.0104184
0.00206463
0.000385771
6.86821e-05
1.17619e-05
1.95251e-06
3.16103e-07
5.01466e-08
7.82424e-09
1.20423e-09
1.8326e-10
2.7628e-11
4.13281e-12
6.14234e-13
9.08015e-14
1.33643e-14
1.95964e-15
2.86835e-16
4.1841e-17
6.09243e-18
8.85909e-19
1.28696e-19
1.86836e-20
2.71147e-21
3.93464e-22
5.71021e-23
8.2895e-24
1.20393e-24
1.74955e-25
2.5442e-26
3.70269e-27
5.39329e-28
7.86292e-29
1.14743e-29
1.67608e-30
2.45073e-31
3.587e-32
5.25539e-33
7.70745e-34
1.13147e-34
1.66263e-35
2.44545e-36
3.60012e-37
5.30478e-38
7.82368e-39
1.15486e-39
1.70611e-40
2.52258e-41
3.73292e-42
5.52865e-43
8.19519e-44
1.21582e-44
1.80531e-45
2.68289e-46
3.99051e-47
5.94051e-48
8.85105e-49
1.3199e-49
1.96998e-50
2.94276e-51
4.40044e-52
6.58585e-53
9.86522e-54
1.47906e-54
2.21952e-55
3.33375e-56
5.01209e-57
7.54272e-58
1.13626e-58
1.71348e-59
2.58678e-60
3.90966e-61
5.91626e-62
8.96429e-63
1.36014e-63
2.06679e-64
3.14564e-65
4.79607e-66
7.32709e-67
1.12708e-67
1.74056e-68
2.68858e-69
4.16313e-70
6.46542e-71
1.0077e-71
1.57773e-72
2.48493e-73
3.94367e-74
6.31912e-75
1.02481e-75
1.68725e-76
2.83153e-77
4.86683e-78
8.57832e-79
1.61163e-79
3.03318e-80
5.32353e-81
5.96708e-82
)
;

boundaryField
{
    fuel
    {
        type            fixedValue;
        value           uniform 1;
    }
    air
    {
        type            fixedValue;
        value           uniform 0;
    }
    outlet
    {
        type            inletOutlet;
        inletValue      uniform 0;
        value           uniform 0;
    }
    frontAndBack
    {
        type            empty;
    }
}


// ************************************************************************* //
