/*--------------------------------*- C++ -*----------------------------------*\
| =========                 |                                                 |
| \\      /  F ield         | OpenFOAM: The Open Source CFD Toolbox           |
|  \\    /   O peration     | Version:  2406                                  |
|   \\  /    A nd           | Website:  www.openfoam.com                      |
|    \\/     M anipulation  |                                                 |
\*---------------------------------------------------------------------------*/
FoamFile
{
    version     2.0;
    format      ascii;
    arch        "LSB;label=32;scalar=64";
    class       volScalarField;
    location    "6.4416e-05";
    object      O2;
}
// * * * * * * * * * * * * * * * * * * * * * * * * * * * * * * * * * * * * * //

dimensions      [0 0 0 0 0 0 0];

internalField   nonuniform List<scalar> 
4000
(
3.32013e-82
2.54351e-81
1.49838e-80
8.55986e-80
4.98922e-79
2.98332e-78
1.82173e-77
1.13058e-76
7.10454e-76
4.50805e-75
2.88269e-74
1.85486e-73
1.19961e-72
7.79127e-72
5.07821e-71
3.31972e-70
2.1757e-69
1.42927e-68
9.40853e-68
6.19814e-67
4.09093e-66
2.70664e-65
1.79307e-64
1.18863e-63
7.89455e-63
5.24892e-62
3.49366e-61
2.32774e-60
1.55243e-59
1.03631e-58
6.924e-58
4.63013e-57
3.09875e-56
2.07551e-55
1.39122e-54
9.33224e-54
6.26453e-53
4.20817e-52
2.82872e-51
1.90269e-50
1.28063e-49
8.62468e-49
5.81192e-48
3.91872e-47
2.64367e-46
1.78439e-45
1.20494e-44
8.13995e-44
5.50111e-43
3.7191e-42
2.51527e-41
1.7017e-40
1.15168e-39
7.79702e-39
5.28034e-38
3.57706e-37
2.42389e-36
1.64291e-35
1.11381e-34
7.55265e-34
5.1222e-33
3.47429e-32
2.35673e-31
1.5988e-30
1.08458e-29
7.35676e-29
4.9893e-28
3.38285e-27
2.29285e-26
1.55336e-25
1.05177e-24
7.11651e-24
4.81108e-23
3.2492e-22
2.19172e-21
1.4763e-20
9.92753e-20
6.66291e-19
4.46177e-18
2.97999e-17
1.9843e-16
1.31669e-15
8.68039e-15
5.7109e-14
3.73635e-13
2.42925e-12
1.56788e-11
1.00332e-10
6.3565e-10
3.97992e-09
2.45738e-08
1.49231e-07
8.88427e-07
5.16431e-06
2.91675e-05
0.000159133
0.000800564
0.0038836
0.0174617
0.0695824
1.36643e-81
1.01449e-80
6.01154e-80
3.42979e-79
1.97204e-78
1.15346e-77
6.8556e-77
4.13932e-76
2.53552e-75
1.57126e-74
9.83512e-74
6.20593e-73
3.94303e-72
2.52022e-71
1.61918e-70
1.04383e-69
6.74837e-69
4.37363e-68
2.84102e-67
1.84909e-66
1.20613e-65
7.88052e-65
5.15675e-64
3.37917e-63
2.21726e-62
1.45664e-61
9.5805e-61
6.308e-60
4.15757e-59
2.7429e-58
1.81126e-57
1.19712e-56
7.91894e-56
5.24265e-55
3.4736e-54
2.30326e-53
1.52837e-52
1.01492e-51
6.74436e-51
4.48488e-50
2.98439e-49
1.98723e-48
1.32411e-47
8.82832e-47
5.88987e-46
3.93191e-45
2.62645e-44
1.75551e-43
1.17409e-42
7.85268e-42
5.25266e-41
3.51387e-40
2.35089e-39
1.57296e-38
1.05252e-37
7.04326e-37
4.71339e-36
3.1543e-35
2.11092e-34
1.41269e-33
9.45361e-33
6.32571e-32
4.22551e-31
2.82694e-30
1.89048e-29
1.26387e-28
8.44651e-28
5.64245e-27
3.76735e-26
2.51386e-25
1.67624e-24
1.11677e-23
7.43313e-23
4.9418e-22
3.28117e-21
2.17527e-20
1.43959e-19
9.50802e-19
6.26521e-18
4.11742e-17
2.69764e-16
1.75805e-15
1.14299e-14
7.35804e-14
4.73708e-13
3.02866e-12
1.92225e-11
1.20953e-10
7.53352e-10
4.63624e-09
2.81284e-08
1.67772e-07
9.8025e-07
5.58423e-06
3.08203e-05
0.000163419
0.000825935
0.00392537
0.017193
0.0685038
6.04778e-81
4.43539e-80
2.59828e-79
1.4625e-78
8.22741e-78
4.67041e-77
2.67998e-76
1.55473e-75
9.10241e-75
5.37579e-74
3.25443e-73
1.98461e-72
1.21776e-71
7.51328e-71
4.65822e-70
2.90189e-69
1.81598e-68
1.13947e-67
7.18801e-67
4.483e-66
2.84669e-65
1.81122e-64
1.15537e-63
7.3878e-63
4.73466e-62
3.04075e-61
1.95675e-60
1.26156e-59
8.14809e-59
5.27158e-58
3.41609e-57
2.21713e-56
1.44113e-55
9.38072e-55
6.11466e-54
3.9911e-53
2.60843e-52
1.70693e-51
1.11839e-50
7.33657e-50
4.81847e-49
3.16833e-48
2.08568e-47
1.37454e-46
9.06876e-46
5.98989e-45
3.96064e-44
2.62172e-43
1.73716e-42
1.15108e-41
7.62847e-41
5.05626e-40
3.35181e-39
2.22219e-38
1.47343e-37
9.77046e-37
6.4796e-36
4.29739e-35
2.84447e-34
1.88691e-33
1.25137e-32
8.29833e-32
5.50244e-31
3.64819e-30
2.41835e-29
1.60273e-28
1.06186e-27
7.03264e-27
4.65557e-26
3.08029e-25
2.03671e-24
1.34566e-23
8.8828e-23
5.8574e-22
3.85766e-21
2.53698e-20
1.66565e-19
1.09147e-18
7.13606e-18
4.65346e-17
3.0254e-16
1.94272e-15
1.25438e-14
8.02781e-14
5.12788e-13
3.25411e-12
2.05006e-11
1.28037e-10
7.91596e-10
4.83582e-09
2.91226e-08
1.72389e-07
9.99198e-07
5.64628e-06
3.10228e-05
0.000164084
0.000826621
0.00391104
0.0170873
0.0682421
1.23595e-80
9.11678e-80
5.37688e-79
3.04273e-78
1.71842e-77
9.77665e-77
5.61426e-76
3.23464e-75
1.8916e-74
1.11646e-73
6.5279e-73
3.87329e-72
2.3141e-71
1.39137e-70
8.41499e-70
5.05071e-69
3.05363e-68
1.87643e-67
1.1566e-66
7.13373e-66
4.43786e-65
2.76691e-64
1.73077e-63
1.08601e-62
6.83447e-62
4.31306e-61
2.72908e-60
1.73118e-59
1.10082e-58
7.01604e-58
4.48161e-57
2.86884e-56
1.84025e-55
1.18282e-54
7.61739e-54
4.91491e-53
3.17708e-52
2.05744e-51
1.33473e-50
8.67392e-50
5.64653e-49
3.68197e-48
2.40493e-47
1.57341e-46
1.03108e-45
6.76786e-45
4.44954e-44
2.93012e-43
1.93227e-42
1.27439e-41
8.40745e-41
5.54815e-40
3.66226e-39
2.41804e-38
1.59692e-37
1.05277e-36
6.95702e-36
4.59719e-35
3.03834e-34
2.0085e-33
1.3279e-32
8.78016e-32
5.80591e-31
3.8393e-30
2.53879e-29
1.6787e-28
1.10985e-27
7.33622e-27
4.84799e-26
3.20254e-25
2.11458e-24
1.39541e-23
9.20176e-23
6.06263e-22
3.99023e-21
2.62298e-20
1.72169e-19
1.12814e-18
7.37727e-18
4.81286e-17
3.13127e-16
2.03075e-15
1.29311e-14
8.30958e-14
5.22968e-13
3.26753e-12
2.06058e-11
1.28533e-10
7.93457e-10
4.8383e-09
2.90711e-08
1.71716e-07
9.96001e-07
5.63851e-06
3.09697e-05
0.000163741
0.000824628
0.00390106
0.0170521
0.0681726
2.25774e-80
1.648e-79
9.57598e-79
5.32524e-78
2.94884e-77
1.64146e-76
9.20426e-76
5.2273e-75
2.97704e-74
1.70813e-73
9.94339e-73
5.78709e-72
3.39016e-71
1.99846e-70
1.18507e-69
7.05053e-69
4.22917e-68
2.54024e-67
1.53855e-66
9.25767e-66
5.65012e-65
3.46442e-64
2.13229e-63
1.31719e-62
8.1653e-62
5.07865e-61
3.16898e-60
1.98351e-59
1.2452e-58
7.83964e-58
4.9495e-57
3.13329e-56
1.98875e-55
1.26553e-54
8.07323e-54
5.16281e-53
3.30952e-52
2.1265e-51
1.36953e-50
8.84037e-50
5.71936e-49
3.70845e-48
2.40988e-47
1.56947e-46
1.02436e-45
6.70038e-45
4.39225e-44
2.88547e-43
1.89909e-42
1.24967e-41
8.22732e-41
5.421e-40
3.57324e-39
2.35625e-38
1.55437e-37
1.02577e-36
6.77219e-36
4.47256e-35
2.95477e-34
1.95262e-33
1.29071e-32
8.53369e-32
5.64321e-31
3.7323e-30
2.46868e-29
1.63292e-28
1.08005e-27
7.14276e-27
4.72275e-26
3.12164e-25
2.06242e-24
1.36182e-23
8.98552e-23
5.92336e-22
3.90039e-21
2.56484e-20
1.68389e-19
1.10341e-18
7.21405e-18
4.70403e-17
3.05782e-16
1.98049e-15
1.25466e-14
8.06024e-14
5.14127e-13
3.25964e-12
2.05189e-11
1.27989e-10
7.89806e-10
4.81142e-09
2.88841e-08
1.7083e-07
9.91625e-07
5.61625e-06
3.08574e-05
0.000163211
0.000822376
0.00389285
0.0170297
0.0681356
3.42609e-80
2.49427e-79
1.44328e-78
7.98229e-78
4.39064e-77
2.42502e-76
1.34793e-75
7.52182e-75
4.22582e-74
2.39078e-73
1.36197e-72
7.80261e-72
4.49844e-71
2.60917e-70
1.52217e-69
8.92981e-69
5.26614e-68
3.13367e-67
1.86848e-66
1.10536e-65
6.68574e-65
4.0414e-64
2.45312e-63
1.49518e-62
9.14933e-62
5.62018e-61
3.46514e-60
2.14413e-59
1.33136e-58
8.2949e-58
5.18512e-57
3.25165e-56
2.04556e-55
1.2908e-54
8.16979e-54
5.18621e-53
3.30181e-52
2.10814e-51
1.34982e-50
8.66689e-50
5.58024e-49
3.60274e-48
2.33235e-47
1.51402e-46
9.85454e-46
6.43144e-45
4.20867e-44
2.76056e-43
1.81524e-42
1.19412e-41
7.85988e-41
5.17658e-40
3.41128e-39
2.24922e-38
1.48382e-37
9.79391e-37
6.46764e-36
4.27306e-35
2.82441e-34
1.86766e-33
1.23548e-32
8.17563e-32
5.41175e-31
3.58311e-30
2.37281e-29
1.57151e-28
1.04085e-27
6.89349e-27
4.56483e-26
3.02201e-25
1.99985e-24
1.32272e-23
8.74239e-23
5.7731e-22
3.80814e-21
2.50864e-20
1.64995e-19
1.08312e-18
7.09432e-18
4.63447e-17
3.01822e-16
1.92032e-15
1.2411e-14
7.97387e-14
5.09447e-13
3.23402e-12
2.03712e-11
1.27138e-10
7.84847e-10
4.78197e-09
2.87105e-08
1.69877e-07
9.86689e-07
5.59162e-06
3.07409e-05
0.000162703
0.000820381
0.00388648
0.0170144
0.0681126
4.36933e-80
3.16993e-79
1.82443e-78
1.00219e-77
5.46798e-77
2.99194e-76
1.64566e-75
9.13854e-75
5.11219e-74
2.87808e-73
1.63065e-72
9.28627e-72
5.3198e-71
3.06491e-70
1.77561e-69
1.03425e-68
6.05634e-68
3.55251e-67
2.10187e-66
1.23069e-65
7.35161e-65
4.40305e-64
2.64868e-63
1.60022e-62
9.70844e-62
5.9142e-61
3.61714e-60
2.22084e-59
1.36871e-58
8.46667e-58
5.25641e-57
3.275e-56
2.04762e-55
1.28464e-54
8.08691e-54
5.10779e-53
3.23678e-52
2.0578e-51
1.31245e-50
8.39731e-50
5.3897e-49
3.47014e-48
2.2412e-47
1.45199e-46
9.43613e-46
6.15137e-45
4.02251e-44
2.63759e-43
1.73436e-42
1.14102e-41
7.5118e-41
4.94877e-40
3.26252e-39
2.15238e-38
1.42106e-37
9.38867e-37
6.20667e-36
4.10422e-35
2.71536e-34
1.79738e-33
1.1903e-32
7.8859e-32
5.22644e-31
3.46493e-30
2.29767e-29
1.52388e-28
1.01077e-27
6.70419e-27
4.44618e-26
2.94796e-25
1.95384e-24
1.29427e-23
8.56747e-23
5.66616e-22
3.74318e-21
2.46946e-20
1.62651e-19
1.06921e-18
7.01258e-18
4.58692e-17
2.99086e-16
1.94318e-15
1.23341e-14
7.89661e-14
5.05502e-13
3.21176e-12
2.0244e-11
1.26413e-10
7.80676e-10
4.75746e-09
2.85658e-08
1.69067e-07
9.82501e-07
5.57089e-06
3.06437e-05
0.00016228
0.000818802
0.0038816
0.0170032
0.0680966
5.68163e-80
4.12155e-79
2.3706e-78
1.3005e-77
7.08112e-77
3.86413e-76
2.11836e-75
1.16988e-74
6.48145e-74
3.61181e-73
2.02014e-72
1.13738e-71
6.43917e-71
3.66509e-70
2.09719e-69
1.20631e-68
6.96245e-68
4.05084e-67
2.36276e-66
1.36912e-65
8.10437e-65
4.80966e-64
2.86721e-63
1.71686e-62
1.03252e-61
6.24086e-61
3.78789e-60
2.30854e-59
1.41264e-58
8.67873e-58
5.35281e-57
3.31425e-56
2.0599e-55
1.28512e-54
8.04745e-54
5.05797e-53
3.19053e-52
2.0196e-51
1.28287e-50
8.17742e-50
5.23076e-49
3.35762e-48
2.16281e-47
1.39807e-46
9.06945e-46
5.90423e-45
3.85704e-44
2.52777e-43
1.66175e-42
1.09314e-41
7.19673e-41
4.74188e-40
3.12694e-39
2.06368e-38
1.36308e-37
9.01001e-37
5.95969e-36
3.94426e-35
2.6119e-34
1.73063e-33
1.14734e-32
7.61019e-32
5.05001e-31
3.35238e-30
2.22611e-29
1.47855e-28
9.82156e-28
6.52433e-27
4.33363e-26
2.87787e-25
1.91043e-24
1.26754e-23
8.40399e-23
5.5669e-22
3.68341e-21
2.43382e-20
1.60549e-19
1.057e-18
6.94285e-18
4.54809e-17
2.96998e-16
1.88647e-15
1.22242e-14
7.82787e-14
5.01401e-13
3.18826e-12
2.011e-11
1.25652e-10
7.7635e-10
4.73256e-09
2.84229e-08
1.68287e-07
9.7857e-07
5.55206e-06
3.05593e-05
0.000161936
0.000817547
0.00387781
0.0169947
0.0680849
7.15189e-80
5.17957e-79
2.97159e-78
1.62481e-77
8.81096e-77
4.78496e-76
2.60869e-75
1.42872e-74
7.86145e-74
4.34944e-73
2.4294e-72
1.35753e-71
7.62547e-71
4.30557e-70
2.44361e-69
1.39399e-68
8.01999e-68
4.62326e-67
2.68446e-66
1.5429e-65
9.06723e-65
5.34198e-64
3.16188e-63
1.88023e-62
1.12325e-61
6.72557e-61
4.04492e-60
2.44351e-59
1.48258e-58
9.03445e-58
5.52891e-57
3.39792e-56
2.09702e-55
1.29954e-54
8.08649e-54
5.05239e-53
3.16948e-52
1.99629e-51
1.2624e-50
8.0143e-50
5.10796e-49
3.2685e-48
2.09974e-47
1.35427e-46
8.76915e-46
5.70069e-45
3.7199e-44
2.43647e-43
1.60119e-42
1.05308e-41
6.93227e-41
4.56767e-40
3.01235e-39
1.98837e-38
1.31355e-37
8.68453e-37
5.74743e-36
3.80643e-35
2.52234e-34
1.67256e-33
1.10976e-32
7.36762e-32
4.89376e-31
3.25197e-30
2.16173e-29
1.43737e-28
9.55889e-28
6.35717e-27
4.22751e-26
2.81067e-25
1.86797e-24
1.24076e-23
8.23539e-23
5.46087e-22
3.61675e-21
2.39186e-20
1.579e-19
1.04018e-18
6.83508e-18
4.47818e-17
2.92388e-16
1.90174e-15
1.20348e-14
7.77103e-14
4.97918e-13
3.16797e-12
1.99947e-11
1.24999e-10
7.72661e-10
4.71153e-09
2.83037e-08
1.67643e-07
9.75344e-07
5.53673e-06
3.04908e-05
0.000161656
0.000816546
0.00387482
0.016988
0.068076
8.83279e-80
6.38888e-79
3.6586e-78
1.99569e-77
1.07906e-76
5.83994e-76
3.17136e-75
1.72933e-74
9.47035e-74
5.21304e-73
2.88024e-72
1.59939e-71
8.92602e-71
5.00614e-70
2.82162e-69
1.59824e-68
9.08672e-68
5.20832e-67
2.99398e-66
1.70514e-65
9.93664e-65
5.80191e-64
3.40395e-63
2.00655e-62
1.18837e-61
7.07066e-61
4.22644e-60
2.53793e-59
1.53094e-58
9.2768e-58
5.64657e-57
3.45227e-56
2.12006e-55
1.30769e-54
8.10146e-54
5.04101e-53
3.15035e-52
1.97735e-51
1.24649e-50
7.886e-50
5.01058e-49
3.19731e-48
2.04901e-47
1.31877e-46
8.52429e-46
5.53367e-45
3.60644e-44
2.36046e-43
1.55037e-42
1.01921e-41
6.70697e-41
4.41809e-40
2.91323e-39
1.92281e-38
1.27031e-37
8.40023e-37
5.56108e-36
3.68382e-35
2.44203e-34
1.62002e-33
1.07545e-32
7.14368e-32
4.74779e-31
3.15691e-30
2.09988e-29
1.39716e-28
9.29748e-28
6.18733e-27
4.11717e-26
2.73897e-25
1.82137e-24
1.21046e-23
8.0381e-23
5.33228e-22
3.53278e-21
2.33694e-20
1.54301e-19
1.01656e-18
6.67991e-18
4.37621e-17
2.85697e-16
1.85719e-15
1.20164e-14
7.72069e-14
4.9478e-13
3.15042e-12
1.98944e-11
1.24434e-10
7.69489e-10
4.69361e-09
2.82032e-08
1.67105e-07
9.72675e-07
5.52419e-06
3.04356e-05
0.000161434
0.000815741
0.00387244
0.0169828
0.0680691
1.05011e-79
7.58564e-79
4.33582e-78
2.35957e-77
1.27224e-76
6.86298e-76
3.71313e-75
2.01642e-74
1.09926e-73
6.02165e-73
3.32206e-72
1.83518e-71
1.01859e-70
5.68018e-70
3.18263e-69
1.7918e-68
1.01515e-67
5.78277e-67
3.30311e-66
1.86449e-65
1.07739e-64
6.25205e-64
3.64563e-63
2.13613e-62
1.25771e-61
7.4407e-61
4.42285e-60
2.64134e-59
1.5848e-58
9.55306e-58
5.78525e-57
3.51969e-56
2.15121e-55
1.32085e-54
8.14714e-54
5.04821e-53
3.14228e-52
1.96482e-51
1.23415e-50
7.78745e-50
4.93587e-49
3.14257e-48
2.00987e-47
1.29132e-46
8.33465e-46
5.40425e-45
3.51847e-44
2.30169e-43
1.51118e-42
9.93181e-42
6.53465e-41
4.30432e-40
2.83834e-39
1.87365e-38
1.23812e-37
8.19008e-37
5.42312e-36
3.59441e-35
2.38411e-34
1.58261e-33
1.05136e-32
6.98919e-32
4.64908e-31
3.09412e-30
2.06013e-29
1.37214e-28
9.14111e-28
6.09033e-27
4.05756e-26
2.70276e-25
1.79967e-24
1.19769e-23
7.96478e-23
5.29158e-22
3.51138e-21
2.32667e-20
1.53899e-19
1.01587e-18
6.68957e-18
4.39278e-17
2.87517e-16
1.87496e-15
1.18639e-14
7.67231e-14
4.92199e-13
3.13528e-12
1.98083e-11
1.2395e-10
7.66776e-10
4.67838e-09
2.81186e-08
1.66656e-07
9.70457e-07
5.51379e-06
3.03898e-05
0.000161249
0.000815089
0.00387052
0.0169786
0.0680638
1.21197e-79
8.74816e-79
4.99472e-78
2.71423e-77
1.46087e-76
7.864e-76
4.24445e-75
2.29874e-74
1.24944e-73
6.82243e-73
3.74375e-72
2.0601e-71
1.1388e-70
6.32378e-70
3.52783e-69
1.97617e-68
1.11439e-67
6.30078e-67
3.58779e-66
2.0179e-65
1.16294e-64
6.71703e-64
3.89717e-63
2.27132e-62
1.32975e-61
7.82042e-61
4.62107e-60
2.74382e-59
1.63707e-58
9.81468e-58
5.91327e-57
3.57986e-56
2.17769e-55
1.33112e-54
8.17571e-54
5.04573e-53
3.12904e-52
1.94979e-51
1.22083e-50
7.68093e-50
4.85592e-49
3.08484e-48
1.96926e-47
1.26326e-46
8.14332e-46
5.27519e-45
3.43156e-44
2.24403e-43
1.4729e-42
9.67835e-42
6.36712e-41
4.19376e-40
2.76548e-39
1.8257e-38
1.20661e-37
7.98291e-37
5.28673e-36
3.50478e-35
2.32544e-34
1.54426e-33
1.02631e-32
6.82571e-32
4.54247e-31
3.02464e-30
2.01488e-29
1.34267e-28
8.94925e-28
5.96545e-27
3.97629e-26
2.64987e-25
1.76525e-24
1.17528e-23
7.81891e-23
5.19659e-22
3.44949e-21
2.28633e-20
1.51267e-19
9.98699e-19
6.57741e-18
4.31956e-17
2.82745e-16
1.84349e-15
1.19658e-14
7.62339e-14
4.89958e-13
3.12218e-12
1.97349e-11
1.23538e-10
7.64484e-10
4.66559e-09
2.8048e-08
1.66283e-07
9.68619e-07
5.50522e-06
3.03523e-05
0.000161099
0.000814561
0.00386897
0.0169753
0.0680595
1.365e-79
9.84422e-79
5.61367e-78
3.04596e-77
1.63645e-76
8.79065e-76
4.73054e-75
2.55509e-74
1.38462e-73
7.53626e-73
4.12531e-72
2.26189e-71
1.24559e-70
6.88924e-70
3.82566e-69
2.13856e-68
1.20002e-67
6.77077e-67
3.82984e-66
2.14323e-65
1.22901e-64
7.06308e-64
4.07837e-63
2.36634e-62
1.37968e-61
8.08363e-61
4.7596e-60
2.8163e-59
1.67469e-58
1.0008e-57
6.00575e-57
3.62201e-56
2.19534e-55
1.33728e-54
8.18689e-54
5.03721e-53
3.11487e-52
1.93586e-51
1.20919e-50
7.59119e-50
4.78986e-49
3.03766e-48
1.93629e-47
1.24057e-46
7.98901e-46
5.17125e-45
3.36139e-44
2.19755e-43
1.44205e-42
9.47436e-42
6.23244e-41
4.10499e-40
2.70707e-39
1.78733e-38
1.18144e-37
7.81811e-37
5.17913e-36
3.43435e-35
2.2797e-34
1.51452e-33
1.00699e-32
6.70043e-32
4.46136e-31
2.97221e-30
1.98104e-29
1.32087e-28
8.80897e-28
5.87533e-27
3.91847e-26
2.61282e-25
1.74153e-24
1.16011e-23
7.7219e-23
5.13462e-22
3.40992e-21
2.26107e-20
1.49656e-19
9.88414e-19
6.51168e-18
4.27734e-17
2.80014e-16
1.8259e-15
1.18521e-14
7.59501e-14
4.88013e-13
3.11128e-12
1.96731e-11
1.23192e-10
7.62561e-10
4.65491e-09
2.79894e-08
1.65974e-07
9.67107e-07
5.49819e-06
3.03217e-05
0.000160977
0.000814132
0.00386773
0.0169726
0.0680561
1.50435e-79
1.08406e-78
6.17523e-78
3.34628e-77
1.79503e-76
9.62547e-76
5.1795e-75
2.79181e-74
1.50942e-73
8.19538e-73
4.47495e-72
2.44667e-71
1.3434e-70
7.40751e-70
4.10749e-69
2.28431e-68
1.27799e-67
7.16531e-67
4.04585e-66
2.2545e-65
1.28813e-64
7.37575e-64
4.24342e-63
2.45321e-62
1.4252e-61
8.32059e-61
4.88182e-60
2.87851e-59
1.70577e-58
1.0159e-57
6.08093e-57
3.658e-56
2.21148e-55
1.3437e-54
8.20568e-54
5.03662e-53
3.10751e-52
1.92728e-51
1.20154e-50
7.53018e-50
4.74393e-49
3.00435e-48
1.91279e-47
1.2243e-46
7.87798e-46
5.09639e-45
3.31087e-44
2.16419e-43
1.41999e-42
9.32902e-42
6.13695e-41
4.04242e-40
2.66618e-39
1.76067e-38
1.16411e-37
7.70576e-37
5.10648e-36
3.38757e-35
2.24979e-34
1.49548e-33
9.94877e-33
6.62366e-32
4.41295e-31
2.94186e-30
1.96214e-29
1.30919e-28
8.73758e-28
5.8322e-27
3.89283e-26
2.59789e-25
1.73311e-24
1.15558e-23
7.69943e-23
5.12512e-22
3.40752e-21
2.26231e-20
1.49944e-19
9.91832e-19
6.54532e-18
4.30768e-17
2.82614e-16
1.84764e-15
1.16934e-14
7.57515e-14
4.86409e-13
3.10214e-12
1.96214e-11
1.22903e-10
7.60963e-10
4.64606e-09
2.7941e-08
1.65721e-07
9.65867e-07
5.49245e-06
3.02967e-05
0.000160878
0.000813785
0.00386672
0.0169705
0.0680535
1.63353e-79
1.17649e-78
6.6966e-78
3.62539e-77
1.94259e-76
1.04034e-75
5.58928e-75
3.00764e-74
1.62318e-73
8.796e-73
4.78545e-72
2.61037e-71
1.42985e-70
7.86273e-70
4.34505e-69
2.41308e-68
1.34401e-67
7.53292e-67
4.23213e-66
2.35107e-65
1.3392e-64
7.64439e-64
4.38434e-63
2.52686e-62
1.4635e-61
8.51834e-61
4.98295e-60
2.92956e-59
1.73108e-58
1.02811e-57
6.13747e-57
3.68278e-56
2.22134e-55
1.34685e-54
8.20922e-54
5.03008e-53
3.09849e-52
1.91882e-51
1.19465e-50
7.4779e-50
4.70476e-49
2.97606e-48
1.89287e-47
1.2105e-46
7.78366e-46
5.03262e-45
3.26761e-44
2.13553e-43
1.40091e-42
9.20256e-42
6.05329e-41
3.98719e-40
2.62977e-39
1.73672e-38
1.14838e-37
7.60255e-37
5.03888e-36
3.34336e-35
2.22071e-34
1.47645e-33
9.82447e-33
6.54252e-32
4.36002e-31
2.90733e-30
1.93962e-29
1.2945e-28
8.64167e-28
5.76952e-27
3.8518e-26
2.57096e-25
1.71538e-24
1.14385e-23
7.62134e-23
5.07279e-22
3.37216e-21
2.23819e-20
1.48282e-19
9.80255e-19
6.46381e-18
4.24966e-17
2.78435e-16
1.81687e-15
1.18015e-14
7.54198e-14
4.85092e-13
3.09456e-12
1.95786e-11
1.22665e-10
7.59643e-10
4.63878e-09
2.79014e-08
1.65515e-07
9.64861e-07
5.4878e-06
3.02766e-05
0.000160798
0.000813507
0.00386592
0.0169688
0.0680514
1.75092e-79
1.26033e-78
7.16841e-78
3.87735e-77
2.07546e-76
1.1102e-75
5.94942e-75
3.19663e-74
1.72242e-73
9.3179e-73
5.06039e-72
2.75517e-71
1.50596e-70
8.27344e-70
4.56033e-69
2.52393e-68
1.40418e-67
7.82955e-67
4.39648e-66
2.43514e-65
1.38365e-64
7.87818e-64
4.50703e-63
2.59106e-62
1.49696e-61
8.69182e-61
5.07224e-60
2.97506e-59
1.75395e-58
1.03939e-57
6.19153e-57
3.70757e-56
2.23187e-55
1.35067e-54
8.21751e-54
5.02642e-53
3.09111e-52
1.91126e-51
1.18819e-50
7.42722e-50
4.6683e-49
2.95038e-48
1.87502e-47
1.1983e-46
7.70038e-46
4.97636e-45
3.22981e-44
2.11152e-43
1.38488e-42
9.09641e-42
5.98318e-41
3.94099e-40
2.59941e-39
1.71682e-38
1.13536e-37
7.51765e-37
4.9838e-36
3.30775e-35
2.19768e-34
1.46159e-33
9.72926e-33
6.48174e-32
4.32142e-31
2.88297e-30
1.92436e-29
1.28503e-28
8.58354e-28
5.73433e-27
3.83089e-26
2.55887e-25
1.70864e-24
1.14033e-23
7.60492e-23
5.06698e-22
3.37202e-21
2.24083e-20
1.48654e-19
9.84151e-19
6.50011e-18
4.2815e-17
2.8113e-16
1.83929e-15
1.16388e-14
7.53032e-14
4.84071e-13
3.08848e-12
1.95442e-11
1.22473e-10
7.58585e-10
4.63295e-09
2.78697e-08
1.6535e-07
9.64056e-07
5.48409e-06
3.02606e-05
0.000160735
0.000813287
0.00386529
0.0169675
0.0680497
1.859e-79
1.33726e-78
7.59954e-78
4.10656e-77
2.19577e-76
1.17316e-75
6.27885e-75
3.36908e-74
1.81271e-73
9.79136e-73
5.30892e-72
2.88554e-71
1.57563e-70
8.63365e-70
4.74958e-69
2.62566e-68
1.45735e-67
8.13048e-67
4.54605e-66
2.5129e-65
1.42479e-64
8.09492e-64
4.62108e-63
2.65095e-62
1.52832e-61
8.8554e-61
5.15708e-60
3.01873e-59
1.77619e-58
1.05055e-57
6.24635e-57
3.73366e-56
2.24367e-55
1.35555e-54
8.23411e-54
5.02898e-53
3.0883e-52
1.90699e-51
1.18408e-50
7.39317e-50
4.64208e-49
2.93115e-48
1.86111e-47
1.18842e-46
7.63232e-46
4.93001e-45
3.1985e-44
2.09053e-43
1.3708e-42
9.00194e-42
5.91997e-41
3.89877e-40
2.57125e-39
1.69806e-38
1.12288e-37
7.43469e-37
4.92874e-36
3.2712e-35
2.17343e-34
1.44551e-33
9.62255e-33
6.41095e-32
4.27443e-31
2.85175e-30
1.90359e-29
1.27119e-28
8.49104e-28
5.67239e-27
3.78926e-26
2.53078e-25
1.68964e-24
1.12742e-23
7.51682e-23
5.00658e-22
3.33041e-21
2.21197e-20
1.46642e-19
9.70044e-19
6.4005e-18
4.21056e-17
2.76031e-16
1.80231e-15
1.17132e-14
7.51119e-14
4.83204e-13
3.08364e-12
1.95169e-11
1.22321e-10
7.57748e-10
4.62835e-09
2.78448e-08
1.6522e-07
9.63426e-07
5.48119e-06
3.02481e-05
0.000160686
0.000813116
0.0038648
0.0169664
0.0680485
1.9764e-79
1.42093e-78
8.06939e-78
4.35703e-77
2.3277e-76
1.2425e-75
6.64265e-75
3.5605e-74
1.91354e-73
1.03238e-72
5.59071e-72
3.03448e-71
1.65434e-70
9.05121e-70
4.97221e-69
2.74292e-68
1.52002e-67
8.46603e-67
4.72584e-66
2.60642e-65
1.47471e-64
8.36085e-64
4.76293e-63
2.72668e-62
1.56878e-61
9.07155e-61
5.27251e-60
3.0803e-59
1.80898e-58
1.06797e-57
6.33852e-57
3.78214e-56
2.26897e-55
1.3686e-54
8.30035e-54
5.06179e-53
3.10405e-52
1.91425e-51
1.18717e-50
7.40431e-50
4.64436e-49
2.92985e-48
1.85899e-47
1.18633e-46
7.61469e-46
4.91624e-45
3.18822e-44
2.0831e-43
1.36548e-42
8.9641e-42
5.89328e-41
3.88007e-40
2.55822e-39
1.68902e-38
1.11664e-37
7.39176e-37
4.89904e-36
3.2507e-35
2.15932e-34
1.43582e-33
9.55636e-33
6.3659e-32
4.24386e-31
2.83107e-30
1.88963e-29
1.2618e-28
8.42804e-28
5.63026e-27
3.76122e-26
2.51219e-25
1.67734e-24
1.11931e-23
7.46353e-23
4.97166e-22
3.3076e-21
2.19717e-20
1.45685e-19
9.6386e-19
6.36052e-18
4.18465e-17
2.7435e-16
1.79139e-15
1.16424e-14
7.51062e-14
4.82513e-13
3.07996e-12
1.94962e-11
1.22205e-10
7.57109e-10
4.62483e-09
2.78258e-08
1.65121e-07
9.62948e-07
5.47899e-06
3.02387e-05
0.000160649
0.000812989
0.00386444
0.0169657
0.0680476
2.11216e-79
1.51794e-78
8.61602e-78
4.64952e-77
2.48236e-76
1.3241e-75
7.07677e-75
3.79e-74
2.03498e-73
1.09679e-72
5.93302e-72
3.21787e-71
1.75144e-70
9.56938e-70
5.24923e-69
2.89113e-68
1.59923e-67
8.86521e-67
4.94865e-66
2.72365e-65
1.5382e-64
8.70384e-64
4.95062e-63
2.82936e-62
1.62575e-61
9.3878e-61
5.44839e-60
3.17827e-59
1.86361e-58
1.09888e-57
6.51354e-57
3.88145e-56
2.32618e-55
1.40162e-54
8.49411e-54
5.1759e-53
3.17149e-52
1.95395e-51
1.21087e-50
7.54778e-50
4.73163e-49
2.98326e-48
1.89189e-47
1.20688e-46
7.74407e-46
4.99837e-45
3.24069e-44
2.11697e-43
1.38741e-42
9.10612e-42
5.98531e-41
3.93973e-40
2.5969e-39
1.71409e-38
1.13287e-37
7.49669e-37
4.9668e-36
3.29437e-35
2.18739e-34
1.45379e-33
9.67087e-33
6.43833e-32
4.28923e-31
2.8601e-30
1.90799e-29
1.27327e-28
8.49856e-28
5.67267e-27
3.78766e-26
2.5282e-25
1.6867e-24
1.1251e-23
7.49794e-23
4.99113e-22
3.31777e-21
2.20171e-20
1.45912e-19
9.64736e-19
6.36165e-18
4.1821e-17
2.73956e-16
1.78872e-15
1.16245e-14
7.49894e-14
4.82111e-13
3.0774e-12
1.94813e-11
1.22122e-10
7.56648e-10
4.62229e-09
2.7812e-08
1.6505e-07
9.62598e-07
5.47738e-06
3.02317e-05
0.000160622
0.000812896
0.00386418
0.0169652
0.0680469
2.25337e-79
1.62031e-78
9.20428e-78
4.97135e-77
2.65669e-76
1.4185e-75
7.5864e-75
4.06721e-74
2.18625e-73
1.1797e-72
6.38933e-72
3.46863e-71
1.89046e-70
1.03438e-69
5.68275e-69
3.13521e-68
1.73715e-67
9.67446e-67
5.39988e-66
2.97898e-65
1.68602e-64
9.37588e-64
5.35729e-63
3.01152e-62
1.7373e-61
1.00466e-60
5.83966e-60
3.41192e-59
1.97381e-58
1.16788e-57
6.9323e-57
4.08298e-56
2.45406e-55
1.46316e-54
8.88863e-54
5.42142e-53
3.32518e-52
2.03308e-51
1.25244e-50
7.82093e-50
4.9068e-49
3.09637e-48
1.95588e-47
1.2495e-46
8.02479e-46
5.18452e-45
3.36487e-44
2.20056e-43
1.44389e-42
9.48872e-42
6.24507e-41
4.1165e-40
2.71747e-39
1.79651e-38
1.18933e-37
7.8843e-37
5.23344e-36
3.47816e-35
2.3143e-34
1.54159e-33
1.02793e-32
6.86058e-32
4.52186e-31
3.02655e-30
2.02374e-29
1.35378e-28
9.05899e-28
5.9538e-27
3.99327e-26
2.67222e-25
1.75008e-24
1.17281e-23
7.83428e-23
5.22757e-22
3.48374e-21
2.2582e-20
1.50297e-19
9.95067e-19
6.56901e-18
4.32228e-17
2.74625e-16
1.79811e-15
1.16787e-14
7.5033e-14
4.81719e-13
3.07581e-12
1.94725e-11
1.22072e-10
7.56367e-10
4.62072e-09
2.78034e-08
1.65004e-07
9.62371e-07
5.47631e-06
3.0227e-05
0.000160603
0.000812829
0.00386398
0.0169648
0.0680464
2.27721e-79
1.63721e-78
9.29872e-78
5.02154e-77
2.68308e-76
1.43237e-75
7.65941e-75
4.10582e-74
2.20674e-73
1.19063e-72
6.44786e-72
3.5001e-71
1.90748e-70
1.04363e-69
5.7332e-69
3.16287e-68
1.75214e-67
9.75626e-67
5.44465e-66
3.00338e-65
1.6997e-64
9.45128e-64
5.39979e-63
3.03512e-62
1.75071e-61
1.01232e-60
5.88369e-60
3.43741e-59
1.98845e-58
1.17646e-57
6.98294e-57
4.1127e-56
2.47185e-55
1.47375e-54
8.95295e-54
5.46076e-53
3.34946e-52
2.04806e-51
1.26177e-50
7.87992e-50
4.9444e-49
3.12054e-48
1.97149e-47
1.25972e-46
8.09222e-46
5.22944e-45
3.39502e-44
2.22102e-43
1.45786e-42
9.5845e-42
6.31103e-41
4.16211e-40
2.74914e-39
1.81859e-38
1.20478e-37
7.99284e-37
5.30995e-36
3.53228e-35
2.35271e-34
1.56892e-33
1.04743e-32
6.91177e-32
4.62793e-31
3.09776e-30
2.07495e-29
1.39074e-28
9.16368e-28
6.04184e-27
4.05769e-26
2.66368e-25
1.74882e-24
1.17224e-23
7.83247e-23
5.22814e-22
3.39706e-21
2.26497e-20
1.50404e-19
9.96416e-19
6.58402e-18
4.20544e-17
2.7653e-16
1.80608e-15
1.17364e-14
7.48608e-14
4.81838e-13
3.07579e-12
1.94726e-11
1.22072e-10
7.56368e-10
4.62072e-09
2.78034e-08
1.65004e-07
9.62371e-07
5.47631e-06
3.0227e-05
0.000160603
0.000812829
0.00386398
0.0169648
0.0680464
2.18087e-79
1.56642e-78
8.8855e-78
4.79182e-77
2.55669e-76
1.36289e-75
7.27741e-75
3.89501e-74
2.09008e-73
1.12581e-72
6.08637e-72
3.29822e-71
1.79415e-70
9.79727e-70
5.37133e-69
2.95703e-68
1.63451e-67
9.0807e-67
5.05556e-66
2.78165e-65
1.57009e-64
8.87948e-64
5.04758e-63
2.88317e-62
1.65569e-61
9.55534e-61
5.5426e-60
3.23152e-59
1.89387e-58
1.11613e-57
6.61235e-57
3.93836e-56
2.35908e-55
1.42074e-54
8.60561e-54
5.24125e-53
3.20998e-52
1.97697e-51
1.22472e-50
7.63146e-50
4.78251e-49
3.01439e-48
1.91104e-47
1.21873e-46
7.81779e-46
5.04446e-45
3.26963e-44
2.13527e-43
1.399e-42
9.17969e-42
6.03204e-41
3.96943e-40
2.61578e-39
1.72609e-38
1.14048e-37
7.54494e-37
4.99728e-36
3.31355e-35
2.19938e-34
1.46122e-33
9.71635e-33
6.46567e-32
4.30666e-31
2.87007e-30
1.91346e-29
1.27603e-28
8.51039e-28
5.67818e-27
3.78943e-26
2.52795e-25
1.68637e-24
1.12473e-23
7.49448e-23
4.98818e-22
3.31542e-21
2.20134e-20
1.45876e-19
9.6447e-19
6.35969e-18
4.18058e-17
2.74043e-16
1.78908e-15
1.16256e-14
7.49871e-14
4.82118e-13
3.07742e-12
1.94814e-11
1.22122e-10
7.56649e-10
4.6223e-09
2.7812e-08
1.6505e-07
9.62598e-07
5.47738e-06
3.02317e-05
0.000160622
0.000812896
0.00386418
0.0169652
0.0680469
2.08996e-79
1.5008e-78
8.51145e-78
4.58931e-77
2.44836e-76
1.30508e-75
6.96968e-75
3.73069e-74
2.00227e-73
1.07878e-72
5.83408e-72
3.16314e-71
1.72166e-70
9.40703e-70
5.16085e-69
2.84369e-68
1.57314e-67
8.74919e-67
4.87693e-66
2.68673e-65
1.51846e-64
8.59953e-64
4.89368e-63
2.79861e-62
1.60852e-61
9.29208e-61
5.39542e-60
3.14912e-59
1.84768e-58
1.08984e-57
6.46271e-57
3.85302e-56
2.30963e-55
1.39205e-54
8.43631e-54
5.14107e-53
3.15045e-52
1.94145e-51
1.20318e-50
7.49889e-50
4.70046e-49
2.96327e-48
1.87898e-47
1.19834e-46
7.68728e-46
4.96032e-45
3.21508e-44
2.09957e-43
1.37561e-42
9.02642e-42
5.93162e-41
3.90367e-40
2.57275e-39
1.69796e-38
1.12214e-37
7.42554e-37
4.91984e-36
3.26353e-35
2.16725e-34
1.44074e-33
9.58691e-33
6.3849e-32
4.25569e-31
2.83842e-30
1.8942e-29
1.26463e-28
8.44569e-28
5.64125e-27
3.76802e-26
2.51635e-25
1.67985e-24
1.12079e-23
7.47205e-23
4.97643e-22
3.31019e-21
2.19851e-20
1.4575e-19
9.6415e-19
6.36172e-18
4.18514e-17
2.74371e-16
1.79148e-15
1.16428e-14
7.51076e-14
4.82519e-13
3.08e-12
1.94963e-11
1.22206e-10
7.57111e-10
4.62484e-09
2.78258e-08
1.65122e-07
9.62948e-07
5.47899e-06
3.02387e-05
0.000160649
0.000812989
0.00386444
0.0169657
0.0680476
2.01876e-79
1.44968e-78
8.2221e-78
4.43396e-77
2.36604e-76
1.2616e-75
6.73881e-75
3.60879e-74
1.93791e-73
1.04476e-72
5.65403e-72
3.06736e-71
1.67129e-70
9.14014e-70
5.01918e-69
2.76812e-68
1.53345e-67
8.5145e-67
4.7612e-66
2.62586e-65
1.48592e-64
8.42597e-64
4.80097e-63
2.74905e-62
1.582e-61
9.15016e-61
5.3195e-60
3.10853e-59
1.82601e-58
1.07829e-57
6.40133e-57
3.82055e-56
2.29255e-55
1.38314e-54
8.39038e-54
5.11779e-53
3.13893e-52
1.93595e-51
1.2007e-50
7.4888e-50
4.69726e-49
2.96306e-48
1.87988e-47
1.1995e-46
7.69804e-46
4.96907e-45
3.22174e-44
2.10441e-43
1.37909e-42
9.05136e-42
5.94933e-41
3.91615e-40
2.5815e-39
1.70407e-38
1.12639e-37
7.455e-37
4.9402e-36
3.27758e-35
2.17685e-34
1.44728e-33
9.63146e-33
6.41512e-32
4.27611e-31
2.85218e-30
1.90344e-29
1.27083e-28
8.48708e-28
5.6688e-27
3.78632e-26
2.5285e-25
1.68792e-24
1.12615e-23
7.50765e-23
5.00016e-22
3.32603e-21
2.20909e-20
1.4646e-19
9.68947e-19
6.39431e-18
4.20745e-17
2.75908e-16
1.80216e-15
1.17174e-14
7.51129e-14
4.83216e-13
3.0837e-12
1.95171e-11
1.22322e-10
7.57751e-10
4.62836e-09
2.78448e-08
1.6522e-07
9.63426e-07
5.48119e-06
3.02481e-05
0.000160686
0.000813116
0.0038648
0.0169664
0.0680485
1.94663e-79
1.39789e-78
7.92901e-78
4.27666e-77
2.28275e-76
1.21767e-75
6.5074e-75
3.48696e-74
1.87381e-73
1.01099e-72
5.47609e-72
2.97375e-71
1.622e-70
8.88191e-70
4.88333e-69
2.6976e-68
1.49648e-67
8.34498e-67
4.6642e-66
2.57753e-65
1.46087e-64
8.29731e-64
4.73536e-63
2.71589e-62
1.56544e-61
9.06882e-61
5.28046e-60
3.09045e-59
1.81809e-58
1.07515e-57
6.39146e-57
3.81963e-56
2.29483e-55
1.38614e-54
8.41797e-54
5.14e-53
3.15564e-52
1.94802e-51
1.20918e-50
7.54735e-50
4.73712e-49
2.98991e-48
1.89782e-47
1.21142e-46
7.7767e-46
5.02077e-45
3.25559e-44
2.12647e-43
1.3935e-42
9.14559e-42
6.01088e-41
3.95633e-40
2.60771e-39
1.72115e-38
1.13751e-37
7.52735e-37
4.98724e-36
3.30813e-35
2.19688e-34
1.46038e-33
9.71674e-33
6.47061e-32
4.31221e-31
2.87568e-30
1.91875e-29
1.28079e-28
8.55186e-28
5.71092e-27
3.8137e-26
2.54629e-25
1.69946e-24
1.13363e-23
7.55613e-23
5.03144e-22
3.34615e-21
2.22199e-20
1.47283e-19
9.74181e-19
6.42761e-18
4.2287e-17
2.77273e-16
1.811e-15
1.17757e-14
7.52205e-14
4.84068e-13
3.08853e-12
1.95445e-11
1.22474e-10
7.5859e-10
4.63297e-09
2.78698e-08
1.6535e-07
9.64056e-07
5.48409e-06
3.02606e-05
0.000160735
0.000813287
0.00386529
0.0169675
0.0680497
1.86046e-79
1.33615e-78
7.58034e-78
4.08999e-77
2.18416e-76
1.16581e-75
6.23668e-75
3.34499e-74
1.79938e-73
9.71957e-73
5.27134e-72
2.86655e-71
1.56537e-70
8.58674e-70
4.72956e-69
2.61753e-68
1.45452e-67
8.12685e-67
4.5504e-66
2.51975e-65
1.43075e-64
8.14176e-64
4.65556e-63
2.67532e-62
1.54508e-61
8.96846e-61
5.23228e-60
3.06824e-59
1.80854e-58
1.07158e-57
6.38222e-57
3.82094e-56
2.29953e-55
1.39119e-54
8.4611e-54
5.17344e-53
3.18022e-52
1.96548e-51
1.22132e-50
7.63046e-50
4.79339e-49
3.0277e-48
1.92304e-47
1.2281e-46
7.88651e-46
5.09277e-45
3.30274e-44
2.15604e-43
1.41284e-42
9.27144e-42
6.0927e-41
4.00947e-40
2.64218e-39
1.74349e-38
1.15195e-37
7.62053e-37
5.04721e-36
3.34666e-35
2.22144e-34
1.4761e-33
9.81745e-33
6.53503e-32
4.35333e-31
2.90186e-30
1.93538e-29
1.29133e-28
8.61857e-28
5.75305e-27
3.84026e-26
2.56302e-25
1.70999e-24
1.14025e-23
7.59768e-23
5.05753e-22
3.36251e-21
2.23223e-20
1.47921e-19
9.78136e-19
6.45195e-18
4.24352e-17
2.78165e-16
1.81637e-15
1.18078e-14
7.54201e-14
4.85106e-13
3.09462e-12
1.95789e-11
1.22666e-10
7.59648e-10
4.6388e-09
2.79015e-08
1.65515e-07
9.64861e-07
5.4878e-06
3.02766e-05
0.000160798
0.000813507
0.00386592
0.0169688
0.0680514
1.75325e-79
1.25933e-78
7.14649e-78
3.8576e-77
2.06133e-76
1.10112e-75
5.8994e-75
3.16783e-74
1.70636e-73
9.2306e-73
5.01422e-72
2.73155e-71
1.49448e-70
8.21148e-70
4.53405e-69
2.51495e-68
1.40073e-67
7.84493e-67
4.40336e-66
2.44484e-65
1.39155e-64
7.93809e-64
4.55022e-63
2.62115e-62
1.51743e-61
8.82866e-61
5.16255e-60
3.03407e-59
1.79221e-58
1.0643e-57
6.35281e-57
3.81152e-56
2.29865e-55
1.39346e-54
8.49134e-54
5.20141e-53
3.20286e-52
1.98259e-51
1.23374e-50
7.71769e-50
4.85334e-49
3.06825e-48
1.95013e-47
1.24635e-46
8.0085e-46
5.17375e-45
3.35673e-44
2.19141e-43
1.43611e-42
9.42411e-42
6.19273e-41
4.07493e-40
2.68499e-39
1.77147e-38
1.17026e-37
7.74056e-37
5.12555e-36
3.39798e-35
2.25507e-34
1.4979e-33
9.9586e-33
6.62628e-32
4.41223e-31
2.93981e-30
1.95978e-29
1.30698e-28
8.71858e-28
5.81673e-27
3.88062e-26
2.58846e-25
1.72592e-24
1.15015e-23
7.65866e-23
5.09466e-22
3.38481e-21
2.2454e-20
1.48685e-19
9.82445e-19
6.4753e-18
4.25539e-17
2.78702e-16
1.81813e-15
1.18065e-14
7.56904e-14
4.86424e-13
3.10225e-12
1.96218e-11
1.22905e-10
7.6097e-10
4.64608e-09
2.79411e-08
1.65721e-07
9.65868e-07
5.49245e-06
3.02967e-05
0.000160878
0.000813785
0.00386672
0.0169705
0.0680535
1.6278e-79
1.16958e-78
6.64054e-78
3.58708e-77
1.9186e-76
1.02609e-75
5.5028e-75
2.95948e-74
1.597e-73
8.65604e-73
4.71222e-72
2.57299e-71
1.4112e-70
7.77418e-70
4.30331e-69
2.39293e-68
1.33693e-67
7.49032e-67
4.22552e-66
2.35343e-65
1.34364e-64
7.68906e-64
4.42152e-63
2.55516e-62
1.48396e-61
8.66147e-61
5.08086e-60
2.99546e-59
1.77492e-58
1.05701e-57
6.32659e-57
3.80589e-56
2.30114e-55
1.3984e-54
8.54143e-54
5.24375e-53
3.23571e-52
2.00687e-51
1.25081e-50
7.83597e-50
4.93434e-49
3.12324e-48
1.98717e-47
1.27093e-46
8.17075e-46
5.28041e-45
3.42708e-44
2.23726e-43
1.46611e-42
9.62005e-42
6.32066e-41
4.15841e-40
2.73943e-39
1.80694e-38
1.19333e-37
7.89031e-37
5.22305e-36
3.4608e-35
2.29563e-34
1.52426e-33
1.013e-32
6.73768e-32
4.48466e-31
2.98693e-30
1.99046e-29
1.32698e-28
8.84917e-28
5.90221e-27
3.93673e-26
2.6254e-25
1.75034e-24
1.16636e-23
7.76669e-23
5.16705e-22
3.4336e-21
2.27848e-20
1.50941e-19
9.97935e-19
6.58233e-18
4.32988e-17
2.83929e-16
1.85516e-15
1.17425e-14
7.60257e-14
4.88082e-13
3.11139e-12
1.96735e-11
1.23194e-10
7.62567e-10
4.65493e-09
2.79894e-08
1.65974e-07
9.67107e-07
5.49819e-06
3.03217e-05
0.000160977
0.000814132
0.00386773
0.0169726
0.0680561
1.48269e-79
1.06573e-78
6.05476e-78
3.27362e-77
1.75302e-76
9.38918e-76
5.04219e-75
2.71716e-74
1.46954e-73
7.9848e-73
4.36125e-72
2.38841e-71
1.31404e-70
7.26265e-70
4.03266e-69
2.25092e-68
1.26276e-67
7.10285e-67
4.02299e-66
2.25064e-65
1.29012e-64
7.41278e-64
4.27984e-63
2.48314e-62
1.44778e-61
8.48273e-61
4.99459e-60
2.95525e-59
1.75719e-58
1.04996e-57
6.3045e-57
3.80411e-56
2.30663e-55
1.40549e-54
8.60597e-54
5.29541e-53
3.27437e-52
2.03463e-51
1.27052e-50
7.97299e-50
5.02812e-49
3.18669e-48
2.02968e-47
1.29923e-46
8.35804e-46
5.40372e-45
3.50867e-44
2.29037e-43
1.50078e-42
9.84579e-42
6.46745e-41
4.25374e-40
2.80125e-39
1.84696e-38
1.21918e-37
8.05651e-37
5.33006e-36
3.52993e-35
2.3402e-34
1.55281e-33
1.03123e-32
6.85385e-32
4.55844e-31
3.03363e-30
2.0199e-29
1.34546e-28
8.96463e-28
5.97389e-27
3.98091e-26
2.6524e-25
1.76665e-24
1.17606e-23
7.82332e-23
5.19913e-22
3.45097e-21
2.28719e-20
1.51316e-19
9.98963e-19
6.57864e-18
4.31991e-17
2.82728e-16
1.84301e-15
1.19602e-14
7.62293e-14
4.90002e-13
3.12237e-12
1.97356e-11
1.23541e-10
7.64497e-10
4.66564e-09
2.80482e-08
1.66283e-07
9.68621e-07
5.50522e-06
3.03523e-05
0.000161099
0.00081456
0.00386897
0.0169753
0.0680595
1.32228e-79
9.50959e-79
5.40748e-78
2.9272e-77
1.56996e-76
8.42473e-76
4.5345e-75
2.44986e-74
1.32879e-73
7.24256e-73
3.97089e-72
2.18266e-71
1.20551e-70
6.68987e-70
3.73036e-69
2.09038e-68
1.17785e-67
6.67287e-67
3.78865e-66
2.13026e-65
1.22702e-64
7.08177e-64
4.10697e-63
2.39346e-62
1.40167e-61
8.24863e-61
4.87779e-60
2.89845e-59
1.73062e-58
1.03831e-57
6.26e-57
3.79213e-56
2.30803e-55
1.41137e-54
8.67126e-54
5.35249e-53
3.31942e-52
2.06822e-51
1.29466e-50
8.14226e-50
5.14469e-49
3.26602e-48
2.08316e-47
1.33497e-46
8.59539e-46
5.56053e-45
3.61238e-44
2.35829e-43
1.54535e-42
1.01377e-41
6.65847e-41
4.37865e-40
2.88286e-39
1.90018e-38
1.25378e-37
8.28179e-37
5.47786e-36
3.62691e-35
2.40319e-34
1.59377e-33
1.05784e-32
7.02662e-32
4.67054e-31
3.10632e-30
2.067e-29
1.37597e-28
9.16212e-28
6.10169e-27
4.06358e-26
2.70587e-25
1.80123e-24
1.19845e-23
7.96834e-23
5.29322e-22
3.51213e-21
2.32704e-20
1.53921e-19
1.01604e-18
6.69088e-18
4.39378e-17
2.87584e-16
1.87538e-15
1.18653e-14
7.67301e-14
4.92233e-13
3.13543e-12
1.98091e-11
1.23953e-10
7.66791e-10
4.67844e-09
2.81188e-08
1.66656e-07
9.70457e-07
5.51378e-06
3.03898e-05
0.000161249
0.000815089
0.00387052
0.0169786
0.0680638
1.1473e-79
8.25753e-79
4.70113e-78
2.54896e-77
1.36991e-76
7.36953e-76
3.97808e-75
2.15632e-74
1.17388e-73
6.42358e-73
3.5328e-72
1.95056e-71
1.08244e-70
6.03685e-70
3.38363e-69
1.906e-68
1.07961e-67
6.15081e-67
3.51441e-66
1.9896e-65
1.15256e-64
6.69143e-64
3.90344e-63
2.28802e-62
1.34754e-61
7.9739e-61
4.74065e-60
2.83152e-59
1.69904e-58
1.02417e-57
6.20341e-57
3.77452e-56
2.30703e-55
1.41643e-54
8.73537e-54
5.4113e-53
3.36705e-52
2.10436e-51
1.32101e-50
8.32928e-50
5.27496e-49
3.35582e-48
2.14422e-47
1.37608e-46
8.87014e-46
5.74285e-45
3.73318e-44
2.4374e-43
1.59713e-42
1.04759e-41
6.87915e-41
4.52243e-40
2.97641e-39
1.96113e-38
1.29371e-37
8.54158e-37
5.64372e-36
3.73316e-35
2.47157e-34
1.63767e-33
1.08596e-32
7.20619e-32
4.78484e-31
3.17879e-30
2.11276e-29
1.40471e-28
9.34159e-28
6.21295e-27
4.13197e-26
2.74746e-25
1.82619e-24
1.21317e-23
8.05316e-23
5.34053e-22
3.53723e-21
2.33929e-20
1.54424e-19
1.01719e-18
6.68308e-18
4.3778e-17
2.85774e-16
1.85793e-15
1.20189e-14
7.72195e-14
4.94835e-13
3.15066e-12
1.98955e-11
1.24439e-10
7.69504e-10
4.69366e-09
2.82034e-08
1.67106e-07
9.72678e-07
5.52419e-06
3.04356e-05
0.000161434
0.000815741
0.00387244
0.0169828
0.0680691
9.64915e-80
6.9528e-79
3.96521e-78
2.15486e-77
1.1614e-76
6.26898e-76
3.39719e-75
1.84952e-74
1.01169e-73
5.56459e-73
3.07746e-72
1.70906e-71
9.54204e-71
5.35528e-70
3.02116e-69
1.71307e-68
9.76244e-68
5.58671e-67
3.22006e-66
1.83661e-65
1.07113e-64
6.26316e-64
3.67942e-63
2.17169e-62
1.28773e-61
7.67081e-61
4.59013e-60
2.75814e-59
1.66473e-58
1.00924e-57
6.14533e-57
3.75817e-56
2.3082e-55
1.42371e-54
8.81875e-54
5.48556e-53
3.42651e-52
2.14927e-51
1.35373e-50
8.56188e-50
5.43745e-49
3.46612e-48
2.21851e-47
1.4258e-46
9.20075e-46
5.96163e-45
3.87791e-44
2.53228e-43
1.65933e-42
1.08829e-41
7.1452e-41
4.69613e-40
3.08968e-39
2.03481e-38
1.3414e-37
8.85397e-37
5.84754e-36
3.86553e-35
2.55745e-34
1.69334e-33
1.12202e-32
7.43957e-32
4.93578e-31
3.27636e-30
2.1758e-29
1.44543e-28
9.60462e-28
6.38289e-27
4.24182e-26
2.81852e-25
1.87222e-24
1.24303e-23
8.24729e-23
5.46699e-22
3.61983e-21
2.39338e-20
1.57974e-19
1.04054e-18
6.83696e-18
4.47918e-17
2.92446e-16
1.90172e-15
1.20379e-14
7.77287e-14
4.97985e-13
3.16828e-12
1.9996e-11
1.25005e-10
7.72684e-10
4.71161e-09
2.8304e-08
1.67643e-07
9.75346e-07
5.53674e-06
3.04908e-05
0.000161656
0.000816546
0.00387482
0.016988
0.068076
7.75919e-80
5.59871e-79
3.1998e-78
1.74386e-77
9.43236e-77
5.11308e-76
2.78447e-75
1.52602e-74
8.39905e-74
4.64989e-73
2.59553e-72
1.4524e-71
8.17245e-71
4.62354e-70
2.6298e-69
1.5037e-68
8.64248e-68
4.99472e-67
2.89977e-66
1.66942e-65
9.81832e-65
5.78979e-64
3.42986e-63
2.04109e-62
1.22008e-61
7.32511e-61
4.41685e-60
2.67412e-59
1.62571e-58
9.92363e-58
6.08194e-57
3.74226e-56
2.31166e-55
1.43349e-54
8.9233e-54
5.57576e-53
3.49721e-52
2.20176e-51
1.39138e-50
8.82556e-50
5.61896e-49
3.59077e-48
2.30322e-47
1.48287e-46
9.58236e-46
6.21521e-45
4.046e-44
2.64277e-43
1.73185e-42
1.1358e-41
7.45602e-41
4.89916e-40
3.22204e-39
2.12081e-38
1.39695e-37
9.20879e-37
6.07737e-36
4.014e-35
2.65319e-34
1.75497e-33
1.16161e-32
7.69337e-32
5.09815e-31
3.38e-30
2.2418e-29
1.48735e-28
9.87018e-28
6.55066e-27
4.34751e-26
2.88491e-25
1.9138e-24
1.26899e-23
8.40889e-23
5.56733e-22
3.68199e-21
2.43184e-20
1.60352e-19
1.05527e-18
6.92851e-18
4.53661e-17
2.96098e-16
1.87976e-15
1.218e-14
7.84344e-14
5.01418e-13
3.18863e-12
2.01116e-11
1.25659e-10
7.76377e-10
4.73266e-09
2.84232e-08
1.68288e-07
9.78572e-07
5.55207e-06
3.05593e-05
0.000161936
0.000817547
0.00387781
0.0169947
0.0680849
5.91109e-80
4.27081e-79
2.44605e-78
1.33694e-77
7.258e-77
3.95178e-76
2.16298e-75
1.1937e-74
6.63187e-74
3.70823e-73
2.0838e-72
1.17848e-71
6.70472e-71
3.8363e-70
2.20727e-69
1.27687e-68
7.42585e-68
4.33451e-67
2.54694e-66
1.48244e-65
8.80309e-65
5.24148e-64
3.13461e-63
1.88275e-62
1.13562e-61
6.87792e-61
4.18238e-60
2.55333e-59
1.56484e-58
9.6267e-58
5.9443e-57
3.68394e-56
2.29132e-55
1.43022e-54
8.95857e-54
5.63084e-53
3.55118e-52
2.24709e-51
1.42661e-50
9.0868e-50
5.80674e-49
3.72274e-48
2.39439e-47
1.54501e-46
1.00017e-45
6.49567e-45
4.23232e-44
2.76551e-43
1.81241e-42
1.18856e-41
7.80085e-41
5.12421e-40
3.36883e-39
2.21673e-38
1.46006e-37
9.62462e-37
6.34918e-36
4.18979e-35
2.76662e-34
1.82801e-33
1.20854e-32
7.99421e-32
5.29051e-31
3.50269e-30
2.31983e-29
1.53684e-28
1.01831e-27
6.74787e-27
4.47136e-26
2.9624e-25
1.96209e-24
1.29896e-23
8.59398e-23
5.68108e-22
3.75153e-21
2.4741e-20
1.62906e-19
1.07061e-18
7.0201e-18
4.59095e-17
2.99299e-16
1.94413e-15
1.23386e-14
7.89888e-14
5.05602e-13
3.21221e-12
2.02458e-11
1.2642e-10
7.80706e-10
4.75757e-09
2.85662e-08
1.69068e-07
9.82503e-07
5.57088e-06
3.06436e-05
0.00016228
0.000818801
0.0038816
0.0170032
0.0680966
4.30938e-80
3.12578e-79
1.80057e-78
9.91176e-78
5.42621e-77
2.98283e-76
1.65015e-75
9.17272e-75
5.1329e-74
2.89254e-73
1.64135e-72
9.36688e-72
5.37972e-71
3.10859e-70
1.80681e-69
1.05609e-68
6.20706e-68
3.66444e-67
2.17641e-66
1.28264e-65
7.6999e-65
4.63457e-64
2.80134e-63
1.70022e-62
1.03603e-61
6.33735e-61
3.89099e-60
2.39763e-59
1.48263e-58
9.19952e-58
5.72727e-57
3.57722e-56
2.24144e-55
1.40886e-54
8.88255e-54
5.61718e-53
3.5628e-52
2.26641e-51
1.44593e-50
9.25131e-50
5.93606e-49
3.81963e-48
2.46472e-47
1.59489e-46
1.03492e-45
6.7343e-45
4.39429e-44
2.8744e-43
1.88511e-42
1.23694e-41
8.12208e-41
5.33692e-40
3.5092e-39
2.30894e-38
1.52018e-37
1.00149e-36
6.60162e-36
4.35416e-35
2.8734e-34
1.89721e-33
1.25326e-32
8.28245e-32
5.47578e-31
3.62142e-30
2.39569e-29
1.58515e-28
1.04897e-27
6.94173e-27
4.59346e-26
3.03898e-25
2.0099e-24
1.32866e-23
8.77758e-23
5.79393e-22
3.82046e-21
2.51592e-20
1.65424e-19
1.08563e-18
7.10891e-18
4.64287e-17
3.02299e-16
1.92289e-15
1.24241e-14
7.97545e-14
5.09567e-13
3.23445e-12
2.0373e-11
1.27145e-10
7.84875e-10
4.78207e-09
2.87108e-08
1.69878e-07
9.8669e-07
5.59161e-06
3.07409e-05
0.000162702
0.00082038
0.00388648
0.0170144
0.0681126
2.68285e-80
1.9533e-79
1.1315e-78
6.27237e-78
3.46227e-77
1.92115e-76
1.07386e-75
6.07205e-75
3.44679e-74
1.97105e-73
1.14176e-72
6.62162e-72
3.86512e-71
2.2701e-70
1.34111e-69
7.96658e-69
4.75904e-68
2.85596e-67
1.72329e-66
1.0365e-65
6.33822e-65
3.87428e-64
2.377e-63
1.4637e-62
9.04469e-62
5.60776e-61
3.48806e-60
2.17632e-59
1.36195e-58
8.54785e-58
5.37985e-57
3.39521e-56
2.14841e-55
1.36299e-54
8.66898e-54
5.52742e-53
3.53293e-52
2.26355e-51
1.45369e-50
9.35761e-50
6.03756e-49
3.90437e-48
2.53061e-47
1.64391e-46
1.0703e-45
6.98401e-45
4.56747e-44
2.99377e-43
1.96603e-42
1.29097e-41
8.48178e-41
5.57758e-40
3.66943e-39
2.41524e-38
1.59047e-37
1.04782e-36
6.90661e-36
4.55432e-35
3.00437e-34
1.98264e-33
1.30883e-32
8.6427e-32
5.7086e-31
3.77139e-30
2.49196e-29
1.64673e-28
1.08821e-27
7.19075e-27
4.75084e-26
3.13799e-25
2.07189e-24
1.36727e-23
9.01665e-23
5.94103e-22
3.91035e-21
2.57043e-20
1.687e-19
1.10513e-18
7.22345e-18
4.70911e-17
3.06051e-16
1.98188e-15
1.25533e-14
8.06298e-14
5.14247e-13
3.26013e-12
2.0521e-11
1.27996e-10
7.8982e-10
4.81142e-09
2.88841e-08
1.70832e-07
9.91623e-07
5.61623e-06
3.08572e-05
0.00016321
0.000822375
0.00389284
0.0170297
0.0681356
1.37787e-80
1.01421e-79
5.96655e-79
3.36793e-78
1.89741e-77
1.07692e-76
6.16992e-76
3.55024e-75
2.07158e-74
1.22017e-73
7.13055e-73
4.22457e-72
2.5205e-71
1.51341e-70
9.1407e-70
5.47902e-69
3.30812e-68
2.03009e-67
1.2496e-66
7.62678e-66
4.72014e-65
2.93695e-64
1.83354e-63
1.14826e-62
7.21217e-62
4.54262e-61
2.8688e-60
1.81634e-59
1.15278e-58
7.3335e-58
4.67573e-57
2.98764e-56
1.91301e-55
1.22741e-54
7.89076e-54
5.08261e-53
3.27999e-52
2.1206e-51
1.37351e-50
8.91208e-50
5.79278e-49
3.77178e-48
2.46008e-47
1.60727e-46
1.05187e-45
6.8954e-45
4.52778e-44
2.9781e-43
1.96167e-42
1.29237e-41
8.51718e-41
5.61499e-40
3.70288e-39
2.44267e-38
1.61182e-37
1.06174e-36
7.01102e-36
4.62959e-35
3.05772e-34
2.02006e-33
1.33477e-32
8.82088e-32
5.82995e-31
3.85343e-30
2.54707e-29
1.68353e-28
1.11266e-27
7.35246e-27
4.85734e-26
3.20789e-25
2.11764e-24
1.39715e-23
9.21155e-23
6.06813e-22
3.99331e-21
2.62469e-20
1.72264e-19
1.12867e-18
7.38012e-18
4.81441e-17
3.13213e-16
2.03124e-15
1.29349e-14
8.3122e-14
5.23133e-13
3.26858e-12
2.06122e-11
1.28573e-10
7.93691e-10
4.8396e-09
2.90773e-08
1.71735e-07
9.95986e-07
5.63845e-06
3.09694e-05
0.000163739
0.000824619
0.00390102
0.017052
0.0681726
6.14232e-81
4.50674e-80
2.64138e-79
1.4873e-78
8.37026e-78
4.75343e-77
2.72872e-76
1.58339e-75
9.27255e-75
5.47772e-74
3.31404e-73
2.02e-72
1.23887e-71
7.63974e-71
4.73413e-70
2.94716e-69
1.84298e-68
1.15732e-67
7.26771e-67
4.56587e-66
2.89785e-65
1.8428e-64
1.17489e-63
7.5086e-63
4.80948e-62
3.08713e-61
1.98552e-60
1.27942e-59
8.25895e-59
5.34043e-58
3.45886e-57
2.24371e-56
1.45764e-55
9.48338e-55
6.17847e-54
4.03076e-53
2.63308e-52
1.72225e-51
1.12791e-50
7.39572e-50
4.85522e-49
3.19117e-48
2.09987e-47
1.38335e-46
9.12353e-46
6.02392e-45
3.98179e-44
2.63487e-43
1.74533e-42
1.15616e-41
7.66001e-41
5.07585e-40
3.36397e-39
2.22973e-38
1.47811e-37
9.79953e-37
6.49765e-36
4.3086e-35
2.85143e-34
1.89124e-33
1.25407e-32
8.31516e-32
5.51295e-31
3.65477e-30
2.42248e-29
1.60531e-28
1.06349e-27
7.04288e-27
4.66203e-26
3.08437e-25
2.03929e-24
1.34728e-23
8.89302e-23
5.86381e-22
3.86166e-21
2.53945e-20
1.66716e-19
1.09237e-18
7.14136e-18
4.65645e-17
3.027e-16
1.94034e-15
1.25443e-14
8.02841e-14
5.12829e-13
3.25439e-12
2.05023e-11
1.28049e-10
7.91655e-10
4.83607e-09
2.91235e-08
1.72391e-07
9.99197e-07
5.64625e-06
3.10227e-05
0.000164082
0.000826607
0.00391098
0.0170872
0.0682421
1.28601e-81
9.58413e-81
5.70214e-80
3.26791e-79
1.88622e-78
1.10709e-77
6.60049e-77
3.99585e-76
2.45286e-75
1.5227e-74
9.54694e-74
6.03327e-73
3.83867e-72
2.45666e-71
1.58019e-70
1.02022e-69
6.60532e-69
4.28705e-68
2.78857e-67
1.81753e-66
1.18694e-65
7.76374e-65
5.08576e-64
3.33605e-63
2.19108e-62
1.44077e-61
9.48439e-61
6.24991e-60
4.12253e-59
2.7218e-58
1.7986e-57
1.18954e-56
7.87371e-56
5.21577e-55
3.4577e-54
2.2939e-53
1.5229e-52
1.01174e-51
6.7261e-51
4.4745e-50
2.97857e-49
1.98403e-48
1.32239e-47
8.81945e-47
5.88554e-46
3.93e-45
2.62578e-44
1.75543e-43
1.17427e-42
7.85527e-42
5.25526e-41
3.51614e-40
2.35274e-39
1.57439e-38
1.05361e-37
7.05131e-37
4.71926e-36
3.15853e-35
2.11395e-34
1.41484e-33
9.46876e-33
6.33636e-32
4.23296e-31
2.83215e-30
1.89411e-29
1.2664e-28
8.46418e-28
5.65476e-27
3.77593e-26
2.51984e-25
1.68041e-24
1.11969e-23
7.45353e-23
4.95609e-22
3.29119e-21
2.18232e-20
1.44455e-19
9.54307e-19
6.29002e-18
4.13502e-17
2.71016e-16
1.75873e-15
1.14275e-14
7.35636e-14
4.73601e-13
3.02808e-12
1.92188e-11
1.20929e-10
7.53231e-10
4.63563e-09
2.81255e-08
1.67758e-07
9.80189e-07
5.58399e-06
3.08193e-05
0.000163414
0.000825907
0.00392525
0.0171927
0.0685037
2.70293e-82
2.08732e-81
1.24099e-80
7.15504e-80
4.20759e-79
2.53722e-78
1.56161e-77
9.76357e-77
6.17855e-76
3.94672e-75
2.53995e-74
1.64441e-73
1.06983e-72
6.98832e-72
4.58031e-71
3.01048e-70
1.98343e-69
1.30952e-68
8.66191e-68
5.73275e-67
3.80423e-66
2.52754e-65
1.68136e-64
1.11973e-63
7.46491e-63
4.98146e-62
3.32726e-61
2.22428e-60
1.48815e-59
9.96413e-59
6.67656e-58
4.47685e-57
3.00391e-56
2.0169e-55
1.35505e-54
9.10939e-54
6.12745e-53
4.124e-52
2.77714e-51
1.87115e-50
1.26139e-49
8.50757e-49
5.74084e-48
3.87571e-47
2.61773e-46
1.7688e-45
1.19561e-44
8.08436e-44
5.46816e-43
3.69968e-42
2.50389e-41
1.69509e-40
1.14787e-39
7.77528e-39
5.26809e-38
3.57026e-37
2.42018e-36
1.64093e-35
1.1128e-34
7.54766e-34
5.11994e-33
3.47342e-32
2.35651e-31
1.59886e-30
1.08474e-29
7.35855e-29
4.99087e-28
3.38409e-27
2.29378e-26
1.55402e-25
1.05223e-24
7.11961e-24
4.81311e-23
3.25048e-22
2.19251e-21
1.47676e-20
9.93005e-20
6.66414e-19
4.46222e-18
2.98e-17
1.98408e-16
1.31636e-15
8.6782e-15
5.70954e-14
3.73552e-13
2.42869e-12
1.56754e-11
1.00312e-10
6.35528e-10
3.97921e-09
2.45697e-08
1.49208e-07
8.88306e-07
5.16369e-06
2.91647e-05
0.000159123
0.000800542
0.00388345
0.0174616
0.0695828
)
;

boundaryField
{
    fuel
    {
        type            fixedValue;
        value           uniform 0;
    }
    air
    {
        type            fixedValue;
        value           uniform 0.23;
    }
    outlet
    {
        type            zeroGradient;
    }
    frontAndBack
    {
        type            empty;
    }
}


// ************************************************************************* //
