/*--------------------------------*- C++ -*----------------------------------*\
| =========                 |                                                 |
| \\      /  F ield         | OpenFOAM: The Open Source CFD Toolbox           |
|  \\    /   O peration     | Version:  2406                                  |
|   \\  /    A nd           | Website:  www.openfoam.com                      |
|    \\/     M anipulation  |                                                 |
\*---------------------------------------------------------------------------*/
FoamFile
{
    version     2.0;
    format      ascii;
    arch        "LSB;label=32;scalar=64";
    class       volScalarField;
    location    "6.4416e-05";
    object      p;
}
// * * * * * * * * * * * * * * * * * * * * * * * * * * * * * * * * * * * * * //

dimensions      [1 -1 -2 0 0 0 0];

internalField   nonuniform List<scalar> 
4000
(
99998.7
99998.8
99999
99999.2
99999.5
99999.7
99999.8
99999.9
100000
100000
100000
100000
100000
100000
100000
100000
100000
100000
100000
100000
100000
100000
100000
100000
100000
100000
100000
100000
100000
100000
100000
100000
100000
100000
100000
100000
100000
100000
100000
100000
100000
100000
100000
100000
100000
100000
100000
100000
100000
100000
100000
100000
100000
100000
100000
100000
100000
100000
100000
100000
100000
100000
100000
100000
100000
100000
100000
100000
100000
100000
100000
100000
100000
100000
100000
100000
100000
100000
100000
100000
100000
100000
100000
100000
100000
100000
100000
100000
100000
100000
100000
99999.8
99999.7
99999.4
99999.1
99998.7
99998.1
99997.4
99997.1
99997.2
99996.9
99996.8
99996.9
99997.2
99997.5
99997.8
99998.2
99998.4
99998.7
99998.9
99999.1
99999.3
99999.5
99999.6
99999.7
99999.8
99999.9
100000
100000
100000
100000
100000
100000
100000
100000
100000
100000
100000
100001
100001
100001
100001
100001
100001
100001
100001
100001
100001
100001
100001
100001
100001
100001
100001
100001
100001
100001
100001
100001
100001
100001
100001
100001
100001
100001
100001
100001
100001
100001
100001
100001
100001
100001
100001
100001
100001
100001
100001
100001
100001
100001
100001
100001
100001
100001
100001
100001
100000
100000
100000
100000
100000
100000
100000
99999.8
99999.7
99999.5
99999.3
99999
99998.8
99998.5
99998.1
99997.7
99997.2
99996.7
99996.2
99995.7
99995.2
99995
99995.1
99996.6
99996.7
99997.1
99997.6
99998.1
99998.6
99999.1
99999.5
99999.8
100000
100000
100001
100001
100001
100001
100001
100001
100002
100002
100002
100002
100002
100002
100002
100002
100002
100002
100002
100002
100002
100002
100002
100002
100002
100002
100002
100002
100002
100002
100002
100002
100002
100002
100002
100002
100002
100002
100002
100002
100002
100002
100002
100002
100002
100002
100002
100002
100002
100002
100002
100002
100003
100003
100003
100003
100003
100003
100003
100003
100003
100003
100003
100003
100002
100002
100002
100002
100002
100002
100002
100002
100002
100002
100002
100001
100001
100001
100001
100000
100000
99999.7
99999.2
99998.6
99998
99997.3
99996.5
99995.7
99994.9
99994.3
99994.1
99996.5
99996.7
99997.2
99997.9
99998.7
99999.3
99999.9
100000
100001
100001
100002
100002
100002
100002
100003
100003
100003
100003
100003
100003
100003
100003
100004
100004
100004
100004
100004
100004
100004
100004
100004
100004
100004
100004
100004
100004
100004
100004
100004
100004
100004
100004
100004
100004
100004
100004
100004
100004
100004
100004
100004
100004
100004
100004
100004
100004
100004
100004
100004
100004
100004
100004
100004
100004
100004
100004
100004
100004
100004
100004
100004
100004
100004
100004
100004
100004
100004
100004
100004
100004
100004
100004
100004
100003
100003
100003
100003
100002
100002
100001
100001
100000
99999.6
99998.8
99997.8
99996.8
99995.6
99994.5
99993.7
99993.4
99996.7
99997
99997.6
99998.4
99999.3
100000
100001
100001
100002
100002
100003
100003
100004
100004
100004
100004
100004
100005
100005
100005
100005
100005
100005
100005
100005
100005
100005
100005
100005
100005
100005
100005
100005
100005
100005
100005
100005
100005
100005
100005
100005
100005
100005
100006
100006
100006
100006
100006
100006
100006
100006
100006
100006
100006
100006
100006
100006
100006
100006
100006
100006
100006
100006
100006
100006
100006
100006
100006
100006
100006
100006
100006
100006
100006
100006
100006
100006
100006
100006
100006
100006
100006
100005
100005
100005
100005
100004
100004
100003
100003
100002
100001
100000
99999.5
99998.4
99997.2
99995.8
99994.6
99993.6
99993.2
99997.3
99997.6
99998.3
99999.2
100000
100001
100002
100002
100003
100004
100004
100004
100005
100005
100005
100006
100006
100006
100006
100006
100006
100007
100007
100007
100007
100007
100007
100007
100007
100007
100007
100007
100007
100007
100007
100007
100007
100007
100007
100007
100007
100007
100007
100007
100007
100007
100007
100007
100007
100007
100007
100007
100007
100007
100007
100007
100007
100008
100008
100008
100008
100008
100008
100008
100008
100008
100008
100008
100008
100008
100008
100008
100008
100008
100008
100008
100008
100008
100008
100008
100008
100007
100007
100007
100007
100006
100006
100005
100005
100004
100003
100002
100002
100000
99999.2
99997.9
99996.4
99995.1
99994
99993.6
99998.2
99998.5
99999.2
100000
100001
100002
100003
100004
100004
100005
100005
100006
100006
100007
100007
100007
100007
100008
100008
100008
100008
100008
100008
100008
100008
100008
100008
100008
100008
100008
100008
100008
100008
100008
100008
100008
100008
100008
100009
100009
100009
100009
100009
100009
100009
100009
100009
100009
100009
100009
100009
100009
100009
100009
100009
100009
100009
100009
100009
100009
100009
100009
100009
100009
100010
100010
100010
100010
100010
100010
100010
100010
100010
100010
100010
100010
100010
100010
100010
100009
100009
100009
100009
100009
100008
100008
100007
100007
100006
100005
100005
100004
100003
100002
100000
99998.9
99997.4
99996
99994.9
99994.4
99999.2
99999.5
100000
100001
100002
100003
100004
100005
100005
100006
100007
100007
100008
100008
100008
100008
100009
100009
100009
100009
100009
100010
100010
100010
100010
100010
100010
100010
100010
100010
100010
100010
100010
100010
100010
100010
100010
100010
100010
100010
100010
100010
100010
100010
100010
100010
100010
100010
100010
100010
100010
100010
100010
100010
100010
100010
100011
100011
100011
100011
100011
100011
100011
100011
100011
100011
100011
100011
100011
100011
100011
100012
100012
100012
100012
100011
100011
100011
100011
100011
100011
100011
100010
100010
100010
100009
100009
100008
100008
100007
100006
100005
100004
100003
100002
100000
99998.5
99997.1
99996
99995.5
100000
100001
100001
100002
100003
100004
100005
100006
100007
100007
100008
100008
100009
100009
100010
100010
100010
100010
100010
100011
100011
100011
100011
100011
100011
100011
100011
100011
100011
100011
100011
100011
100011
100011
100011
100011
100011
100011
100011
100011
100011
100011
100011
100011
100011
100011
100011
100011
100012
100012
100012
100012
100012
100012
100012
100012
100012
100012
100012
100012
100012
100012
100013
100013
100013
100013
100013
100013
100013
100013
100013
100013
100013
100013
100013
100013
100013
100013
100013
100013
100013
100012
100012
100012
100011
100011
100010
100010
100009
100008
100008
100007
100005
100004
100003
100001
99999.8
99998.4
99997.2
99996.7
100001
100002
100003
100003
100004
100005
100006
100007
100008
100009
100009
100010
100010
100010
100011
100011
100011
100012
100012
100012
100012
100012
100012
100012
100012
100012
100013
100013
100013
100013
100013
100013
100013
100013
100013
100013
100013
100013
100013
100013
100013
100013
100013
100013
100013
100013
100013
100013
100013
100013
100013
100013
100013
100013
100013
100013
100013
100013
100014
100014
100014
100014
100014
100014
100014
100014
100014
100014
100014
100015
100015
100015
100015
100015
100015
100015
100015
100015
100014
100014
100014
100014
100014
100013
100013
100012
100012
100011
100011
100010
100009
100008
100007
100006
100004
100003
100001
99999.7
99998.6
99998.1
100003
100003
100004
100005
100006
100007
100007
100008
100009
100010
100010
100011
100011
100012
100012
100012
100013
100013
100013
100013
100013
100013
100014
100014
100014
100014
100014
100014
100014
100014
100014
100014
100014
100014
100014
100014
100014
100014
100014
100014
100014
100014
100014
100014
100014
100014
100014
100014
100014
100014
100014
100014
100014
100014
100014
100015
100015
100015
100015
100015
100015
100015
100015
100015
100015
100016
100016
100016
100016
100016
100016
100016
100016
100016
100016
100016
100016
100016
100016
100016
100016
100015
100015
100015
100014
100014
100013
100013
100012
100011
100010
100009
100008
100007
100006
100004
100003
100001
99999.9
99999.4
100004
100004
100005
100006
100007
100008
100009
100009
100010
100011
100011
100012
100012
100013
100013
100013
100014
100014
100014
100014
100014
100015
100015
100015
100015
100015
100015
100015
100015
100015
100015
100015
100015
100015
100015
100015
100015
100015
100015
100015
100015
100015
100015
100015
100015
100015
100015
100015
100015
100015
100015
100015
100015
100015
100016
100016
100016
100016
100016
100016
100016
100016
100016
100017
100017
100017
100017
100017
100017
100017
100017
100017
100017
100017
100017
100017
100017
100017
100017
100017
100017
100017
100016
100016
100016
100015
100015
100014
100013
100013
100012
100011
100010
100008
100007
100005
100004
100002
100001
100001
100005
100005
100006
100007
100008
100009
100010
100010
100011
100012
100012
100013
100013
100014
100014
100014
100015
100015
100015
100015
100015
100016
100016
100016
100016
100016
100016
100016
100016
100016
100016
100016
100016
100016
100016
100016
100016
100016
100016
100016
100016
100016
100016
100016
100016
100016
100016
100016
100016
100016
100016
100016
100016
100016
100017
100017
100017
100017
100017
100017
100017
100017
100018
100018
100018
100018
100018
100018
100018
100018
100018
100019
100019
100019
100019
100019
100019
100019
100018
100018
100018
100018
100018
100017
100017
100016
100016
100015
100015
100014
100013
100012
100011
100010
100008
100007
100005
100004
100002
100002
100006
100006
100007
100008
100009
100010
100011
100011
100012
100013
100013
100014
100014
100015
100015
100015
100016
100016
100016
100016
100016
100016
100017
100017
100017
100017
100017
100017
100017
100017
100017
100017
100017
100017
100017
100017
100017
100017
100017
100017
100017
100017
100017
100017
100017
100017
100017
100017
100017
100017
100017
100017
100017
100017
100018
100018
100018
100018
100018
100018
100018
100018
100019
100019
100019
100019
100019
100019
100019
100019
100019
100020
100020
100020
100020
100020
100020
100020
100020
100019
100019
100019
100019
100018
100018
100018
100017
100016
100016
100015
100014
100013
100012
100011
100009
100008
100006
100005
100004
100003
100006
100007
100008
100008
100009
100010
100011
100012
100013
100014
100014
100015
100015
100015
100016
100016
100016
100017
100017
100017
100017
100017
100017
100017
100017
100018
100018
100018
100018
100018
100018
100018
100018
100018
100018
100018
100017
100017
100017
100017
100017
100017
100018
100018
100018
100018
100018
100018
100018
100018
100018
100018
100018
100018
100018
100018
100019
100019
100019
100019
100019
100019
100019
100019
100020
100020
100020
100020
100020
100020
100020
100020
100021
100021
100021
100021
100021
100021
100020
100020
100020
100020
100020
100019
100019
100019
100018
100017
100017
100016
100015
100014
100013
100012
100010
100009
100007
100006
100005
100004
100007
100007
100008
100009
100010
100011
100012
100013
100014
100014
100015
100015
100016
100016
100017
100017
100017
100017
100018
100018
100018
100018
100018
100018
100018
100018
100018
100018
100018
100018
100018
100018
100018
100018
100018
100018
100018
100018
100018
100018
100018
100018
100018
100018
100018
100018
100018
100018
100018
100018
100019
100019
100019
100019
100019
100019
100019
100019
100019
100020
100020
100020
100020
100020
100020
100020
100021
100021
100021
100021
100021
100021
100021
100021
100021
100021
100021
100021
100021
100021
100021
100021
100021
100020
100020
100019
100019
100018
100018
100017
100016
100015
100014
100013
100011
100010
100008
100007
100006
100005
100008
100008
100009
100010
100011
100012
100013
100013
100014
100015
100015
100016
100016
100017
100017
100017
100018
100018
100018
100018
100018
100018
100019
100019
100019
100019
100019
100019
100019
100019
100019
100019
100019
100019
100019
100019
100019
100019
100019
100019
100019
100019
100019
100019
100019
100019
100019
100019
100019
100019
100019
100019
100019
100019
100020
100020
100020
100020
100020
100020
100020
100020
100021
100021
100021
100021
100021
100021
100021
100022
100022
100022
100022
100022
100022
100022
100022
100022
100022
100022
100022
100021
100021
100021
100021
100020
100020
100019
100018
100017
100017
100016
100014
100013
100012
100010
100009
100007
100006
100006
100008
100008
100009
100010
100011
100012
100013
100014
100015
100015
100016
100016
100017
100017
100017
100018
100018
100018
100018
100019
100019
100019
100019
100019
100019
100019
100019
100019
100019
100019
100019
100019
100019
100019
100019
100019
100019
100019
100019
100019
100019
100019
100019
100019
100019
100019
100019
100019
100019
100019
100019
100020
100020
100020
100020
100020
100020
100020
100020
100021
100021
100021
100021
100021
100021
100022
100022
100022
100022
100022
100022
100022
100022
100022
100023
100023
100023
100022
100022
100022
100022
100022
100022
100021
100021
100021
100020
100019
100019
100018
100017
100016
100015
100014
100012
100011
100009
100008
100007
100006
100008
100009
100010
100010
100011
100012
100013
100014
100015
100015
100016
100017
100017
100017
100018
100018
100018
100019
100019
100019
100019
100019
100019
100019
100019
100019
100019
100019
100019
100019
100019
100019
100019
100019
100019
100019
100019
100019
100019
100019
100019
100019
100019
100019
100019
100019
100019
100020
100020
100020
100020
100020
100020
100020
100020
100020
100020
100021
100021
100021
100021
100021
100021
100021
100022
100022
100022
100022
100022
100022
100023
100023
100023
100023
100023
100023
100023
100023
100023
100023
100022
100022
100022
100022
100021
100021
100020
100020
100019
100018
100017
100016
100015
100014
100013
100011
100010
100008
100007
100007
100009
100009
100010
100011
100012
100013
100013
100014
100015
100016
100016
100017
100017
100018
100018
100018
100018
100019
100019
100019
100019
100019
100019
100019
100019
100020
100020
100020
100020
100020
100020
100020
100019
100019
100019
100019
100019
100019
100019
100019
100019
100019
100019
100019
100020
100020
100020
100020
100020
100020
100020
100020
100020
100020
100020
100020
100021
100021
100021
100021
100021
100021
100021
100022
100022
100022
100022
100022
100022
100023
100023
100023
100023
100023
100023
100023
100023
100023
100023
100023
100023
100022
100022
100022
100022
100021
100021
100020
100019
100019
100018
100017
100016
100014
100013
100012
100010
100009
100007
100007
100009
100009
100010
100011
100012
100013
100013
100014
100015
100016
100016
100017
100017
100018
100018
100018
100018
100019
100019
100019
100019
100019
100019
100019
100019
100020
100020
100020
100020
100020
100020
100020
100019
100019
100019
100019
100019
100019
100019
100019
100019
100019
100019
100019
100020
100020
100020
100020
100020
100020
100020
100020
100020
100020
100020
100020
100021
100021
100021
100021
100021
100021
100021
100022
100022
100022
100022
100022
100022
100023
100023
100023
100023
100023
100023
100023
100023
100023
100023
100023
100023
100022
100022
100022
100022
100021
100021
100020
100019
100019
100018
100017
100016
100014
100013
100012
100010
100009
100007
100007
100008
100009
100010
100010
100011
100012
100013
100014
100015
100015
100016
100017
100017
100017
100018
100018
100018
100019
100019
100019
100019
100019
100019
100019
100019
100019
100019
100019
100019
100019
100019
100019
100019
100019
100019
100019
100019
100019
100019
100019
100019
100019
100019
100019
100019
100019
100019
100020
100020
100020
100020
100020
100020
100020
100020
100020
100020
100021
100021
100021
100021
100021
100021
100021
100022
100022
100022
100022
100022
100022
100023
100023
100023
100023
100023
100023
100023
100023
100023
100023
100022
100022
100022
100022
100021
100021
100020
100020
100019
100018
100017
100016
100015
100014
100013
100011
100010
100008
100007
100007
100008
100008
100009
100010
100011
100012
100013
100014
100015
100015
100016
100016
100017
100017
100017
100018
100018
100018
100018
100019
100019
100019
100019
100019
100019
100019
100019
100019
100019
100019
100019
100019
100019
100019
100019
100019
100019
100019
100019
100019
100019
100019
100019
100019
100019
100019
100019
100019
100019
100019
100019
100020
100020
100020
100020
100020
100020
100020
100020
100021
100021
100021
100021
100021
100021
100022
100022
100022
100022
100022
100022
100022
100022
100022
100023
100023
100023
100022
100022
100022
100022
100022
100022
100021
100021
100021
100020
100019
100019
100018
100017
100016
100015
100014
100012
100011
100009
100008
100007
100006
100008
100008
100009
100010
100011
100012
100013
100013
100014
100015
100015
100016
100016
100017
100017
100017
100018
100018
100018
100018
100018
100018
100019
100019
100019
100019
100019
100019
100019
100019
100019
100019
100019
100019
100019
100019
100019
100019
100019
100019
100019
100019
100019
100019
100019
100019
100019
100019
100019
100019
100019
100019
100019
100019
100020
100020
100020
100020
100020
100020
100020
100020
100021
100021
100021
100021
100021
100021
100021
100022
100022
100022
100022
100022
100022
100022
100022
100022
100022
100022
100022
100021
100021
100021
100021
100020
100020
100019
100018
100017
100017
100016
100014
100013
100012
100010
100009
100007
100006
100006
100007
100007
100008
100009
100010
100011
100012
100013
100014
100014
100015
100015
100016
100016
100017
100017
100017
100017
100018
100018
100018
100018
100018
100018
100018
100018
100018
100018
100018
100018
100018
100018
100018
100018
100018
100018
100018
100018
100018
100018
100018
100018
100018
100018
100018
100018
100018
100018
100018
100018
100019
100019
100019
100019
100019
100019
100019
100019
100019
100020
100020
100020
100020
100020
100020
100020
100021
100021
100021
100021
100021
100021
100021
100021
100021
100021
100021
100021
100021
100021
100021
100021
100021
100020
100020
100019
100019
100018
100018
100017
100016
100015
100014
100013
100011
100010
100008
100007
100006
100005
100006
100007
100008
100008
100009
100010
100011
100012
100013
100014
100014
100015
100015
100015
100016
100016
100016
100017
100017
100017
100017
100017
100017
100017
100017
100018
100018
100018
100018
100018
100018
100018
100018
100018
100018
100018
100017
100017
100017
100017
100017
100017
100018
100018
100018
100018
100018
100018
100018
100018
100018
100018
100018
100018
100018
100018
100019
100019
100019
100019
100019
100019
100019
100019
100020
100020
100020
100020
100020
100020
100020
100020
100021
100021
100021
100021
100021
100021
100020
100020
100020
100020
100020
100019
100019
100019
100018
100017
100017
100016
100015
100014
100013
100012
100010
100009
100007
100006
100005
100004
100006
100006
100007
100008
100009
100010
100011
100011
100012
100013
100013
100014
100014
100015
100015
100015
100016
100016
100016
100016
100016
100016
100017
100017
100017
100017
100017
100017
100017
100017
100017
100017
100017
100017
100017
100017
100017
100017
100017
100017
100017
100017
100017
100017
100017
100017
100017
100017
100017
100017
100017
100017
100017
100017
100018
100018
100018
100018
100018
100018
100018
100018
100019
100019
100019
100019
100019
100019
100019
100019
100019
100020
100020
100020
100020
100020
100020
100020
100020
100019
100019
100019
100019
100018
100018
100018
100017
100016
100016
100015
100014
100013
100012
100011
100009
100008
100006
100005
100004
100003
100005
100005
100006
100007
100008
100009
100010
100010
100011
100012
100012
100013
100013
100014
100014
100014
100015
100015
100015
100015
100015
100016
100016
100016
100016
100016
100016
100016
100016
100016
100016
100016
100016
100016
100016
100016
100016
100016
100016
100016
100016
100016
100016
100016
100016
100016
100016
100016
100016
100016
100016
100016
100016
100016
100017
100017
100017
100017
100017
100017
100017
100017
100018
100018
100018
100018
100018
100018
100018
100018
100018
100019
100019
100019
100019
100019
100019
100019
100018
100018
100018
100018
100018
100017
100017
100016
100016
100015
100015
100014
100013
100012
100011
100010
100008
100007
100005
100004
100002
100002
100004
100004
100005
100006
100007
100008
100009
100009
100010
100011
100011
100012
100012
100013
100013
100013
100014
100014
100014
100014
100014
100015
100015
100015
100015
100015
100015
100015
100015
100015
100015
100015
100015
100015
100015
100015
100015
100015
100015
100015
100015
100015
100015
100015
100015
100015
100015
100015
100015
100015
100015
100015
100015
100015
100016
100016
100016
100016
100016
100016
100016
100016
100016
100017
100017
100017
100017
100017
100017
100017
100017
100017
100017
100017
100017
100017
100017
100017
100017
100017
100017
100017
100016
100016
100016
100015
100015
100014
100013
100013
100012
100011
100010
100008
100007
100005
100004
100002
100001
100001
100003
100003
100004
100005
100006
100007
100007
100008
100009
100010
100010
100011
100011
100012
100012
100012
100013
100013
100013
100013
100013
100013
100014
100014
100014
100014
100014
100014
100014
100014
100014
100014
100014
100014
100014
100014
100014
100014
100014
100014
100014
100014
100014
100014
100014
100014
100014
100014
100014
100014
100014
100014
100014
100014
100014
100015
100015
100015
100015
100015
100015
100015
100015
100015
100015
100016
100016
100016
100016
100016
100016
100016
100016
100016
100016
100016
100016
100016
100016
100016
100016
100015
100015
100015
100014
100014
100013
100013
100012
100011
100010
100009
100008
100007
100006
100004
100003
100001
99999.9
99999.4
100001
100002
100003
100003
100004
100005
100006
100007
100008
100009
100009
100010
100010
100010
100011
100011
100011
100012
100012
100012
100012
100012
100012
100012
100012
100012
100013
100013
100013
100013
100013
100013
100013
100013
100013
100013
100013
100013
100013
100013
100013
100013
100013
100013
100013
100013
100013
100013
100013
100013
100013
100013
100013
100013
100013
100013
100013
100013
100014
100014
100014
100014
100014
100014
100014
100014
100014
100014
100014
100015
100015
100015
100015
100015
100015
100015
100015
100015
100014
100014
100014
100014
100014
100013
100013
100012
100012
100011
100011
100010
100009
100008
100007
100006
100004
100003
100001
99999.7
99998.6
99998.1
100000
100001
100001
100002
100003
100004
100005
100006
100007
100007
100008
100008
100009
100009
100010
100010
100010
100010
100010
100011
100011
100011
100011
100011
100011
100011
100011
100011
100011
100011
100011
100011
100011
100011
100011
100011
100011
100011
100011
100011
100011
100011
100011
100011
100011
100011
100011
100011
100012
100012
100012
100012
100012
100012
100012
100012
100012
100012
100012
100012
100012
100012
100013
100013
100013
100013
100013
100013
100013
100013
100013
100013
100013
100013
100013
100013
100013
100013
100013
100013
100013
100012
100012
100012
100011
100011
100010
100010
100009
100008
100008
100007
100005
100004
100003
100001
99999.8
99998.4
99997.2
99996.7
99999.2
99999.5
100000
100001
100002
100003
100004
100005
100005
100006
100007
100007
100008
100008
100008
100008
100009
100009
100009
100009
100009
100010
100010
100010
100010
100010
100010
100010
100010
100010
100010
100010
100010
100010
100010
100010
100010
100010
100010
100010
100010
100010
100010
100010
100010
100010
100010
100010
100010
100010
100010
100010
100010
100010
100010
100010
100011
100011
100011
100011
100011
100011
100011
100011
100011
100011
100011
100011
100011
100011
100011
100012
100012
100012
100012
100011
100011
100011
100011
100011
100011
100011
100010
100010
100010
100009
100009
100008
100008
100007
100006
100005
100004
100003
100002
100000
99998.5
99997.1
99996
99995.5
99998.2
99998.5
99999.2
100000
100001
100002
100003
100004
100004
100005
100005
100006
100006
100007
100007
100007
100007
100008
100008
100008
100008
100008
100008
100008
100008
100008
100008
100008
100008
100008
100008
100008
100008
100008
100008
100008
100008
100008
100009
100009
100009
100009
100009
100009
100009
100009
100009
100009
100009
100009
100009
100009
100009
100009
100009
100009
100009
100009
100009
100009
100009
100009
100009
100009
100010
100010
100010
100010
100010
100010
100010
100010
100010
100010
100010
100010
100010
100010
100010
100009
100009
100009
100009
100009
100008
100008
100007
100007
100006
100005
100005
100004
100003
100002
100000
99998.9
99997.4
99996
99994.9
99994.4
99997.3
99997.6
99998.3
99999.2
100000
100001
100002
100002
100003
100004
100004
100004
100005
100005
100005
100006
100006
100006
100006
100006
100006
100007
100007
100007
100007
100007
100007
100007
100007
100007
100007
100007
100007
100007
100007
100007
100007
100007
100007
100007
100007
100007
100007
100007
100007
100007
100007
100007
100007
100007
100007
100007
100007
100007
100007
100007
100007
100008
100008
100008
100008
100008
100008
100008
100008
100008
100008
100008
100008
100008
100008
100008
100008
100008
100008
100008
100008
100008
100008
100008
100008
100007
100007
100007
100007
100006
100006
100005
100005
100004
100003
100002
100002
100000
99999.2
99997.9
99996.4
99995.1
99994
99993.6
99996.7
99997
99997.6
99998.4
99999.3
100000
100001
100001
100002
100002
100003
100003
100004
100004
100004
100004
100004
100005
100005
100005
100005
100005
100005
100005
100005
100005
100005
100005
100005
100005
100005
100005
100005
100005
100005
100005
100005
100005
100005
100005
100005
100005
100005
100006
100006
100006
100006
100006
100006
100006
100006
100006
100006
100006
100006
100006
100006
100006
100006
100006
100006
100006
100006
100006
100006
100006
100006
100006
100006
100006
100006
100006
100006
100006
100006
100006
100006
100006
100006
100006
100006
100006
100005
100005
100005
100005
100004
100004
100003
100003
100002
100001
100000
99999.5
99998.4
99997.2
99995.8
99994.6
99993.6
99993.2
99996.5
99996.7
99997.2
99997.9
99998.7
99999.3
99999.9
100000
100001
100001
100002
100002
100002
100002
100003
100003
100003
100003
100003
100003
100003
100003
100004
100004
100004
100004
100004
100004
100004
100004
100004
100004
100004
100004
100004
100004
100004
100004
100004
100004
100004
100004
100004
100004
100004
100004
100004
100004
100004
100004
100004
100004
100004
100004
100004
100004
100004
100004
100004
100004
100004
100004
100004
100004
100004
100004
100004
100004
100004
100004
100004
100004
100004
100004
100004
100004
100004
100004
100004
100004
100004
100004
100004
100003
100003
100003
100003
100002
100002
100001
100001
100000
99999.6
99998.8
99997.8
99996.8
99995.6
99994.5
99993.7
99993.4
99996.6
99996.7
99997.1
99997.6
99998.1
99998.6
99999.1
99999.5
99999.8
100000
100000
100001
100001
100001
100001
100001
100001
100002
100002
100002
100002
100002
100002
100002
100002
100002
100002
100002
100002
100002
100002
100002
100002
100002
100002
100002
100002
100002
100002
100002
100002
100002
100002
100002
100002
100002
100002
100002
100002
100002
100002
100002
100002
100002
100002
100002
100002
100002
100002
100002
100002
100003
100003
100003
100003
100003
100003
100003
100003
100003
100003
100003
100003
100002
100002
100002
100002
100002
100002
100002
100002
100002
100002
100002
100001
100001
100001
100001
100000
100000
99999.7
99999.2
99998.6
99998
99997.3
99996.5
99995.7
99994.9
99994.3
99994.1
99996.9
99996.8
99996.9
99997.2
99997.5
99997.8
99998.2
99998.4
99998.7
99998.9
99999.1
99999.3
99999.5
99999.6
99999.7
99999.8
99999.9
100000
100000
100000
100000
100000
100000
100000
100000
100000
100000
100000
100001
100001
100001
100001
100001
100001
100001
100001
100001
100001
100001
100001
100001
100001
100001
100001
100001
100001
100001
100001
100001
100001
100001
100001
100001
100001
100001
100001
100001
100001
100001
100001
100001
100001
100001
100001
100001
100001
100001
100001
100001
100001
100001
100001
100001
100001
100001
100001
100001
100000
100000
100000
100000
100000
100000
100000
99999.8
99999.7
99999.5
99999.3
99999
99998.8
99998.5
99998.1
99997.7
99997.2
99996.7
99996.2
99995.7
99995.2
99995
99995.1
99998.7
99998.8
99999
99999.2
99999.5
99999.7
99999.8
99999.9
100000
100000
100000
100000
100000
100000
100000
100000
100000
100000
100000
100000
100000
100000
100000
100000
100000
100000
100000
100000
100000
100000
100000
100000
100000
100000
100000
100000
100000
100000
100000
100000
100000
100000
100000
100000
100000
100000
100000
100000
100000
100000
100000
100000
100000
100000
100000
100000
100000
100000
100000
100000
100000
100000
100000
100000
100000
100000
100000
100000
100000
100000
100000
100000
100000
100000
100000
100000
100000
100000
100000
100000
100000
100000
100000
100000
100000
100000
100000
100000
100000
100000
100000
99999.8
99999.7
99999.4
99999.1
99998.7
99998.1
99997.4
99997.1
99997.1
)
;

boundaryField
{
    fuel
    {
        type            zeroGradient;
    }
    air
    {
        type            zeroGradient;
    }
    outlet
    {
        type            totalPressure;
        rho             rho;
        psi             none;
        gamma           1;
        p0              uniform 100000;
        value           nonuniform List<scalar> 
200
(
99999.9
99999.8
99999.9
100000
100000
100000
100000
100000
99999.9
99999.9
99999.9
99999.9
99999.9
99999.9
99999.9
99999.9
99999.8
99999.8
99999.8
99999.8
99999.8
99999.8
99999.8
99999.8
99999.8
99999.8
99999.8
99999.8
99999.8
99999.8
99999.8
99999.8
99999.8
99999.8
99999.8
99999.8
99999.8
99999.8
99999.8
99999.8
99999.8
99999.8
99999.8
99999.8
99999.8
99999.8
99999.8
99999.8
99999.8
99999.8
99999.8
99999.8
99999.8
99999.8
99999.8
99999.8
99999.8
99999.8
99999.8
99999.8
99999.8
99999.8
99999.8
99999.8
99999.8
99999.8
99999.8
99999.8
99999.8
99999.8
99999.8
99999.8
99999.8
99999.8
99999.8
99999.8
99999.8
99999.8
99999.8
99999.8
99999.8
99999.8
99999.9
99999.9
99999.9
99999.9
99999.9
99999.9
100000
100000
100000
100000
100000
100000
99999.9
99999.8
99999.6
99999
99998.5
99999.4
99999.9
99999.8
99999.9
100000
100000
100000
100000
100000
99999.9
99999.9
99999.9
99999.9
99999.9
99999.9
99999.9
99999.9
99999.8
99999.8
99999.8
99999.8
99999.8
99999.8
99999.8
99999.8
99999.8
99999.8
99999.8
99999.8
99999.8
99999.8
99999.8
99999.8
99999.8
99999.8
99999.8
99999.8
99999.8
99999.8
99999.8
99999.8
99999.8
99999.8
99999.8
99999.8
99999.8
99999.8
99999.8
99999.8
99999.8
99999.8
99999.8
99999.8
99999.8
99999.8
99999.8
99999.8
99999.8
99999.8
99999.8
99999.8
99999.8
99999.8
99999.8
99999.8
99999.8
99999.8
99999.8
99999.8
99999.8
99999.8
99999.8
99999.8
99999.8
99999.8
99999.8
99999.8
99999.8
99999.8
99999.8
99999.8
99999.8
99999.8
99999.9
99999.9
99999.9
99999.9
99999.9
99999.9
100000
100000
100000
100000
100000
100000
99999.9
99999.8
99999.6
99999
99998.5
99999.4
)
;
    }
    frontAndBack
    {
        type            empty;
    }
}


// ************************************************************************* //
