/*--------------------------------*- C++ -*----------------------------------*\
| =========                 |                                                 |
| \\      /  F ield         | OpenFOAM: The Open Source CFD Toolbox           |
|  \\    /   O peration     | Version:  2406                                  |
|   \\  /    A nd           | Website:  www.openfoam.com                      |
|    \\/     M anipulation  |                                                 |
\*---------------------------------------------------------------------------*/
FoamFile
{
    version     2.0;
    format      ascii;
    arch        "LSB;label=32;scalar=64";
    class       volScalarField;
    location    "6.4416e-05";
    object      Qdot;
}
// * * * * * * * * * * * * * * * * * * * * * * * * * * * * * * * * * * * * * //

dimensions      [1 -1 -3 0 0 0 0];

internalField   nonuniform List<scalar> 
4000
(
-4.10973e-160
-4.07677e-158
-0.000103692
-5.12033e-156
-4.25696e-155
-6.32885e-09
-2.64332e-153
-9.88883e-11
-1.53872e-151
-3.49805e-84
-8.64761e-150
-6.42877e-149
-4.76067e-148
-3.51494e-147
-2.58941e-146
-1.9045e-145
-1.47355e-18
-1.02672e-143
-7.53302e-143
-0.000103692
-4.05792e-141
-2.97996e-140
-2.1891e-139
-1.60861e-138
-1.75661e-25
-2.19576e-26
-6.41872e-136
-0.000103692
-1.2603e-67
-0.000103692
-1.91112e-132
-0.000103692
-5.16221e-64
-7.79312e-130
-5.79237e-129
-0.000103692
-3.21119e-127
-2.39511e-126
-0.000103692
-1.33701e-124
-0.000103692
-7.49698e-123
-5.62297e-122
-2.21715e-54
-3.17324e-120
-2.38746e-119
-0.000103692
-5.95162e-46
-1.02237e-116
-7.71855e-116
-5.83149e-115
-4.40883e-114
-3.33547e-113
-0.000103692
-1.91279e-111
-7.61807e-44
-1.0996e-109
-8.34416e-109
-3.90045e-41
-0.000103692
-3.65692e-106
-2.70648e-58
-2.11422e-104
-1.60829e-103
-0.000103692
-9.31196e-102
-7.0866e-101
-5.39291e-100
-4.10349e-99
-0.000103692
-2.37382e-97
-1.80425e-96
-1.37042e-95
-1.04003e-94
-7.88458e-94
-5.96971e-93
-1.53846e-71
-1.92307e-72
-2.40384e-73
-1.92521e-89
-0.000103692
-5.75605e-21
-4.60484e-20
-5.8955e-86
-0.000103692
-3.16159e-84
-2.28792e-83
-1.63944e-82
-7.13191e-82
-5.41834e-81
-3.86282e-13
-0.000103692
-1.62972e-78
-1.03165e-77
-6.2553e-77
-3.58389e-76
-1.88949e-75
-0.000103692
-0.000103692
-2.37364e-75
-0.000103692
-7.61989e-157
-1.3344e-89
-0.000103894
-0.000103692
-0.000103692
-0.000103693
-2.27637e-151
-1.67613e-150
-1.22962e-149
-5.59688e-83
-0.000103692
-4.79083e-147
-1.50892e-15
-0.000103692
-0.000103692
-1.3461e-143
-9.80396e-143
-7.12557e-142
-0.000103692
-7.19507e-22
-0.000103692
-1.92307e-72
-2.81057e-24
-1.09024e-136
-0.000103692
-5.87698e-135
-0.000103692
-3.18172e-133
-1.07215e-29
-1.61319e-65
-1.27785e-130
-9.44837e-130
-6.99354e-129
-0.000103692
-3.84364e-127
-2.85387e-126
-2.12111e-125
-1.57804e-124
-1.17516e-123
-8.75965e-123
-0.000103692
-4.88031e-121
-0.000103692
-2.72797e-119
-2.04252e-118
-1.53058e-117
-1.1479e-116
-8.61603e-116
-0.000103692
-4.8656e-114
-3.65949e-113
-0.000103692
-0.000103692
-0.000103692
-0.000103692
-0.000103692
-6.68046e-108
-5.03827e-107
-3.4643e-56
-0.000103692
-2.16537e-104
-0.000103692
-1.2781e-36
-9.32704e-102
-7.04606e-101
-0.000103692
-5.2351e-33
-3.03799e-98
-2.29455e-97
-8.06595e-66
-1.3077e-95
-0.000103692
-7.43675e-94
-5.4894e-27
-4.21445e-92
-3.51322e-25
-0.000103692
-2.24846e-23
-1.20192e-73
-0.000103692
-1.878e-75
-5.42871e-86
-3.99439e-85
-0.000103692
-9.17014e-79
-1.88614e-16
-0.000103692
-0.000103692
-0.000103692
-0.000103692
-0.000103692
-0.000103692
-0.000103692
-4.01846e-76
-2.2528e-75
-1.2298e-74
-5.13985e-74
-6.89634e-74
-0.000103692
-1.44992e-157
-1.16511e-155
-1.2523e-154
-2.02523e-07
-1.70803e-87
-0.000103692
-2.74106e-151
-0.000103692
-1.21937e-149
-3.09026e-12
-3.86282e-13
-0.000103692
-0.000103692
-0.000103692
-1.23355e-144
-0.000103692
-2.9471e-18
-4.09282e-142
-2.85077e-141
-1.99097e-140
-0.000103692
-0.000103692
-7.03347e-138
-5.00251e-137
-3.56826e-136
-2.55227e-135
-1.8304e-134
-1.31611e-133
-0.000103692
-0.000103692
-1.34019e-30
-3.60362e-130
-2.62156e-129
-1.91121e-128
-1.39622e-127
-8.17985e-35
-4.22888e-60
-0.000103692
-0.000103692
-2.99137e-123
-2.21027e-122
-1.63597e-121
-1.21284e-120
-0.000103692
-0.000103692
-2.83795e-52
-0.000103692
-2.78327e-116
-2.08372e-115
-0.000103692
-1.17333e-113
-0.000103692
-6.63586e-112
-0.000103692
-1.13518e-51
-0.000103692
-2.14477e-108
-9.75114e-42
-0.000103692
-0.000103692
-4.99258e-39
-5.32571e-104
-1.35324e-58
-1.69155e-59
-0.000103692
-1.77059e-100
-6.54388e-34
-0.000103692
-0.000103692
-5.93819e-97
-1.61319e-65
-2.01649e-66
-0.000103692
-3.15076e-68
-0.000103692
-8.78304e-26
-8.79821e-91
-0.000103692
-0.000103692
-3.83845e-88
-2.90087e-87
-2.18648e-86
-1.64648e-85
-0.000103692
-9.09389e-84
-1.83405e-78
-0.000103692
-3.60016e-81
-1.87913e-80
-0.000103692
-0.000103692
-0.000103692
-4.00376e-77
-1.97777e-10
-1.60375e-75
-9.53275e-75
-5.28404e-74
-2.02523e-07
-3.38794e-73
-6.48074e-06
-9.43987e-157
-7.25103e-155
-1.62019e-06
-5.42164e-153
-3.40643e-152
-6.32885e-09
-1.30485e-150
-8.16296e-150
-5.12104e-149
-0.000103692
-2.04143e-147
-0.000103692
-8.47586e-146
-0.000103692
-3.62257e-144
-2.39245e-143
-1.59011e-142
-3.68387e-19
-0.000103692
-0.000103692
-0.000103692
-4.80768e-73
-3.84614e-72
-0.000103692
-7.50717e-136
-4.39152e-26
-5.4894e-27
-0.000103692
-8.57719e-29
-1.2867e-131
-0.000103692
-0.000103692
-0.000103692
-3.35093e-128
-6.54388e-34
-0.000103692
-0.000103692
-9.1799e-125
-6.68978e-124
-2.16519e-57
-2.49629e-39
-2.6316e-121
-1.10858e-54
-1.4295e-119
-0.000103692
-0.000103692
-0.000103692
-4.35815e-116
-3.25785e-115
-2.44116e-114
-1.83342e-113
-1.37917e-112
-5.95235e-46
-0.000103692
-0.000103692
-4.47573e-109
-3.38949e-108
-0.000103692
-1.9515e-106
-1.48358e-105
-1.12923e-104
-0.000103692
-3.19525e-37
-0.000103692
-3.83402e-101
-2.9344e-100
-2.24799e-99
-1.72361e-98
-1.32261e-97
-0.000103692
-0.000103692
-5.9989e-95
-0.000103692
-0.000103692
-2.72865e-92
-2.09797e-91
-7.02643e-25
-1.23826e-89
-0.000103692
-1.79877e-22
-0.000103692
-4.24995e-86
-0.000103692
-2.41475e-84
-0.000103692
-1.37516e-82
-0.000103692
-1.50892e-15
-4.16098e-80
-2.70329e-79
-0.000103692
-1.33048e-77
-2.47221e-11
-6.09538e-76
-3.95058e-75
-6.32885e-09
-1.3614e-73
-6.29094e-73
-9.28345e-73
-2.16539e-73
-0.000103692
-3.12373e-154
-3.15316e-153
-2.13844e-152
-0.000103692
-8.08392e-151
-4.37256e-85
-1.74902e-84
-0.000103692
-3.09026e-12
-3.86282e-13
-3.582e-81
-0.000103692
-0.000103692
-0.000103692
-5.81762e-143
-2.9471e-18
-4.695e-76
-0.000103692
-1.01402e-139
-6.68839e-139
-4.44105e-138
-2.9681e-137
-1.99602e-136
-2.46153e-70
-0.000103692
-6.28481e-134
-0.000103692
-8.57719e-29
-2.07486e-131
-0.000103692
-1.01508e-129
-7.14778e-129
-0.000103692
-0.000103692
-2.55958e-126
-1.83229e-125
-1.3167e-124
-1.59763e-37
-0.000103692
-1.73215e-56
-3.64243e-121
-0.000103692
-0.000103692
-1.43904e-118
-1.06344e-117
-7.88428e-117
-0.000103692
-0.000103692
-3.71976e-47
-2.45942e-113
-7.43953e-47
-1.39493e-111
-1.05341e-110
-7.96961e-110
-0.000103692
-4.58607e-108
-3.48804e-107
-5.54288e-55
-6.9286e-56
-0.000103692
-0.000103692
-9.10002e-103
-2.5562e-36
-0.000103692
-4.13828e-100
-3.19066e-99
-2.46288e-98
-1.03244e-63
-1.29055e-64
-2.68037e-30
-8.82625e-95
-6.84126e-94
-5.30525e-93
-0.000103692
-0.000103692
-0.000103692
-0.000103692
-1.48705e-88
-1.15114e-87
-6.0096e-74
-6.86949e-86
-0.000103692
-0.000103692
-2.93438e-77
-2.32874e-82
-0.000103692
-1.32797e-80
-0.000103692
-9.65706e-14
-0.000103692
-3.09026e-12
-2.47221e-11
-1.15942e-75
-7.91106e-10
-0.000103692
-0.000103742
-0.000103894
-0.000103692
-0.000103692
-1.36925e-155
-6.48074e-06
-1.00574e-152
-0.000103692
-1.36643e-86
-0.000103698
-7.91106e-10
-0.000103692
-4.63558e-148
-2.67741e-147
-0.000103692
-0.000103692
-5.52649e-145
-3.33584e-144
-1.88614e-16
-1.2501e-142
-7.74567e-142
-0.000103692
-0.000103692
-1.92648e-139
-1.23646e-138
-7.99903e-138
-5.21354e-137
-0.000103692
-0.000103692
-4.39152e-26
-0.000103692
-6.86175e-28
-8.57719e-29
-0.000103692
-2.16072e-130
-1.49077e-129
-1.03404e-128
-0.000103692
-1.32153e-61
-1.05722e-60
-2.51731e-125
-1.2781e-36
-1.27791e-123
-0.000103692
-1.73215e-56
-1.38572e-55
-3.47121e-120
-9.75114e-42
-1.85277e-118
-1.3628e-117
-1.0064e-116
-7.46141e-116
-0.000103692
-3.71976e-47
-1.39491e-47
-2.34031e-112
-0.000103692
-1.33196e-110
-2.27036e-51
-7.64799e-109
-5.81393e-108
-0.000103692
-0.000103692
-2.5856e-105
-1.98137e-104
-3.99407e-38
-0.000103692
-0.000103692
-6.95748e-101
-0.000103692
-0.000103692
-1.04702e-32
-2.50572e-97
-1.94745e-96
-0.000103692
-1.18022e-94
-1.71544e-28
-7.17566e-93
-5.59928e-92
-4.37002e-91
-3.41141e-90
-2.66239e-89
-3.84614e-72
-0.000103692
-1.26288e-86
-1.15121e-20
-7.62838e-85
-5.79766e-84
-4.48827e-83
-3.45105e-82
-0.000103692
-1.50892e-15
-1.23195e-79
-0.000103692
-5.38671e-78
-0.000103692
-2.71748e-76
-0.000103692
-1.2311e-74
-0.000103698
-4.50855e-73
-2.13933e-72
-0.000103692
-0.000103692
-3.68179e-155
-1.06752e-88
-0.000103692
-2.02523e-07
-1.03121e-150
-6.32885e-09
-7.91106e-10
-1.90299e-148
-1.07778e-147
-6.06166e-147
-0.000103692
-7.164e-81
-5.7312e-80
-6.79348e-144
-4.03178e-143
-0.000103692
-1.45946e-141
-0.000103692
-3.756e-75
-3.38584e-139
-2.40384e-73
-0.000103692
-8.57e-137
-0.000103692
-3.51322e-25
-0.000103692
-5.4894e-27
-1.01606e-132
-6.77661e-132
-8.06595e-66
-6.45276e-65
-0.000103692
-1.43026e-128
-0.000103692
-6.81374e-127
-4.74332e-126
-0.000103692
-0.000103692
-0.000103692
-1.99703e-38
-8.40457e-122
-6.03772e-121
-1.10858e-54
-0.000103692
-2.30038e-118
-5.67591e-52
-0.000103692
-0.000103692
-6.8034e-115
-5.07503e-114
-3.80239e-113
-2.85758e-112
-5.95235e-46
-1.62626e-110
-1.23162e-109
-9.35088e-109
-2.43778e-42
-0.000103692
-5.54288e-55
-3.18244e-105
-2.44455e-104
-1.08259e-57
-0.000103692
-1.12189e-101
-2.04496e-35
-0.000103692
-0.000103692
-1.04702e-32
-3.1738e-97
-2.47643e-96
-1.93467e-95
-4.03298e-66
-0.000103692
-9.27111e-93
-7.26322e-92
-0.000103692
-7.02643e-25
-3.4995e-89
-0.000103692
-0.000103692
-1.68579e-86
-1.31824e-85
-0.000103692
-7.85822e-84
-5.8942e-18
-0.000103692
-3.77229e-16
-0.000103692
-1.20713e-14
-0.000103692
-7.69723e-78
-3.09026e-12
-0.000103692
-0.000103692
-0.000103692
-0.000103698
-6.75888e-73
-0.000103692
-4.93001e-72
-0.000110173
-0.000103692
-6.48074e-06
-8.54016e-88
-0.000103692
-2.22649e-150
-1.26031e-149
-0.000103692
-3.92119e-148
-2.18011e-147
-1.20112e-146
-3.86282e-13
-3.77453e-145
-2.15018e-144
-0.000103692
-1.88614e-16
-2.35768e-17
-1.17375e-76
-1.48657e-140
-0.000103692
-5.48051e-139
-2.40384e-73
-2.09442e-137
-1.31217e-136
-2.81057e-24
-0.000103692
-3.39395e-134
-0.000103692
-6.86175e-28
-0.000103692
-6.23775e-131
-4.15881e-130
-2.79199e-129
-1.88703e-128
-1.28374e-127
-0.000103692
-0.000103692
-8.45776e-60
-1.2781e-36
-0.000103692
-1.99703e-38
-0.000103692
-7.34168e-121
-5.26706e-120
-3.79125e-119
-7.09488e-53
-0.000103692
-0.000103692
-1.08439e-115
-8.03329e-115
-5.9818e-114
-0.000103692
-3.36124e-112
-0.000103692
-0.000103692
-3.80904e-44
-3.04723e-43
-8.37516e-108
-0.000103692
-4.89706e-106
-6.9286e-56
-0.000103692
-2.23085e-103
-1.72447e-102
-1.33593e-101
-2.04496e-35
-0.000103692
-0.000103692
-4.9052e-98
-3.83415e-97
-3.00093e-96
-2.352e-95
-1.84569e-94
-1.44995e-93
-0.000103692
-8.96915e-92
-7.05742e-91
-0.000103692
-4.37437e-89
-0.000103692
-2.70939e-87
-0.000103692
-1.67798e-85
-0.000103692
-7.36775e-19
-0.000103692
-6.14928e-82
-4.77233e-81
-3.68506e-80
-0.000103692
-1.42835e-78
-1.02887e-77
-3.09026e-12
-5.32201e-76
-3.70413e-75
-7.91106e-10
-1.58406e-73
-9.33276e-73
-0.000103692
-6.87317e-72
-1.65707e-72
-1.64199e-154
-0.000103692
-0.000105312
-6.83213e-87
-4.32284e-150
-2.42383e-149
-0.000103692
-7.35139e-148
-5.59688e-83
-3.09026e-12
-1.19193e-145
-0.000103692
-3.73615e-144
-0.000103692
-0.000103692
-2.35768e-17
-0.000103692
-0.000103692
-1.40788e-139
-8.43855e-139
-4.80768e-73
-0.000103692
-1.92285e-136
-1.19621e-135
-7.50741e-135
-0.000103692
-5.4894e-27
-1.95182e-132
-0.000103692
-0.000103692
-0.000103692
-3.61658e-129
-2.41711e-128
-1.62699e-127
-1.1028e-126
-8.17985e-35
-1.02248e-35
-1.2781e-36
-5.41297e-58
-1.74317e-122
-1.22866e-121
-8.71358e-121
-6.21527e-120
-4.44948e-119
-3.21484e-118
-2.33495e-117
-1.70574e-116
-0.000103692
-0.000103692
-6.88232e-114
-0.000103692
-5.81213e-49
-0.000103692
-2.19065e-110
-3.80904e-44
-0.000103692
-9.59973e-108
-4.4343e-54
-0.000103692
-4.3194e-105
-8.66075e-57
-2.57127e-103
-1.99137e-102
-0.000103692
-1.20285e-100
-5.2861e-61
-7.32985e-99
-1.04702e-32
-4.50159e-97
-3.53676e-96
-2.78292e-95
-0.000103692
-5.04122e-67
-0.000103692
-1.57538e-68
-0.000103692
-6.75935e-90
-0.000103692
-4.24432e-88
-9.61536e-73
-1.20192e-73
-0.000103692
-0.000103692
-4.695e-76
-0.000103692
-7.70532e-82
-6.00338e-81
-1.50892e-15
-2.4417e-79
-0.000103692
-1.31471e-77
-3.09026e-12
-0.000103692
-0.000103692
-7.91106e-10
-2.05953e-73
-1.21736e-72
-5.8613e-72
-0.000103692
-2.1805e-72
-5.3376e-89
-0.000103692
-2.05251e-151
-0.000103894
-5.4657e-86
-4.37256e-85
-7.91106e-10
-0.000103692
-6.89554e-147
-4.4775e-82
-1.99281e-145
-1.1017e-144
-1.14624e-79
-3.40454e-143
-1.91826e-142
-1.09105e-141
-6.25183e-141
-3.58575e-140
-0.000103692
-1.24445e-138
-7.42533e-138
-4.47343e-137
-2.72069e-136
-2.81057e-24
-1.03417e-134
-6.46258e-134
-0.000103692
-2.58942e-132
-1.65997e-131
-1.07278e-130
-6.98923e-130
-4.58948e-129
-0.000103692
-3.30381e-62
-1.35999e-126
-9.20174e-126
-6.27091e-125
-0.000103692
-0.000103692
-2.06969e-122
-3.4643e-56
-1.02256e-120
-7.25654e-120
-5.16998e-119
-3.72034e-118
-5.67591e-52
-4.54073e-51
-0.000103692
-0.000103692
-3.71976e-47
-1.85988e-47
-5.81213e-49
-0.000103692
-9.52259e-45
-0.000103692
-0.000103692
-1.09226e-107
-4.4343e-54
-1.56018e-40
-4.9207e-105
-3.79366e-104
-0.000103692
-2.27302e-102
-0.000103692
-1.37533e-100
-1.07356e-99
-0.000103692
-0.000103692
-0.000103692
-4.06155e-96
-3.19815e-95
-2.52121e-94
-1.99016e-93
-1.57299e-92
-1.57538e-68
-9.85213e-91
-0.000103692
-6.18043e-89
-4.89491e-88
-9.61536e-73
-1.20192e-73
-0.000103692
-1.91191e-84
-4.695e-76
-0.000103692
-9.11769e-82
-0.000103692
-1.50892e-15
-2.57988e-79
-2.18686e-78
-0.000103692
-0.000103692
-8.30638e-76
-0.000103692
-3.93261e-74
-0.000103698
-0.000103692
-0.000103894
-0.000103692
-6.48074e-06
-4.79375e-154
-6.48074e-06
-3.32475e-151
-0.000103692
-1.22235e-149
-6.7693e-149
-7.91106e-10
-1.39922e-83
-1.07662e-146
-0.000103692
-3.86282e-13
-0.000103692
-9.17161e-144
-5.06797e-143
-7.33594e-78
-2.35768e-17
-9.00863e-141
-3.68387e-19
-2.96037e-139
-0.000103692
-4.80768e-73
-0.000103692
-0.000103692
-1.23077e-70
-0.000103692
-0.000103692
-5.2262e-133
-3.28934e-132
-0.000103692
-1.3372e-130
-0.000103692
-5.62033e-129
-3.6882e-128
-3.30381e-62
-1.62643e-126
-8.17985e-35
-7.39598e-125
-5.04387e-124
-5.41297e-58
-2.3979e-122
-3.4643e-56
-0.000103692
-8.28909e-120
-9.75114e-42
-4.21828e-118
-3.0435e-117
-4.54073e-51
-2.38065e-45
-1.18964e-114
-3.71976e-47
-0.000103692
-4.91956e-112
-0.000103692
-2.78752e-110
-2.10965e-109
-1.60217e-108
-1.22085e-107
-9.3332e-107
-7.15753e-106
-0.000103692
-9.98516e-39
-3.2855e-103
-2.54825e-102
-1.98146e-101
-0.000103692
-0.000103692
-9.44263e-99
-0.000103692
-0.000103692
-6.70093e-31
-5.36074e-30
-0.000103692
-2.25874e-93
-1.78842e-92
-0.000103692
-8.78304e-26
-0.000103692
-0.000103692
-7.69229e-72
-4.4374e-87
-3.52032e-86
-2.78646e-85
-0.000103692
-0.000103692
-5.8942e-18
-1.05404e-81
-8.26494e-81
-6.45127e-80
-1.20713e-14
-2.56651e-78
-1.85444e-77
-3.09026e-12
-9.74714e-76
-6.84691e-75
-4.63398e-74
-2.97928e-73
-1.76927e-72
-0.000103692
-1.62019e-06
-3.20889e-72
-7.13817e-154
-0.000110173
-1.62019e-06
-3.13893e-150
-0.000103742
-9.89293e-149
-7.91106e-10
-2.88366e-147
-1.54312e-146
-3.09026e-12
-3.86282e-13
-2.33934e-144
-0.000103692
-6.95043e-143
-3.83614e-142
-2.13558e-141
-2.9471e-18
-6.79985e-140
-3.90247e-139
-2.26344e-138
-0.000103692
-7.81834e-137
-0.000103692
-2.80631e-135
-0.000103692
-0.000103692
-5.4894e-27
-4.03562e-132
-8.57719e-29
-1.61319e-65
-0.000103692
-0.000103692
-4.35363e-128
-0.000103692
-0.000103692
-8.17985e-35
-0.000103692
-0.000103692
-3.93892e-123
-0.000103692
-0.000103692
-2.77144e-55
-0.000103692
-6.53174e-119
-4.66842e-118
-0.000103692
-2.43219e-116
-1.77407e-115
-0.000103692
-2.32485e-48
-0.000103692
-5.36562e-112
-1.19032e-45
-0.000103692
-2.29535e-109
-0.000103692
-1.32719e-107
-1.01436e-106
-1.56018e-40
-5.98257e-105
-0.000103692
-3.57128e-103
-2.70648e-58
-0.000103692
-4.22888e-60
-1.31385e-99
-6.60763e-62
-8.07044e-98
-0.000103692
-4.99091e-96
-3.93473e-95
-0.000103692
-0.000103692
-1.94458e-92
-1.54023e-91
-8.78304e-26
-0.000103692
-0.000103692
-0.000103692
-4.8207e-87
-3.8213e-86
-0.000103692
-3.756e-75
-1.90349e-83
-1.49093e-82
-0.000103692
-0.000103692
-7.24522e-80
-4.49023e-79
-0.000103692
-2.09555e-77
-1.51777e-76
-0.000103692
-0.000103692
-5.27331e-74
-0.000103692
-0.000103742
-0.000103692
-0.000103692
-3.6791e-72
-1.01172e-153
-7.26007e-152
-3.41606e-87
-4.43208e-150
-1.09314e-85
-1.39071e-148
-3.49805e-84
-1.97777e-10
-2.14799e-146
-8.955e-82
-5.94577e-145
-0.000103692
-1.73606e-143
-0.000103692
-7.33594e-78
-5.86875e-77
-1.60311e-140
-3.68387e-19
-0.000103692
-2.91425e-138
-4.80768e-73
-3.84614e-72
-5.83524e-136
-2.46153e-70
-0.000103692
-0.000103692
-0.000103692
-4.84524e-132
-8.57719e-29
-1.90964e-130
-1.21492e-129
-7.79692e-129
-5.04661e-128
-3.30381e-62
-2.64305e-61
-1.43937e-125
-1.02248e-35
-6.49791e-124
-4.41872e-123
-3.02862e-122
-2.49629e-39
-0.000103692
-0.000103692
-0.000103692
-5.11702e-118
-3.67113e-117
-2.65323e-116
-3.63258e-50
-2.97581e-46
-1.04623e-113
-4.6497e-48
-0.000103692
-0.000103692
-3.28592e-110
-0.000103692
-1.88553e-108
-1.43614e-107
-1.09771e-106
-8.41859e-106
-0.000103692
-4.99872e-104
-3.86888e-103
-3.00253e-102
-2.33648e-101
-1.82281e-100
-1.42525e-99
-0.000103692
-0.000103692
-0.000103692
-2.5811e-64
-4.28884e-95
-4.28859e-29
-0.000103692
-2.12444e-92
-1.57538e-68
-0.000103692
-0.000103692
-0.000103692
-6.6632e-88
-3.59753e-22
-4.19227e-86
-0.000103692
-2.63623e-84
-0.000103692
-0.000103692
-0.000103692
-1.02178e-80
-8.00625e-80
-5.0921e-79
-9.65706e-14
-2.3248e-77
-0.000103692
-0.000103692
-0.000103692
-7.91106e-10
-0.000103692
-2.25549e-72
-0.000103894
-0.000103692
-6.48074e-06
-0.000103692
-6.48074e-06
-3.41606e-87
-2.73285e-86
-3.2876e-149
-1.80063e-148
-0.000103692
-2.79844e-83
-2.47221e-11
-0.000103692
-0.000103692
-4.03251e-144
-2.16421e-143
-1.17008e-142
-7.33594e-78
-3.50439e-141
-1.94287e-140
-1.08788e-139
-4.60484e-20
-3.51989e-138
-0.000103692
-1.18219e-136
-6.9516e-136
-4.12635e-135
-2.47213e-134
-1.49522e-133
-5.4894e-27
-6.86175e-28
-8.57719e-29
-0.000103692
-1.29055e-64
-0.000103692
-5.71478e-128
-3.71362e-127
-2.43394e-126
-8.17985e-35
-1.02248e-35
-7.20733e-124
-0.000103692
-3.33667e-122
-3.4643e-56
-1.59457e-120
-1.11095e-119
-0.000103692
-5.5566e-118
-0.000103692
-0.000103692
-3.63258e-50
-1.52841e-114
-0.000103692
-8.38262e-113
-1.48791e-46
-0.000103692
-3.53559e-110
-0.000103692
-2.02865e-108
-3.54744e-53
-4.4343e-54
-5.54288e-55
-6.9286e-56
-9.98516e-39
-7.98813e-38
-0.000103692
-2.51937e-101
-4.22888e-60
-1.53706e-99
-0.000103692
-9.45423e-98
-7.43314e-97
-2.5811e-64
-3.22638e-65
-4.03298e-66
-2.88402e-93
-2.28332e-92
-0.000103692
-0.000103692
-0.000103692
-5.62115e-24
-4.49692e-23
-5.68686e-87
-2.40384e-73
-3.58529e-85
-2.84419e-84
-2.25134e-83
-1.7753e-82
-0.000103692
-1.10726e-80
-1.50892e-15
-1.20713e-14
-3.49532e-78
-0.000103692
-1.83487e-76
-1.33939e-75
-9.4476e-75
-6.41732e-74
-0.000103692
-0.000103692
-1.19723e-71
-1.85703e-71
-4.51663e-72
-0.000103692
-0.000103692
-1.14965e-150
-2.73285e-86
-4.14792e-149
-6.32885e-09
-1.21973e-147
-6.49878e-147
-3.44109e-146
-1.79322e-145
-0.000103692
-5.02304e-144
-2.68917e-143
-1.83398e-78
-1.88614e-16
-4.3203e-141
-0.000103692
-1.31033e-139
-0.000103692
-4.20137e-138
-2.40771e-137
-3.84614e-72
-8.14318e-136
-0.000103692
-3.51322e-25
-4.39152e-26
-5.4894e-27
-6.39604e-132
-0.000103692
-0.000103692
-1.29055e-64
-3.35046e-31
-6.33037e-128
-4.09421e-127
-2.67132e-126
-0.000103692
-1.02248e-35
-7.81254e-124
-5.27433e-123
-3.59059e-122
-2.46465e-121
-1.70485e-120
-0.000103692
-0.000103692
-0.000103692
-0.000103692
-3.04513e-116
-2.21061e-115
-2.90606e-49
-3.71976e-47
-1.85988e-47
-5.81213e-49
-7.26516e-50
-3.72709e-110
-0.000103692
-2.13632e-108
-1.62664e-107
-0.000103692
-1.56018e-40
-7.33398e-105
-0.000103692
-4.3814e-103
-0.000103692
-2.64699e-101
-0.000103692
-3.27194e-34
-0.000103692
-9.93465e-98
-0.000103692
-6.15911e-96
-5.36074e-30
-0.000103692
-3.43088e-28
-2.41229e-92
-1.57538e-68
-0.000103692
-1.20422e-89
-0.000103692
-0.000103692
-6.03594e-87
-4.80015e-86
-3.0048e-74
-9.20969e-20
-2.40869e-83
-0.000103692
-0.000103692
-0.000103692
-0.000103692
-6.11305e-79
-9.65706e-14
-0.000103692
-3.09026e-12
-0.000103692
-1.01466e-74
-6.89809e-74
-0.000103692
-2.65555e-72
-2.02523e-07
-0.000103692
-6.48074e-06
-1.99055e-153
-1.42312e-151
-0.000103692
-0.000103692
-4.88112e-149
-6.32885e-09
-1.42728e-147
-7.57966e-147
-3.99885e-146
-2.07539e-145
-3.86282e-13
-5.76274e-144
-2.29248e-79
-1.64721e-142
-1.88614e-16
-0.000103692
-0.000103692
-0.000103692
-0.000103692
-1.20192e-73
-2.68661e-137
-1.54988e-136
-3.07692e-71
-0.000103692
-3.15078e-134
-4.39152e-26
-5.4894e-27
-0.000103692
-0.000103692
-1.07215e-29
-1.6775e-129
-1.0624e-128
-6.78906e-128
-4.37726e-127
-0.000103692
-0.000103692
-0.000103692
-1.35324e-58
-0.000103692
-3.77525e-122
-3.4643e-56
-0.000103692
-2.21715e-54
-1.77372e-53
-0.000103692
-4.39256e-117
-3.15945e-116
-0.000103692
-2.97581e-46
-3.71976e-47
-9.14763e-113
-5.81213e-49
-5.11117e-111
-9.52259e-45
-2.90442e-109
-0.000103692
-1.67693e-107
-1.28141e-106
-0.000103692
-0.000103692
-8.66075e-57
-7.98813e-38
-3.50649e-102
-2.72956e-101
-0.000103692
-0.000103692
-0.000103692
-1.02722e-97
-0.000103692
-0.000103692
-3.22638e-65
-4.28859e-29
-0.000103692
-2.50189e-92
-0.000103692
-0.000103692
-1.2555e-89
-6.15383e-71
-0.000103692
-6.32415e-87
-5.03192e-86
-4.0049e-85
-0.000103692
-2.51258e-83
-1.99239e-82
-1.57817e-81
-1.24546e-80
-0.000103692
-5.35627e-79
-3.9339e-78
-2.86301e-77
-0.000103692
-1.51838e-75
-1.07225e-74
-7.29399e-74
-0.000103692
-0.000103692
-0.000103692
-2.11989e-71
-5.15997e-72
-2.31594e-153
-0.000103692
-1.58006e-150
-1.00019e-149
-5.67099e-149
-0.000103692
-0.000103693
-8.78552e-147
-2.47221e-11
-2.40001e-145
-1.2478e-144
-0.000103692
-3.5365e-143
-1.89469e-142
-1.88614e-16
-5.56782e-141
-2.9471e-18
-3.68387e-19
-0.000103692
-0.000103692
-9.61536e-73
-0.000103692
-0.000103692
-2.81057e-24
-3.44367e-134
-4.39152e-26
-5.4894e-27
-6.86175e-28
-4.62275e-131
-0.000103692
-1.29055e-64
-1.13104e-128
-7.20497e-128
-0.000103692
-3.00366e-126
-1.96546e-125
-1.29757e-124
-8.64178e-124
-1.59763e-37
-0.000103692
-0.000103692
-1.85257e-120
-2.21715e-54
-0.000103692
-6.3604e-118
-4.53274e-117
-3.25674e-116
-0.000103692
-1.72247e-114
-1.26777e-113
-2.32485e-47
-0.000103692
-1.19032e-45
-3.94918e-110
-0.000103692
-0.000103692
-0.000103692
-1.31657e-106
-0.000103692
-0.000103692
-6.00587e-104
-0.000103692
-3.61571e-102
-2.8176e-101
-4.08992e-35
-1.72397e-99
-1.35294e-98
-1.06373e-97
-8.38013e-97
-6.70093e-31
-5.2255e-95
-4.1321e-94
-3.27178e-93
-2.59361e-92
-2.05814e-91
-0.000103692
-1.29954e-89
-0.000103692
-0.000103692
-3.59753e-22
-5.23102e-86
-3.0048e-74
-3.31892e-84
-2.6228e-83
-5.8942e-18
-1.64667e-81
-1.30058e-80
-1.02258e-79
-0.000103692
-4.13464e-78
-0.000103692
-2.1738e-76
-1.5899e-75
-1.97777e-10
-7.64374e-74
-4.9399e-73
-0.000103692
-1.43215e-71
-0.000103692
-5.41551e-72
-0.000103692
-0.000103692
-1.62019e-06
-0.000103894
-0.000103692
-6.32885e-09
-1.84394e-147
-9.76695e-147
-5.13791e-146
-2.65777e-145
-1.37893e-144
-5.7312e-80
-3.89056e-143
-1.83398e-78
-1.11992e-141
-6.08145e-141
-2.9471e-18
-1.80631e-139
-0.000103692
-0.000103692
-3.22671e-137
-0.000103692
-0.000103692
-2.81057e-24
-3.68207e-134
-2.19234e-133
-0.000103692
-7.99679e-132
-4.89842e-131
-3.02869e-130
-0.000103692
-1.19019e-128
-7.56398e-128
-4.85121e-127
-3.13964e-126
-0.000103692
-1.02248e-35
-1.35324e-58
-1.59763e-37
-4.07313e-122
-2.49629e-39
-2.77144e-55
-0.000103692
-9.25939e-119
-6.53642e-118
-4.65272e-117
-3.33934e-116
-2.38065e-45
-2.97581e-46
-3.95225e-47
-0.000103692
-5.81213e-49
-1.1904e-45
-0.000103692
-3.04188e-109
-0.000103692
-0.000103692
-1.34064e-106
-1.02789e-105
-6.9286e-56
-0.000103692
-4.72527e-103
-0.000103692
-0.000103692
-4.22888e-60
-5.2861e-61
-1.36971e-98
-1.07714e-97
-8.37616e-32
-6.70093e-31
-5.2934e-95
-0.000103692
-3.43088e-28
-0.000103692
-0.000103692
-0.000103692
-0.000103692
-6.15383e-71
-8.48469e-88
-6.78299e-87
-5.42071e-86
-0.000103692
-7.512e-75
-2.72911e-83
-5.8942e-18
-1.71169e-81
-0.000103692
-0.000103692
-1.20713e-14
-4.29412e-78
-0.000103692
-3.09026e-12
-0.000103692
-1.17265e-74
-7.98413e-74
-5.16239e-73
-0.000103692
-2.02523e-07
-2.3277e-71
-5.66846e-72
-5.18459e-05
-2.04545e-151
-1.94844e-150
-1.23039e-149
-6.95703e-149
-3.78166e-148
-7.91106e-10
-1.06707e-146
-0.000103692
-0.000103692
-3.86282e-13
-7.93033e-144
-4.19699e-143
-0.000103692
-0.000103692
-0.000103692
-3.52881e-140
-0.000103692
-0.000103692
-6.06721e-138
-9.61536e-73
-0.000103692
-1.13444e-135
-6.61593e-135
-0.000103692
-0.000103692
-0.000103692
-0.000103692
-5.1494e-131
-0.000103692
-1.98095e-129
-0.000103692
-7.90838e-128
-5.06708e-127
-0.000103692
-2.11444e-60
-0.000103692
-0.000103692
-6.2673e-123
-0.000103692
-2.89209e-121
-3.12036e-40
-0.000103692
-9.63107e-119
-6.79811e-118
-4.83864e-117
-3.47264e-116
-0.000103692
-1.83331e-114
-1.34843e-113
-0.000103692
-0.000103692
-7.26516e-50
-0.000103692
-0.000103692
-0.000103692
-1.82836e-107
-1.39744e-106
-1.07199e-105
-6.9286e-56
-0.000103692
-0.000103692
-3.83712e-102
-2.99115e-101
-4.08992e-35
-5.2861e-61
-1.43747e-98
-0.000103692
-0.000103692
-6.70093e-31
-3.22638e-65
-4.4228e-94
-0.000103692
-2.78652e-92
-2.21551e-91
-1.7622e-90
-0.000103692
-1.11766e-88
-0.000103692
-0.000103692
-2.87803e-21
-0.000103692
-0.000103692
-7.36775e-19
-2.24617e-82
-0.000103692
-3.68209e-78
-1.11265e-79
-6.42407e-79
-9.65706e-14
-0.000103692
-3.09026e-12
-2.47221e-11
-0.000103692
-8.40138e-74
-0.000103692
-3.24743e-72
-1.57925e-71
-0.000103692
-5.98115e-72
-2.13504e-88
-8.54016e-88
-2.197e-150
-0.000103692
-0.000103692
-0.000103692
-2.29918e-147
-1.21876e-146
-6.4156e-146
-3.32044e-145
-0.000103692
-0.000103692
-4.86772e-143
-0.000103692
-1.40233e-141
-0.000103692
-4.1625e-140
-0.000103692
-0.000103692
-1.20192e-73
-4.03027e-137
-2.27509e-136
-3.07692e-71
-0.000103692
-3.51322e-25
-0.000103692
-0.000103692
-9.6515e-132
-4.03298e-66
-3.61267e-130
-2.24736e-129
-1.39939e-128
-0.000103692
-0.000103692
-3.65194e-126
-0.000103692
-0.000103692
-1.2781e-36
-0.000103692
-8.66075e-57
-0.000103692
-0.000103692
-2.21715e-54
-1.77372e-53
-0.000103692
-0.000103692
-3.78053e-116
-0.000103692
-2.97581e-46
-0.000103692
-0.000103692
-8.12253e-112
-6.08482e-111
-0.000103692
-0.000103692
-0.000103692
-2.00473e-107
-0.000103692
-5.54288e-55
-9.09991e-105
-9.98516e-39
-5.47075e-103
-4.23209e-102
-3.31259e-101
-0.000103692
-2.04071e-99
-1.60709e-98
-1.2551e-97
-0.000103692
-0.000103692
-0.000103692
-4.94385e-94
-3.94372e-93
-0.000103692
-2.51953e-91
-1.97753e-90
-1.58993e-89
-5.62115e-24
-4.49692e-23
-3.59753e-22
-6.42651e-86
-5.02603e-85
-4.03494e-84
-0.000103692
-2.465e-82
-1.95672e-81
-1.54446e-80
-0.000103692
-6.05031e-79
-4.90053e-78
-0.000103692
-3.09026e-12
-1.88326e-75
-0.000103692
-9.04944e-74
-0.000103692
-0.000103692
-0.000103692
-0.000103692
-0.000110173
-5.18459e-05
-8.54016e-88
-2.21207e-150
-0.000103894
-7.93718e-149
-4.32553e-148
-7.91106e-10
-0.000103692
-0.000103692
-0.000103692
-0.000103692
-0.000103692
-4.89483e-143
-2.61647e-142
-1.88614e-16
-0.000103692
-2.9471e-18
-0.000103692
-4.60484e-20
-0.000103692
-4.05446e-137
-2.29025e-136
-1.32702e-135
-2.46153e-70
-4.51596e-134
-4.39152e-26
-0.000103692
-9.7399e-132
-5.89162e-131
-3.64686e-130
-0.000103692
-1.41263e-128
-8.25953e-63
-5.69495e-127
-3.68641e-126
-8.17985e-35
-1.69155e-59
-0.000103692
-0.000103692
-4.6871e-122
-2.49629e-39
-2.77144e-55
-1.51411e-119
-0.000103692
-7.47825e-118
-5.32081e-117
-3.81811e-116
-2.76304e-115
-2.01637e-114
-0.000103692
-1.10078e-112
-0.000103692
-1.1904e-45
-4.63427e-110
-0.000103692
-2.66349e-108
-2.03239e-107
-1.55725e-106
-0.000103692
-9.25243e-105
-7.16669e-104
-5.53378e-103
-4.32191e-102
-0.000103692
-4.08992e-35
-5.2861e-61
-1.62979e-98
-1.2762e-97
-2.06488e-63
-2.5811e-64
-5.36074e-30
-4.28859e-29
-3.43088e-28
-3.1208e-92
-2.44056e-91
-0.000103692
-1.56522e-89
-5.62115e-24
-1.00429e-87
-7.83191e-87
-0.000103692
-5.02845e-85
-4.01788e-84
-3.09732e-83
-2.45014e-82
-1.94497e-81
-1.53594e-80
-1.20766e-79
-1.20713e-14
-0.000103692
-7.72565e-13
-0.000103692
-1.87721e-75
-0.000103692
-9.02579e-74
-5.83319e-73
-0.000103692
-1.69106e-71
-2.62664e-71
-6.39396e-72
-2.93035e-153
-0.000103692
-0.000105312
-0.000103692
-0.000103692
-3.88168e-148
-0.000103692
-1.09705e-146
-0.000103692
-0.000103692
-3.86282e-13
-0.000103692
-4.33463e-143
-0.000103692
-0.000103692
-0.000103692
-3.66497e-140
-0.000103692
-0.000103692
-0.000103692
-9.61536e-73
-0.000103692
-3.07692e-71
-6.76538e-135
-3.98369e-134
-2.36783e-133
-0.000103692
-0.000103692
-5.26006e-131
-3.24708e-130
-0.000103692
-1.27171e-128
-4.18808e-32
-0.000103692
-0.000103692
-0.000103692
-0.000103692
-9.53104e-124
-6.38782e-123
-4.31965e-122
-6.9286e-56
-3.12036e-40
-0.000103692
-0.000103692
-0.000103692
-1.13518e-51
-3.53352e-116
-2.38065e-45
-1.8647e-114
-2.32485e-48
-4.6497e-48
-0.000103692
-0.000103692
-4.26086e-110
-3.21675e-109
-2.43855e-108
-0.000103692
-1.41806e-106
-0.000103692
-1.24815e-39
-9.98516e-39
-0.000103692
-0.000103692
-0.000103692
-4.08992e-35
-0.000103692
-1.45023e-98
-0.000103692
-8.37616e-32
-0.000103692
-5.36074e-30
-0.000103692
-3.52408e-93
-2.79654e-92
-2.22196e-91
-1.76669e-90
-1.40581e-89
-5.62115e-24
-8.92066e-88
-1.92307e-72
-5.6725e-86
-0.000103692
-9.20969e-20
-7.36775e-19
-2.25355e-82
-0.000103692
-3.68214e-78
-1.1158e-79
-0.000103692
-9.65706e-14
-3.2843e-77
-3.09026e-12
-0.000103692
-0.000103692
-8.42093e-74
-6.32885e-09
-3.25492e-72
-0.000103894
-0.000103692
-0.000103692
-0.000103692
-6.48074e-06
-0.000105312
-0.000103692
-0.000103692
-6.32885e-09
-7.91106e-10
-9.87582e-147
-5.19658e-146
-2.68882e-145
-7.164e-81
-5.7312e-80
-3.93902e-143
-0.000103692
-1.13444e-141
-0.000103692
-3.36668e-140
-0.000103692
-4.60484e-20
-5.75682e-138
-0.000103692
-0.000103692
-0.000103692
-6.33158e-135
-3.51322e-25
-2.22453e-133
-0.000103692
-0.000103692
-4.97028e-131
-3.07324e-130
-1.91801e-129
-1.20813e-128
-7.67919e-128
-0.000103692
-0.000103692
-2.11444e-60
-0.000103692
-1.35324e-58
-6.11907e-123
-0.000103692
-0.000103692
-0.000103692
-2.21715e-54
-0.000103692
-1.41898e-52
-0.000103692
-3.39859e-116
-2.38072e-45
-0.000103692
-2.32485e-48
-9.78732e-113
-0.000103692
-5.46035e-111
-0.000103692
-3.09951e-109
-0.000103692
-1.78873e-107
-1.36675e-106
-1.04803e-105
-0.000103692
-9.98516e-39
-0.000103692
-6.3905e-37
-3.3831e-59
-0.000103692
-0.000103692
-1.3954e-98
-0.000103692
-0.000103692
-6.82285e-96
-5.36074e-30
-4.27084e-94
-0.000103692
-2.68063e-92
-2.12673e-91
-0.000103692
-7.02643e-25
-1.06873e-88
-4.49692e-23
-0.000103692
-0.000103692
-0.000103692
-3.44551e-84
-7.36775e-19
-2.15318e-82
-1.70872e-81
-1.35022e-80
-0.000103692
-4.87274e-79
-4.2821e-78
-3.11722e-77
-2.2626e-76
-1.6558e-75
-1.1704e-74
-0.000103692
-5.15248e-73
-0.000103692
-0.000103692
-2.32331e-71
-0.000103692
-0.000155538
-6.48074e-06
-1.57296e-150
-2.73285e-86
-5.63877e-149
-6.32885e-09
-0.000103692
-8.71617e-147
-4.5896e-146
-0.000103692
-1.23445e-144
-6.56885e-144
-1.20713e-14
-0.000103692
-0.000103692
-5.47218e-141
-4.695e-76
-0.000103692
-4.60484e-20
-5.23339e-138
-0.000103692
-1.71455e-136
-9.95568e-136
-2.81057e-24
-3.45174e-134
-0.000103692
-0.000103692
-7.5652e-132
-0.000103692
-0.000103692
-1.80234e-129
-1.03244e-63
-7.25122e-128
-4.66221e-127
-3.02451e-126
-0.000103692
-1.02248e-35
-0.000103692
-0.000103692
-0.000103692
-0.000103692
-1.86798e-120
-2.21715e-54
-0.000103692
-6.41599e-118
-0.000103692
-3.28597e-116
-2.38065e-45
-0.000103692
-0.000103692
-9.49075e-113
-0.000103692
-7.26516e-50
-3.98612e-110
-3.01059e-109
-2.28298e-108
-1.738e-107
-0.000103692
-1.56018e-40
-7.83403e-105
-0.000103692
-4.68117e-103
-6.3905e-37
-2.8297e-101
-2.20872e-100
-0.000103692
-0.000103692
-0.000103692
-0.000103692
-6.60378e-96
-5.36074e-30
-4.28859e-29
-3.2647e-93
-2.58581e-92
-1.57538e-68
-0.000103692
-0.000103692
-0.000103692
-7.69229e-72
-0.000103692
-0.000103692
-0.000103692
-7.512e-75
-7.36775e-19
-5.8942e-18
-1.6379e-81
-3.77229e-16
-1.50892e-15
-1.20713e-14
-0.000103692
-2.97896e-77
-2.1613e-76
-1.58063e-75
-0.000103692
-0.000103692
-6.32885e-09
-2.9296e-72
-0.000103894
-2.21024e-71
-0.000103692
-0.000155538
-1.44894e-151
-1.38424e-150
-0.000103692
-4.97945e-149
-6.32885e-09
-1.45826e-147
-7.75056e-147
-2.47221e-11
-0.000103692
-7.164e-81
-5.91506e-144
-0.000103692
-0.000103692
-0.000103692
-5.00818e-141
-2.9471e-18
-3.68387e-19
-0.000103692
-0.000103692
-2.72833e-137
-1.57182e-136
-2.24846e-23
-0.000103692
-0.000103692
-0.000103692
-0.000103692
-6.86175e-28
-0.000103692
-2.69018e-130
-1.6874e-129
-1.0681e-128
-6.8215e-128
-4.39592e-127
-2.64305e-61
-0.000103692
-1.02248e-35
-0.000103692
-1.59763e-37
-1.99703e-38
-0.000103692
-0.000103692
-1.2387e-119
-8.70286e-119
-6.1582e-118
-4.39285e-117
-3.15877e-116
-2.28951e-115
-2.97581e-46
-3.71976e-47
-0.000103692
-6.81344e-112
-0.000103692
-9.52259e-45
-2.89797e-109
-2.19737e-108
-0.000103692
-1.27799e-106
-0.000103692
-1.24815e-39
-9.98516e-39
-0.000103692
-0.000103692
-2.72303e-101
-4.22888e-60
-1.6632e-99
-0.000103692
-0.000103692
-8.07669e-97
-0.000103692
-0.000103692
-3.98167e-94
-0.000103692
-0.000103692
-0.000103692
-1.57398e-90
-7.02643e-25
-0.000103692
-0.000103692
-6.2756e-87
-0.000103692
-0.000103692
-3.15477e-84
-0.000103692
-5.8942e-18
-1.56346e-81
-0.000103692
-0.000103692
-5.27572e-79
-3.91215e-78
-2.83061e-77
-0.000103692
-1.49971e-75
-1.05855e-74
-7.91106e-10
-6.32885e-09
-2.77095e-72
-1.34512e-71
-2.08764e-71
-5.07905e-72
-5.18459e-05
-0.000103692
-0.000103692
-0.000103692
-0.000103692
-8.74512e-85
-0.000103693
-2.79844e-83
-3.46796e-146
-3.09026e-12
-3.86282e-13
-5.05262e-144
-2.29248e-79
-1.45631e-142
-7.90886e-142
-2.35768e-17
-2.38664e-140
-3.68387e-19
-1.5024e-74
-4.19778e-138
-9.61536e-73
-1.39092e-136
-0.000103692
-2.81057e-24
-0.000103692
-1.71481e-133
-1.04054e-132
-0.000103692
-3.94001e-131
-1.61319e-65
-0.000103692
-9.829e-129
-8.25953e-63
-4.07266e-127
-2.65618e-126
-0.000103692
-0.000103692
-7.75904e-124
-0.000103692
-0.000103692
-3.4643e-56
-0.000103692
-0.000103692
-0.000103692
-5.85692e-118
-0.000103692
-9.08145e-51
-0.000103692
-0.000103692
-2.32485e-48
-2.32485e-47
-1.49372e-46
-4.88618e-111
-3.67559e-110
-2.77622e-109
-0.000103692
-1.60245e-107
-1.2242e-106
-1.56018e-40
-7.21709e-105
-9.98516e-39
-0.000103692
-3.34272e-102
-0.000103692
-0.000103692
-0.000103692
-6.60763e-62
-9.74842e-98
-0.000103692
-6.04146e-96
-4.76862e-95
-0.000103692
-3.43088e-28
-2.36711e-92
-0.000103692
-1.96923e-69
-0.000103692
-9.43765e-89
-4.49692e-23
-0.000103692
-0.000103692
-3.0048e-74
-0.000103692
-0.000103692
-5.8942e-18
-0.000103692
-1.16931e-80
-1.50892e-15
-1.20713e-14
-3.69226e-78
-0.000103692
-1.93812e-76
-1.41494e-75
-0.000103692
-6.78042e-74
-0.000103698
-0.000103692
-1.26535e-71
-0.000103692
-0.000103692
-5.18459e-05
-6.48074e-06
-3.41606e-87
-5.85409e-150
-1.09314e-85
-8.74512e-85
-7.91106e-10
-5.25914e-147
-2.79249e-146
-8.955e-82
-7.65668e-145
-4.11658e-144
-2.21189e-143
-1.19734e-142
-1.88614e-16
-3.59712e-141
-0.000103692
-3.68387e-19
-0.000103692
-1.15121e-20
-2.04912e-137
-1.79877e-22
-6.99652e-136
-0.000103692
-0.000103692
-1.50047e-133
-6.30152e-68
-5.63537e-132
-3.50166e-131
-2.19568e-130
-1.38902e-129
-8.86593e-129
-4.18808e-32
-3.70745e-127
-0.000103692
-1.60434e-125
-0.000103692
-0.000103692
-4.86275e-123
-1.99703e-38
-0.000103692
-1.5854e-120
-2.21715e-54
-7.76172e-119
-5.51723e-118
-3.94871e-117
-0.000103692
-2.0693e-115
-1.51498e-114
-1.11745e-113
-8.30158e-113
-0.000103692
-0.000103692
-9.52259e-45
-2.64198e-109
-2.00407e-108
-1.52585e-107
-1.16592e-106
-0.000103692
-6.87621e-105
-0.000103692
-7.98813e-38
-3.18741e-102
-2.48072e-101
-0.000103692
-0.000103692
-6.60763e-62
-1.04702e-32
-8.37616e-32
-5.77685e-96
-5.36074e-30
-4.28859e-29
-3.43088e-28
-2.25374e-92
-1.57538e-68
-1.96923e-69
-7.02643e-25
-5.62115e-24
-7.69229e-72
-5.60317e-87
-4.45025e-86
-3.0048e-74
-2.80323e-84
-2.22189e-83
-1.75101e-82
-0.000103692
-1.09109e-80
-0.000103692
-0.000103692
-0.000103692
-0.000103692
-1.80382e-76
-0.000103692
-9.27754e-75
-6.30023e-74
-0.000103698
-2.41991e-72
-1.17337e-71
-0.000103692
-4.42127e-72
-9.95749e-154
-7.13891e-152
-6.84185e-151
-0.000103894
-1.09314e-85
-0.000103698
-7.36482e-148
-0.000103692
-2.10086e-146
-1.10228e-145
-0.000103692
-3.13171e-144
-0.000103692
-1.50892e-15
-0.000103692
-0.000103692
-1.55193e-140
-8.74587e-140
-0.000103692
-2.86052e-138
-0.000103692
-9.72673e-137
-3.07692e-71
-2.81057e-24
-3.51322e-25
-4.39152e-26
-0.000103692
-0.000103692
-0.000103692
-1.07215e-29
-0.000103692
-0.000103692
-5.00108e-128
-3.26429e-127
-0.000103692
-0.000103692
-0.000103692
-0.000103692
-4.37478e-123
-2.99785e-122
-2.49629e-39
-0.000103692
-0.000103692
-7.09945e-119
-5.05851e-118
-0.000103692
-2.62142e-116
-1.9079e-115
-0.000103692
-0.000103692
-7.67884e-113
-5.81213e-49
-4.30227e-111
-3.23924e-110
-2.44836e-109
-1.85754e-108
-1.41434e-107
-4.4343e-54
-8.28507e-106
-0.000103692
-8.66075e-57
-3.80319e-103
-6.3905e-37
-0.000103692
-4.22888e-60
-1.39875e-99
-0.000103692
-0.000103692
-0.000103692
-5.32387e-96
-5.36074e-30
-0.000103692
-0.000103692
-0.000103692
-1.6477e-91
-1.30658e-90
-1.03692e-89
-0.000103692
-6.53322e-88
-0.000103692
-4.11738e-86
-3.0048e-74
-2.59115e-84
-0.000103692
-0.000103692
-0.000103692
-3.77229e-16
-7.84447e-80
-1.20713e-14
-0.000103692
-0.000103692
-0.000103692
-0.000103692
-8.44357e-75
-7.91106e-10
-3.69019e-73
-2.19579e-72
-0.000103894
-1.64785e-71
-4.00285e-72
-7.08239e-154
-4.27008e-88
-1.62019e-06
-2.02523e-07
-1.78213e-149
-0.000103692
-7.91106e-10
-0.000103692
-1.11938e-82
-8.09089e-146
-4.28382e-145
-2.32628e-144
-0.000103692
-6.91552e-143
-1.88614e-16
-2.12619e-141
-1.1926e-140
-6.77819e-140
-3.88618e-139
-0.000103692
-1.31564e-137
-7.7674e-137
-0.000103692
-1.23077e-70
-1.69018e-134
-7.8769e-69
-6.40435e-133
-3.99596e-132
-0.000103692
-0.000103692
-0.000103692
-6.60526e-129
-4.30146e-128
-2.82408e-127
-0.000103692
-2.11444e-60
-8.3858e-125
-5.68276e-124
-0.000103692
-0.000103692
-3.4643e-56
-0.000103692
-9.08434e-120
-6.4182e-119
-1.21889e-42
-3.29575e-117
-2.38587e-116
-2.38065e-45
-2.90606e-49
-3.95225e-47
-1.85988e-47
-1.48791e-46
-0.000103692
-0.000103692
-0.000103692
-0.000103692
-3.54744e-53
-9.88614e-107
-7.57571e-106
-0.000103692
-8.66075e-57
-0.000103692
-0.000103692
-2.09031e-101
-1.62862e-100
-0.000103692
-6.60763e-62
-0.000103692
-0.000103692
-6.70093e-31
-3.22638e-65
-3.01227e-94
-0.000103692
-1.88946e-92
-1.57538e-68
-1.18877e-90
-4.92307e-70
-7.48625e-89
-0.000103692
-0.000103692
-3.72603e-86
-0.000103692
-3.756e-75
-0.000103692
-0.000103692
-1.4673e-77
-0.000103692
-1.50892e-15
-1.20713e-14
-0.000103692
-2.03746e-77
-3.09026e-12
-0.000103692
-0.000103692
-7.91106e-10
-3.29325e-73
-1.95779e-72
-9.47694e-72
-1.46651e-71
-3.55974e-72
-4.78667e-154
-4.27008e-88
-3.31906e-151
-0.000103692
-1.22097e-149
-0.000103692
-3.68752e-148
-1.9965e-147
-1.07616e-146
-0.000103692
-3.05495e-145
-1.673e-144
-0.000103692
-0.000103692
-0.000103692
-1.58736e-141
-2.9471e-18
-0.000103692
-0.000103692
-0.000103692
-0.000103692
-0.000103692
-0.000103692
-0.000103692
-9.84613e-70
-8.38225e-134
-0.000103692
-6.86175e-28
-8.57719e-29
-1.33565e-130
-8.61923e-130
-5.60785e-129
-4.12977e-63
-2.43149e-127
-1.61999e-126
-1.08759e-125
-7.35705e-125
-5.0138e-124
-3.4421e-123
-4.33037e-57
-1.6578e-121
-3.12036e-40
-0.000103692
-0.000103692
-4.17198e-118
-3.0079e-117
-4.54073e-51
-2.38068e-45
-1.17321e-114
-0.000103692
-1.85988e-47
-5.81213e-49
-3.63595e-111
-2.74037e-110
-0.000103692
-0.000103692
-0.000103692
-1.95023e-41
-7.01941e-106
-0.000103692
-4.16229e-104
-3.21868e-103
-2.49553e-102
-1.93964e-101
-0.000103692
-5.2861e-61
-1.30878e-33
-1.04702e-32
-5.68655e-97
-4.47598e-96
-3.22638e-65
-0.000103692
-0.000103692
-0.000103692
-1.37939e-91
-0.000103692
-0.000103692
-6.87255e-89
-0.000103692
-0.000103692
-3.44271e-86
-2.72752e-85
-9.20969e-20
-1.66443e-83
-0.000103692
-0.000103692
-8.06638e-81
-6.29068e-80
-0.000103692
-0.000103692
-0.000103692
-0.000103692
-9.46458e-76
-0.000103692
-4.49252e-74
-0.000103698
-1.71263e-72
-0.000103692
-0.000103692
-6.48074e-06
-5.3376e-89
-2.13278e-152
-1.62019e-06
-1.32445e-150
-5.4657e-86
-0.000103692
-7.91106e-10
-0.000103692
-6.94108e-147
-4.4775e-82
-3.86282e-13
-0.000103692
-6.14563e-144
-3.43183e-143
-1.88614e-16
-0.000103692
-6.30312e-141
-3.6114e-140
-4.60484e-20
-0.000103692
-7.47926e-138
-4.50503e-137
-1.53846e-71
-1.68125e-135
-3.51322e-25
-0.000103692
-4.09843e-133
-0.000103692
-1.66951e-131
-0.000103692
-1.29055e-64
-0.000103692
-3.05184e-128
-2.03429e-127
-1.36606e-126
-9.24027e-126
-6.29533e-125
-6.76621e-59
-0.000103692
-2.07577e-122
-3.4643e-56
-1.02487e-120
-7.27037e-120
-5.17802e-119
-0.000103692
-0.000103692
-1.9617e-116
-1.43704e-115
-2.90606e-49
-2.32485e-48
-5.86043e-113
-5.81213e-49
-3.29948e-111
-2.48845e-110
-1.88316e-109
-1.42979e-108
-3.54744e-53
-0.000103692
-0.000103692
-0.000103692
-9.98516e-39
-2.91932e-103
-0.000103692
-1.75677e-101
-4.22888e-60
-1.06677e-99
-8.33895e-99
-8.25953e-63
-8.37616e-32
-0.000103692
-3.16613e-95
-2.49367e-94
-1.96562e-93
-1.55105e-92
-1.22506e-91
-9.68262e-91
-0.000103692
-0.000103692
-4.78597e-88
-3.78214e-87
-1.20192e-73
-0.000103692
-0.000103692
-1.4296e-83
-0.000103692
-8.85619e-82
-0.000103692
-1.50892e-15
-3.59335e-79
-2.12583e-78
-1.53475e-77
-3.09026e-12
-8.02652e-76
-0.000103692
-3.7948e-74
-2.43332e-73
-0.000103692
-6.95412e-72
-1.07247e-71
-0.000103692
-0.000103692
-1.19327e-152
-0.000103692
-2.02523e-07
-4.34478e-150
-0.000103692
-0.000103693
-7.4117e-148
-4.06789e-147
-3.09026e-12
-1.20356e-145
-0.000103692
-0.000103692
-2.13546e-143
-3.66797e-78
-7.02688e-142
-0.000103692
-9.39e-76
-1.42512e-139
-8.53939e-139
-5.16788e-138
-0.000103692
-0.000103692
-2.81057e-24
-7.59587e-135
-4.39152e-26
-3.06713e-133
-0.000103692
-0.000103692
-8.35901e-131
-6.45276e-65
-5.16221e-64
-2.43844e-128
-1.64061e-127
-1.11151e-126
-0.000103692
-8.45776e-60
-0.000103692
-0.000103692
-1.75265e-122
-1.2347e-121
-8.75185e-121
-6.23924e-120
-0.000103692
-7.09488e-53
-2.34009e-117
-1.70851e-116
-0.000103692
-9.26503e-115
-6.88106e-114
-0.000103692
-3.85165e-112
-7.26516e-50
-0.000103692
-1.65296e-109
-1.25465e-108
-9.5518e-108
-1.95023e-41
-1.56018e-40
-4.28731e-105
-0.000103692
-0.000103692
-1.97072e-102
-5.1124e-36
-0.000103692
-1.63597e-34
-0.000103692
-5.6456e-98
-0.000103692
-6.70093e-31
-3.22638e-65
-0.000103692
-0.000103692
-1.33274e-92
-1.05224e-91
-8.31717e-91
-6.57792e-90
-5.62115e-24
-4.12696e-88
-3.2704e-87
-0.000103692
-0.000103692
-1.57428e-84
-4.695e-76
-5.86876e-77
-7.46884e-82
-5.81435e-81
-2.74297e-79
-2.32306e-79
-1.76755e-78
-7.72565e-13
-0.000103692
-6.59789e-76
-4.6061e-75
-0.000103693
-1.98105e-73
-1.17018e-72
-5.63047e-72
-8.66016e-72
-2.09181e-72
-2.6688e-89
-6.00303e-153
-1.62019e-06
-0.000103894
-2.23199e-150
-1.26466e-149
-0.000103693
-0.000103692
-0.000103692
-0.000103692
-0.000103692
-3.8032e-145
-2.16744e-144
-0.000103692
-0.000103692
-0.000103692
-0.000103692
-1.50027e-140
-4.60484e-20
-0.000103692
-3.40525e-138
-0.000103692
-1.32496e-136
-2.81057e-24
-4.92307e-70
-4.39152e-26
-5.4894e-27
-1.4452e-132
-8.57719e-29
-8.06595e-66
-4.1872e-130
-5.16221e-64
-1.8978e-128
-1.29032e-127
-0.000103692
-1.05722e-60
-0.000103692
-0.000103692
-1.59763e-37
-0.000103692
-1.02881e-121
-7.33634e-121
-5.25886e-120
-0.000103692
-0.000103692
-0.000103692
-4.54073e-51
-1.07801e-115
-7.97878e-115
-0.000103692
-4.43786e-113
-0.000103692
-2.50463e-111
-0.000103692
-1.42999e-109
-1.0851e-108
-2.43778e-42
-6.29929e-107
-4.81833e-106
-6.9286e-56
-2.84008e-104
-0.000103692
-1.68973e-102
-1.30766e-101
-1.014e-100
-5.2861e-61
-0.000103692
-1.04702e-32
-3.73353e-97
-0.000103692
-2.28698e-95
-0.000103692
-1.40727e-93
-1.37235e-27
-8.69447e-92
-8.78304e-26
-5.38822e-90
-0.000103692
-0.000103692
-2.63196e-87
-1.20192e-73
-1.62493e-85
-0.000103692
-7.36775e-19
-0.000103692
-0.000103692
-4.60429e-81
-3.55258e-80
-2.15073e-79
-9.65706e-14
-9.89641e-78
-7.11459e-77
-0.000103692
-3.55612e-75
-7.91106e-10
-0.000103698
-8.94405e-73
-2.02523e-07
-1.62019e-06
-1.58539e-72
-0.000103692
-2.67819e-153
-2.63493e-152
-1.73142e-151
-1.02691e-150
-5.90133e-150
-0.000103692
-0.000103692
-0.000103692
-2.23875e-82
-0.000103692
-0.000103692
-1.15919e-144
-6.81604e-144
-0.000103692
-2.35768e-17
-1.46562e-141
-8.96377e-141
-0.000103692
-3.40985e-139
-2.40384e-73
-1.92307e-72
-8.62881e-137
-2.81057e-24
-4.92307e-70
-2.34623e-134
-0.000103692
-1.02143e-132
-0.000103692
-8.06595e-66
-3.08601e-130
-2.09721e-129
-1.4339e-128
-9.86194e-128
-6.82192e-127
-1.05722e-60
-8.45776e-60
-6.76621e-59
-0.000103692
-1.99703e-38
-8.37473e-122
-6.01099e-121
-1.10858e-54
-0.000103692
-0.000103692
-1.67098e-117
-1.90452e-44
-9.06982e-116
-0.000103692
-5.01388e-114
-0.000103692
-7.49765e-47
-0.000103692
-0.000103692
-0.000103692
-3.04723e-43
-0.000103692
-5.31919e-107
-4.0633e-106
-3.11101e-105
-0.000103692
-1.83571e-103
-1.41456e-102
-2.5562e-36
-2.04496e-35
-5.2861e-61
-0.000103692
-8.25953e-63
-3.07689e-97
-0.000103692
-1.87332e-95
-4.03298e-66
-5.04122e-67
-0.000103692
-1.09788e-26
-8.78304e-26
-4.32256e-90
-5.62115e-24
-2.65642e-88
-2.08189e-87
-0.000103692
-1.27618e-85
-9.95023e-85
-7.59002e-84
-5.90757e-83
-7.3364e-78
-3.77229e-16
-1.50892e-15
-1.77233e-79
-1.03413e-78
-7.39997e-78
-5.29927e-77
-0.000103692
-2.61684e-75
-1.74458e-74
-1.10564e-73
-6.47814e-73
-0.000103692
-4.72149e-72
-0.000103692
-1.34794e-155
-6.48074e-06
-0.000103692
-0.000103692
-5.06308e-08
-2.33061e-150
-7.91106e-10
-7.94034e-149
-4.61472e-148
-0.000103692
-0.000103692
-0.000103692
-5.52978e-145
-2.29248e-79
-2.03808e-143
-2.35768e-17
-2.9471e-18
-3.68387e-19
-3.03061e-140
-0.000103692
-1.24364e-138
-9.61536e-73
-5.24724e-137
-3.44564e-136
-3.51322e-25
-4.39152e-26
-1.01584e-133
-6.84724e-133
-0.000103692
-8.06595e-66
-2.17227e-130
-1.4981e-129
-0.000103692
-0.000103692
-0.000103692
-0.000103692
-1.02248e-35
-0.000103692
-1.2789e-123
-9.16712e-123
-0.000103692
-4.77146e-121
-3.46347e-120
-8.86861e-54
-1.84568e-118
-1.35648e-117
-0.000103692
-7.41466e-116
-2.90606e-49
-3.71976e-47
-0.000103692
-7.43953e-47
-7.26516e-50
-1.3173e-110
-3.80904e-44
-7.55273e-109
-5.73745e-108
-0.000103692
-3.33167e-106
-2.54657e-105
-1.95032e-104
-0.000103692
-1.15043e-102
-0.000103692
-0.000103692
-5.28079e-100
-1.30878e-33
-3.16755e-98
-0.000103692
-1.91027e-96
-1.48597e-95
-0.000103692
-5.04122e-67
-0.000103692
-0.000103692
-4.2778e-91
-0.000103692
-2.60598e-89
-3.84614e-72
-0.000103692
-1.43901e-21
-1.15121e-20
-7.44737e-85
-2.3475e-76
-4.348e-83
-0.000103692
-9.19553e-79
-1.94706e-80
-0.000103692
-7.31607e-79
-5.20969e-78
-3.09026e-12
-2.62621e-76
-1.79708e-75
-1.1882e-74
-7.47535e-74
-5.06308e-08
-2.02523e-07
-3.12932e-72
-0.000103692
-4.01012e-156
-3.01141e-154
-3.04716e-153
-2.02523e-07
-0.000103692
-0.000103692
-7.91106e-10
-2.77892e-149
-0.000103692
-1.00297e-147
-3.86282e-13
-3.582e-81
-2.8656e-80
-1.44556e-144
-9.12023e-144
-2.35768e-17
-0.000103692
-3.68387e-19
-4.60484e-20
-1.5024e-74
-0.000103692
-0.000103692
-0.000103692
-2.81057e-24
-2.46153e-70
-9.22738e-135
-5.4894e-27
-4.34254e-133
-3.0017e-132
-2.08495e-131
-0.000103692
-2.5811e-64
-0.000103692
-0.000103692
-0.000103692
-0.000103692
-1.83842e-125
-1.2781e-36
-1.59763e-37
-0.000103692
-5.00249e-122
-0.000103692
-0.000103692
-1.95205e-119
-0.000103692
-1.06146e-117
-4.54073e-51
-2.38065e-45
-4.35815e-115
-1.16243e-48
-2.44585e-113
-1.839e-112
-5.95162e-46
-1.81629e-50
-0.000103692
-5.98434e-109
-0.000103692
-3.45064e-107
-2.62703e-106
-0.000103692
-0.000103692
-0.000103692
-0.000103692
-6.88393e-102
-0.000103692
-1.63597e-34
-3.13706e-99
-0.000103692
-1.8692e-97
-1.4451e-96
-1.11825e-95
-8.65942e-95
-0.000103692
-0.000103692
-1.09788e-26
-0.000103692
-2.4235e-90
-1.87865e-89
-0.000103692
-0.000103692
-0.000103692
-6.72859e-86
-0.000103692
-3.91522e-84
-2.93438e-77
-0.000103692
-1.88614e-16
-0.000103692
-1.20713e-14
-0.000103692
-3.37874e-78
-3.09026e-12
-1.66735e-76
-1.13572e-75
-7.91106e-10
-4.58082e-74
-2.63668e-73
-1.23907e-72
-1.86053e-72
-0.000103692
-0.000103692
-6.66143e-155
-7.02815e-154
-5.01241e-153
-3.17718e-152
-6.32885e-09
-0.000103692
-7.73971e-150
-4.87313e-149
-3.04943e-148
-0.000103692
-4.82853e-14
-0.000103692
-0.000103692
-0.000103692
-2.32755e-143
-1.55129e-142
-0.000103692
-6.99243e-141
-0.000103692
-3.24247e-139
-4.80768e-73
-1.53113e-137
-0.000103692
-0.000103692
-5.14131e-135
-0.000103692
-6.86175e-28
-8.57719e-29
-1.26956e-131
-0.000103692
-0.000103692
-0.000103692
-3.31651e-128
-6.54388e-34
-8.17985e-35
-1.25236e-125
-0.000103692
-2.70648e-58
-1.99703e-38
-0.000103692
-2.61342e-121
-1.92514e-120
-1.42022e-119
-0.000103692
-7.80706e-118
-2.27036e-51
-4.33214e-116
-3.23868e-115
-0.000103692
-0.000103692
-0.000103692
-7.26516e-50
-7.79147e-111
-5.88507e-110
-4.45112e-109
-3.37103e-108
-2.55639e-107
-1.94112e-106
-1.47579e-105
-1.12341e-104
-8.56197e-104
-3.19525e-37
-0.000103692
-3.81661e-101
-5.2861e-61
-2.23876e-99
-0.000103692
-0.000103692
-3.35046e-31
-0.000103692
-5.9825e-95
-1.71544e-28
-3.54085e-93
-2.72425e-92
-2.09547e-91
-1.23077e-70
-0.000103692
-9.50459e-89
-0.000103692
-5.57312e-87
-0.000103692
-3.22994e-85
-0.000103692
-1.83403e-83
-1.37945e-82
-0.000103692
-7.65277e-81
-4.19507e-80
-2.73261e-79
-1.95509e-78
-3.09026e-12
-9.23023e-77
-6.16152e-76
-0.000103692
-0.000103698
-1.38637e-73
-6.41025e-73
-0.000103692
-0.000110173
-1.21797e-157
-6.48074e-06
-1.06562e-154
-0.000103692
-5.30376e-153
-3.57281e-152
-2.39797e-151
-1.59023e-150
-1.07664e-149
-0.000103692
-0.000103692
-0.000103692
-2.33505e-146
-1.61092e-145
-4.58496e-79
-2.35768e-17
-5.41558e-143
-3.76875e-142
-2.63253e-141
-0.000103692
-1.31419e-139
-0.000103692
-0.000103692
-4.73132e-137
-0.000103692
-0.000103692
-0.000103692
-6.30152e-68
-9.09479e-133
-0.000103692
-0.000103692
-3.47836e-130
-0.000103692
-8.25953e-63
-1.35571e-127
-0.000103692
-7.30442e-126
-5.3765e-125
-1.59763e-37
-0.000103692
-0.000103692
-3.12036e-40
-1.19221e-120
-0.000103692
-6.5986e-119
-2.83795e-52
-0.000103692
-2.75184e-116
-1.45303e-49
-3.71976e-47
-4.6497e-48
-0.000103692
-6.59351e-112
-4.96964e-111
-3.74895e-110
-1.52361e-43
-0.000103692
-9.75114e-42
-0.000103692
-9.27582e-106
-0.000103692
-1.08259e-57
-1.35324e-58
-1.69155e-59
-2.34093e-101
-1.78116e-100
-1.35606e-99
-0.000103692
-0.000103692
-1.29055e-64
-4.57656e-96
-3.49058e-95
-2.66243e-94
-2.03051e-93
-1.54809e-92
-1.17968e-91
-0.000103692
-6.83249e-90
-1.92307e-72
-1.79877e-22
-1.43901e-21
-0.000103692
-1.69506e-85
-1.26216e-84
-1.46719e-77
-6.97191e-83
-1.88614e-16
-3.74343e-81
-1.20713e-14
-1.29291e-79
-9.03709e-79
-6.23723e-78
-0.000103692
-2.6881e-76
-1.69048e-75
-0.000103692
-5.58918e-74
-2.02523e-07
-3.61616e-73
-8.23412e-74
-5.18459e-05
-1.668e-90
-6.68406e-156
-2.02523e-07
-4.40144e-154
-0.000103692
-0.000103693
-0.000103692
-0.000103692
-0.000103692
-5.59688e-83
-5.52296e-148
-0.000103692
-2.98041e-146
-2.18682e-145
-1.6035e-144
-1.17487e-143
-3.68387e-19
-0.000103692
-4.62884e-141
-0.000103692
-0.000103692
-1.83818e-138
-0.000103692
-9.96897e-137
-7.35078e-136
-5.425e-135
-0.000103692
-2.9629e-133
-2.01649e-66
-1.62418e-131
-1.67523e-31
-2.09404e-32
-2.61755e-33
-4.93485e-128
-3.67215e-127
-2.73498e-126
-2.03878e-125
-0.000103692
-1.99703e-38
-0.000103692
-3.12036e-40
-0.000103692
-0.000103692
-0.000103692
-0.000103692
-1.504e-117
-1.19032e-45
-8.50078e-116
-6.39816e-115
-4.6497e-48
-3.71976e-47
-2.73723e-112
-0.000103692
-0.000103692
-0.000103692
-0.000103692
-6.70072e-108
-0.000103692
-0.000103692
-2.8927e-105
-0.000103692
-0.000103692
-1.25216e-102
-9.47647e-102
-8.17985e-35
-5.42997e-100
-4.12977e-63
-4.18808e-32
-0.000103692
-2.68037e-30
-1.34839e-95
-1.01957e-94
-0.000103692
-0.000103692
-4.92307e-70
-3.30502e-91
-2.48569e-90
-2.24846e-23
-1.39753e-88
-0.000103692
-7.7716e-87
-5.76393e-86
-0.000103692
-2.9471e-18
-2.27148e-83
-0.000103692
-1.17678e-81
-8.32986e-81
-3.88727e-80
-3.86282e-13
-0.000103692
-1.16576e-77
-7.37413e-77
-0.000103692
-6.32885e-09
-1.37323e-74
-0.000103692
-0.000103692
-0.000103692
-2.5366e-160
-2.56927e-158
-0.000103692
-3.36724e-156
-2.85555e-155
-2.31765e-154
-1.83853e-153
-0.000103692
-4.37256e-85
-0.000103692
-6.40443e-150
-4.82884e-149
-3.62463e-148
-7.54458e-16
-9.43072e-17
-1.50547e-145
-1.11885e-144
-0.000103692
-2.3475e-76
-1.878e-75
-3.38639e-141
-8.99384e-23
-0.000103692
-0.000103692
-1.02386e-137
-7.59906e-137
-2.7447e-27
-3.43088e-28
-4.28859e-29
-0.000103692
-1.72848e-132
-8.37616e-32
-0.000103692
-7.17902e-130
-0.000103692
-4.01475e-128
-3.00657e-127
-2.25371e-126
-1.69098e-125
-1.26997e-124
-0.000103692
-0.000103692
-5.41017e-122
-4.07829e-121
-1.77372e-53
-0.000103692
-1.75659e-118
-5.95162e-46
-7.43953e-47
-9.29941e-48
-5.77656e-115
-4.38178e-114
-0.000103692
-2.52602e-112
-0.000103692
-1.45979e-110
-1.11072e-109
-4.87557e-42
-0.000103692
-4.90887e-107
-3.74293e-106
-0.000103692
-2.17887e-104
-4.22888e-60
-0.000103692
-9.70147e-102
-7.41113e-101
-5.66193e-100
-2.09404e-32
-0.000103692
-2.52331e-97
-0.000103692
-0.000103692
-0.000103692
-9.84613e-70
-6.49535e-93
-3.51322e-25
-0.000103692
-2.83414e-90
-2.14028e-89
-1.61162e-88
-5.75605e-21
-0.000103692
-3.68387e-19
-4.96824e-85
-2.35768e-17
-2.66042e-83
-1.92031e-82
-1.37012e-81
-0.000103692
-3.86282e-13
-0.000103692
-1.98708e-78
-1.26892e-77
-7.91106e-10
-0.000103692
-2.38732e-75
-1.02567e-74
-0.000103692
-0.000103692
)
;

boundaryField
{
    fuel
    {
        type            calculated;
        value           uniform 0;
    }
    air
    {
        type            calculated;
        value           uniform 0;
    }
    outlet
    {
        type            calculated;
        value           uniform 0;
    }
    frontAndBack
    {
        type            empty;
    }
}


// ************************************************************************* //
