/*--------------------------------*- C++ -*----------------------------------*\
| =========                 |                                                 |
| \\      /  F ield         | OpenFOAM: The Open Source CFD Toolbox           |
|  \\    /   O peration     | Version:  2406                                  |
|   \\  /    A nd           | Website:  www.openfoam.com                      |
|    \\/     M anipulation  |                                                 |
\*---------------------------------------------------------------------------*/
FoamFile
{
    version     2.0;
    format      ascii;
    arch        "LSB;label=32;scalar=64";
    class       volScalarField;
    location    "6.4416e-05";
    object      T;
}
// * * * * * * * * * * * * * * * * * * * * * * * * * * * * * * * * * * * * * //

dimensions      [0 0 0 1 0 0 0];

internalField   nonuniform List<scalar> 
4000
(
1127.38
1508.63
1629.12
1669.19
1687.22
1698.55
1707.18
1714.35
1720.54
1726
1730.88
1735.27
1739.27
1742.92
1746.27
1749.37
1752.25
1754.91
1757.4
1759.73
1761.9
1763.94
1765.86
1767.66
1769.36
1770.95
1772.45
1773.86
1775.19
1776.44
1777.62
1778.73
1779.77
1780.74
1781.66
1782.51
1783.31
1784.05
1784.74
1785.37
1785.96
1786.5
1786.99
1787.44
1787.84
1788.2
1788.51
1788.78
1789.01
1789.19
1789.33
1789.43
1789.48
1789.49
1789.45
1789.37
1789.25
1789.08
1788.87
1788.61
1788.31
1787.96
1787.56
1787.11
1786.6
1786.05
1785.44
1784.77
1784.05
1783.26
1782.41
1781.49
1780.5
1779.44
1778.29
1777.07
1775.75
1774.34
1772.83
1771.2
1769.46
1767.57
1765.54
1763.35
1760.98
1758.41
1755.61
1752.54
1749.16
1745.43
1741.26
1736.58
1731.29
1725.34
1718.77
1711.93
1704.93
1689.99
1611.07
1257.27
1283.69
1750.2
1903.56
1946.64
1958.67
1962.81
1964.96
1966.52
1967.83
1968.98
1970
1970.93
1971.76
1972.52
1973.23
1973.88
1974.48
1975.03
1975.55
1976.02
1976.46
1976.87
1977.25
1977.6
1977.93
1978.24
1978.53
1978.8
1979.05
1979.29
1979.5
1979.71
1979.9
1980.07
1980.24
1980.39
1980.53
1980.66
1980.77
1980.88
1980.98
1981.07
1981.14
1981.21
1981.27
1981.32
1981.37
1981.4
1981.43
1981.44
1981.45
1981.45
1981.44
1981.42
1981.39
1981.36
1981.31
1981.26
1981.2
1981.13
1981.04
1980.95
1980.85
1980.74
1980.62
1980.48
1980.34
1980.18
1980.01
1979.83
1979.63
1979.42
1979.19
1978.95
1978.69
1978.41
1978.11
1977.79
1977.45
1977.12
1976.94
1976.29
1975.79
1975.29
1974.75
1974.16
1973.53
1972.86
1972.14
1971.35
1970.48
1969.53
1968.5
1967.34
1965.86
1963.1
1954.78
1923.8
1811.18
1436.82
1301.81
1780.93
1939.15
1982.65
1993.53
1996.19
1996.94
1997.24
1997.42
1997.54
1997.67
1997.79
1997.89
1997.99
1998.06
1998.12
1998.18
1998.23
1998.29
1998.32
1998.36
1998.39
1998.43
1998.46
1998.49
1998.52
1998.54
1998.56
1998.59
1998.61
1998.63
1998.64
1998.66
1998.67
1998.69
1998.7
1998.71
1998.72
1998.73
1998.74
1998.75
1998.76
1998.76
1998.77
1998.77
1998.78
1998.78
1998.78
1998.78
1998.79
1998.79
1998.79
1998.78
1998.78
1998.78
1998.78
1998.77
1998.77
1998.76
1998.76
1998.75
1998.74
1998.73
1998.72
1998.71
1998.7
1998.68
1998.67
1998.66
1998.64
1998.62
1998.6
1998.58
1998.56
1998.54
1998.51
1998.48
1998.45
1998.41
1998.34
1998.08
1998.26
1998.26
1998.22
1998.17
1998.11
1998.05
1997.96
1997.85
1997.74
1997.61
1997.47
1997.3
1997.03
1996.39
1994.15
1985.41
1952.14
1834.92
1453.71
1303.77
1784.11
1942.52
1985.88
1996.56
1999.03
1999.59
1999.73
1999.77
1999.82
1999.84
1999.85
1999.86
1999.86
1999.87
1999.87
1999.88
1999.88
1999.87
1999.89
1999.89
1999.9
1999.9
1999.9
1999.9
1999.91
1999.91
1999.91
1999.91
1999.91
1999.91
1999.91
1999.92
1999.92
1999.92
1999.92
1999.92
1999.92
1999.92
1999.92
1999.92
1999.92
1999.92
1999.92
1999.92
1999.92
1999.93
1999.93
1999.93
1999.93
1999.93
1999.93
1999.93
1999.93
1999.93
1999.92
1999.92
1999.92
1999.92
1999.92
1999.92
1999.92
1999.92
1999.92
1999.92
1999.92
1999.92
1999.92
1999.92
1999.91
1999.91
1999.91
1999.91
1999.91
1999.91
1999.9
1999.9
1999.9
1999.9
1999.89
1999.88
1999.88
1999.88
1999.88
1999.87
1999.87
1999.87
1999.86
1999.85
1999.84
1999.83
1999.82
1999.78
1999.66
1999.15
1996.99
1988.2
1954.82
1837.24
1455.29
1304.28
1784.77
1943.03
1986.25
1996.87
1999.3
1999.84
1999.95
1999.98
1999.98
1999.99
1999.99
1999.99
1999.99
1999.99
1999.99
1999.99
1999.99
1999.99
1999.99
1999.99
1999.99
1999.99
1999.99
1999.99
1999.99
1999.99
1999.99
1999.99
1999.99
1999.99
1999.99
1999.99
1999.99
2000
2000
2000
2000
2000
2000
2000
2000
2000
2000
2000
2000
2000
2000
2000
2000
2000
2000
2000
2000
2000
2000
2000
2000
2000
2000
2000
2000
2000
2000
2000
1999.99
1999.99
1999.99
1999.99
1999.99
1999.99
1999.99
1999.99
1999.99
1999.99
1999.99
1999.99
1999.99
1999.99
1999.99
1999.99
1999.99
1999.99
1999.99
1999.99
1999.99
1999.99
1999.99
1999.99
1999.99
1999.99
1999.98
1999.96
1999.85
1999.35
1997.21
1988.47
1955.11
1837.58
1455.62
1304.53
1785.04
1943.19
1986.33
1996.9
1999.33
1999.86
1999.97
1999.99
2000
2000
2000
2000
2000
2000
2000
2000
2000
2000
2000
2000
2000
2000
2000
2000
2000
2000
2000
2000
2000
2000
2000
2000
2000
2000
2000
2000
2000
2000
2000
2000
2000
2000
2000
2000
2000
2000
2000
2000
2000
2000
2000
2000
2000
2000
2000
2000
2000
2000
2000
2000
2000
2000
2000
2000
2000
2000
2000
2000
2000
2000
2000
2000
2000
2000
2000
2000
2000
2000
2000
2000
2000
2000
2000
2000
2000
2000
2000
2000
2000
2000
1999.99
1999.97
1999.86
1999.36
1997.23
1988.52
1955.19
1837.72
1455.8
1304.69
1785.21
1943.29
1986.37
1996.92
1999.33
1999.86
1999.97
1999.99
2000
2000
2000
2000
2000
2000
2000
2000
2000
2000
2000
2000
2000
2000
2000
2000
2000
2000
2000
2000
2000
2000
2000
2000
2000
2000
2000
2000
2000
2000
2000
2000
2000
2000
2000
2000
2000
2000
2000
2000
2000
2000
2000
2000
2000
2000
2000
2000
2000
2000
2000
2000
2000
2000
2000
2000
2000
2000
2000
2000
2000
2000
2000
2000
2000
2000
2000
2000
2000
2000
2000
2000
2000
2000
2000
2000
2000
2000
2000
2000
2000
2000
1999.99
1999.97
1999.86
1999.37
1997.24
1988.54
1955.25
1837.82
1455.92
1304.8
1785.34
1943.36
1986.4
1996.93
1999.33
1999.86
1999.97
1999.99
2000
2000
2000
2000
2000
2000
2000
2000
2000
2000
2000
2000
2000
2000
2000
2000
2000
2000
2000
2000
2000
2000
2000
2000
2000
2000
2000
2000
2000
2000
2000
2000
2000
2000
2000
2000
2000
2000
2000
2000
2000
2000
2000
2000
2000
2000
2000
2000
2000
2000
2000
2000
2000
2000
2000
2000
2000
2000
2000
2000
2000
2000
2000
2000
2000
2000
2000
2000
2000
2000
2000
2000
2000
2000
2000
2000
2000
2000
2000
2000
2000
2000
1999.99
1999.97
1999.86
1999.37
1997.24
1988.56
1955.29
1837.9
1456.01
1304.89
1785.43
1943.41
1986.42
1996.93
1999.34
1999.86
1999.97
1999.99
2000
2000
2000
2000
2000
2000
2000
2000
2000
2000
2000
2000
2000
2000
2000
2000
2000
2000
2000
2000
2000
2000
2000
2000
2000
2000
2000
2000
2000
2000
2000
2000
2000
2000
2000
2000
2000
2000
2000
2000
2000
2000
2000
2000
2000
2000
2000
2000
2000
2000
2000
2000
2000
2000
2000
2000
2000
2000
2000
2000
2000
2000
2000
2000
2000
2000
2000
2000
2000
2000
2000
2000
2000
2000
2000
2000
2000
2000
2000
2000
2000
2000
1999.99
1999.97
1999.86
1999.37
1997.25
1988.57
1955.32
1837.95
1456.07
1304.95
1785.5
1943.45
1986.43
1996.94
1999.34
1999.86
1999.97
1999.99
2000
2000
2000
2000
2000
2000
2000
2000
2000
2000
2000
2000
2000
2000
2000
2000
2000
2000
2000
2000
2000
2000
2000
2000
2000
2000
2000
2000
2000
2000
2000
2000
2000
2000
2000
2000
2000
2000
2000
2000
2000
2000
2000
2000
2000
2000
2000
2000
2000
2000
2000
2000
2000
2000
2000
2000
2000
2000
2000
2000
2000
2000
2000
2000
2000
2000
2000
2000
2000
2000
2000
2000
2000
2000
2000
2000
2000
2000
2000
2000
2000
2000
1999.99
1999.97
1999.86
1999.37
1997.25
1988.58
1955.34
1838
1456.12
1305
1785.56
1943.48
1986.45
1996.94
1999.34
1999.86
1999.97
1999.99
2000
2000
2000
2000
2000
2000
2000
2000
2000
2000
2000
2000
2000
2000
2000
2000
2000
2000
2000
2000
2000
2000
2000
2000
2000
2000
2000
2000
2000
2000
2000
2000
2000
2000
2000
2000
2000
2000
2000
2000
2000
2000
2000
2000
2000
2000
2000
2000
2000
2000
2000
2000
2000
2000
2000
2000
2000
2000
2000
2000
2000
2000
2000
2000
2000
2000
2000
2000
2000
2000
2000
2000
2000
2000
2000
2000
2000
2000
2000
2000
2000
2000
1999.99
1999.97
1999.86
1999.37
1997.26
1988.59
1955.37
1838.04
1456.16
1305.04
1785.6
1943.51
1986.46
1996.95
1999.34
1999.86
1999.97
1999.99
2000
2000
2000
2000
2000
2000
2000
2000
2000
2000
2000
2000
2000
2000
2000
2000
2000
2000
2000
2000
2000
2000
2000
2000
2000
2000
2000
2000
2000
2000
2000
2000
2000
2000
2000
2000
2000
2000
2000
2000
2000
2000
2000
2000
2000
2000
2000
2000
2000
2000
2000
2000
2000
2000
2000
2000
2000
2000
2000
2000
2000
2000
2000
2000
2000
2000
2000
2000
2000
2000
2000
2000
2000
2000
2000
2000
2000
2000
2000
2000
2000
2000
1999.99
1999.97
1999.86
1999.37
1997.26
1988.6
1955.38
1838.07
1456.19
1305.07
1785.64
1943.53
1986.46
1996.95
1999.34
1999.86
1999.97
1999.99
2000
2000
2000
2000
2000
2000
2000
2000
2000
2000
2000
2000
2000
2000
2000
2000
2000
2000
2000
2000
2000
2000
2000
2000
2000
2000
2000
2000
2000
2000
2000
2000
2000
2000
2000
2000
2000
2000
2000
2000
2000
2000
2000
2000
2000
2000
2000
2000
2000
2000
2000
2000
2000
2000
2000
2000
2000
2000
2000
2000
2000
2000
2000
2000
2000
2000
2000
2000
2000
2000
2000
2000
2000
2000
2000
2000
2000
2000
2000
2000
2000
2000
1999.99
1999.97
1999.86
1999.37
1997.26
1988.6
1955.39
1838.09
1456.22
1305.09
1785.66
1943.54
1986.47
1996.95
1999.34
1999.86
1999.97
1999.99
2000
2000
2000
2000
2000
2000
2000
2000
2000
2000
2000
2000
2000
2000
2000
2000
2000
2000
2000
2000
2000
2000
2000
2000
2000
2000
2000
2000
2000
2000
2000
2000
2000
2000
2000
2000
2000
2000
2000
2000
2000
2000
2000
2000
2000
2000
2000
2000
2000
2000
2000
2000
2000
2000
2000
2000
2000
2000
2000
2000
2000
2000
2000
2000
2000
2000
2000
2000
2000
2000
2000
2000
2000
2000
2000
2000
2000
2000
2000
2000
2000
2000
1999.99
1999.97
1999.86
1999.37
1997.26
1988.61
1955.4
1838.11
1456.24
1305.11
1785.68
1943.55
1986.48
1996.95
1999.34
1999.86
1999.97
1999.99
2000
2000
2000
2000
2000
2000
2000
2000
2000
2000
2000
2000
2000
2000
2000
2000
2000
2000
2000
2000
2000
2000
2000
2000
2000
2000
2000
2000
2000
2000
2000
2000
2000
2000
2000
2000
2000
2000
2000
2000
2000
2000
2000
2000
2000
2000
2000
2000
2000
2000
2000
2000
2000
2000
2000
2000
2000
2000
2000
2000
2000
2000
2000
2000
2000
2000
2000
2000
2000
2000
2000
2000
2000
2000
2000
2000
2000
2000
2000
2000
2000
2000
1999.99
1999.97
1999.86
1999.37
1997.26
1988.61
1955.41
1838.12
1456.26
1305.12
1785.7
1943.56
1986.48
1996.95
1999.34
1999.86
1999.97
1999.99
2000
2000
2000
2000
2000
2000
2000
2000
2000
2000
2000
2000
2000
2000
2000
2000
2000
2000
2000
2000
2000
2000
2000
2000
2000
2000
2000
2000
2000
2000
2000
2000
2000
2000
2000
2000
2000
2000
2000
2000
2000
2000
2000
2000
2000
2000
2000
2000
2000
2000
2000
2000
2000
2000
2000
2000
2000
2000
2000
2000
2000
2000
2000
2000
2000
2000
2000
2000
2000
2000
2000
2000
2000
2000
2000
2000
2000
2000
2000
2000
2000
2000
1999.99
1999.97
1999.86
1999.37
1997.26
1988.61
1955.42
1838.13
1456.27
1305.13
1785.71
1943.57
1986.48
1996.95
1999.34
1999.86
1999.97
1999.99
2000
2000
2000
2000
2000
2000
2000
2000
2000
2000
2000
2000
2000
2000
2000
2000
2000
2000
2000
2000
2000
2000
2000
2000
2000
2000
2000
2000
2000
2000
2000
2000
2000
2000
2000
2000
2000
2000
2000
2000
2000
2000
2000
2000
2000
2000
2000
2000
2000
2000
2000
2000
2000
2000
2000
2000
2000
2000
2000
2000
2000
2000
2000
2000
2000
2000
2000
2000
2000
2000
2000
2000
2000
2000
2000
2000
2000
2000
2000
2000
2000
2000
1999.99
1999.97
1999.86
1999.37
1997.27
1988.62
1955.42
1838.14
1456.28
1305.14
1785.72
1943.57
1986.48
1996.95
1999.34
1999.86
1999.97
1999.99
2000
2000
2000
2000
2000
2000
2000
2000
2000
2000
2000
2000
2000
2000
2000
2000
2000
2000
2000
2000
2000
2000
2000
2000
2000
2000
2000
2000
2000
2000
2000
2000
2000
2000
2000
2000
2000
2000
2000
2000
2000
2000
2000
2000
2000
2000
2000
2000
2000
2000
2000
2000
2000
2000
2000
2000
2000
2000
2000
2000
2000
2000
2000
2000
2000
2000
2000
2000
2000
2000
2000
2000
2000
2000
2000
2000
2000
2000
2000
2000
2000
2000
1999.99
1999.97
1999.86
1999.37
1997.27
1988.62
1955.43
1838.15
1456.28
1305.14
1785.72
1943.58
1986.49
1996.95
1999.34
1999.86
1999.97
1999.99
2000
2000
2000
2000
2000
2000
2000
2000
2000
2000
2000
2000
2000
2000
2000
2000
2000
2000
2000
2000
2000
2000
2000
2000
2000
2000
2000
2000
2000
2000
2000
2000
2000
2000
2000
2000
2000
2000
2000
2000
2000
2000
2000
2000
2000
2000
2000
2000
2000
2000
2000
2000
2000
2000
2000
2000
2000
2000
2000
2000
2000
2000
2000
2000
2000
2000
2000
2000
2000
2000
2000
2000
2000
2000
2000
2000
2000
2000
2000
2000
2000
2000
1999.99
1999.97
1999.86
1999.37
1997.27
1988.62
1955.43
1838.15
1456.29
1305.14
1785.72
1943.58
1986.49
1996.96
1999.34
1999.86
1999.97
1999.99
2000
2000
2000
2000
2000
2000
2000
2000
2000
2000
2000
2000
2000
2000
2000
2000
2000
2000
2000
2000
2000
2000
2000
2000
2000
2000
2000
2000
2000
2000
2000
2000
2000
2000
2000
2000
2000
2000
2000
2000
2000
2000
2000
2000
2000
2000
2000
2000
2000
2000
2000
2000
2000
2000
2000
2000
2000
2000
2000
2000
2000
2000
2000
2000
2000
2000
2000
2000
2000
2000
2000
2000
2000
2000
2000
2000
2000
2000
2000
2000
2000
2000
1999.99
1999.97
1999.86
1999.37
1997.27
1988.62
1955.43
1838.16
1456.29
1305.14
1785.72
1943.58
1986.49
1996.96
1999.34
1999.86
1999.97
1999.99
2000
2000
2000
2000
2000
2000
2000
2000
2000
2000
2000
2000
2000
2000
2000
2000
2000
2000
2000
2000
2000
2000
2000
2000
2000
2000
2000
2000
2000
2000
2000
2000
2000
2000
2000
2000
2000
2000
2000
2000
2000
2000
2000
2000
2000
2000
2000
2000
2000
2000
2000
2000
2000
2000
2000
2000
2000
2000
2000
2000
2000
2000
2000
2000
2000
2000
2000
2000
2000
2000
2000
2000
2000
2000
2000
2000
2000
2000
2000
2000
2000
2000
1999.99
1999.97
1999.86
1999.37
1997.27
1988.62
1955.43
1838.16
1456.29
1305.14
1785.72
1943.58
1986.49
1996.95
1999.34
1999.86
1999.97
1999.99
2000
2000
2000
2000
2000
2000
2000
2000
2000
2000
2000
2000
2000
2000
2000
2000
2000
2000
2000
2000
2000
2000
2000
2000
2000
2000
2000
2000
2000
2000
2000
2000
2000
2000
2000
2000
2000
2000
2000
2000
2000
2000
2000
2000
2000
2000
2000
2000
2000
2000
2000
2000
2000
2000
2000
2000
2000
2000
2000
2000
2000
2000
2000
2000
2000
2000
2000
2000
2000
2000
2000
2000
2000
2000
2000
2000
2000
2000
2000
2000
2000
2000
1999.99
1999.97
1999.86
1999.37
1997.27
1988.62
1955.43
1838.15
1456.29
1305.14
1785.72
1943.57
1986.48
1996.95
1999.34
1999.86
1999.97
1999.99
2000
2000
2000
2000
2000
2000
2000
2000
2000
2000
2000
2000
2000
2000
2000
2000
2000
2000
2000
2000
2000
2000
2000
2000
2000
2000
2000
2000
2000
2000
2000
2000
2000
2000
2000
2000
2000
2000
2000
2000
2000
2000
2000
2000
2000
2000
2000
2000
2000
2000
2000
2000
2000
2000
2000
2000
2000
2000
2000
2000
2000
2000
2000
2000
2000
2000
2000
2000
2000
2000
2000
2000
2000
2000
2000
2000
2000
2000
2000
2000
2000
2000
1999.99
1999.97
1999.86
1999.37
1997.27
1988.62
1955.43
1838.15
1456.28
1305.13
1785.71
1943.57
1986.48
1996.95
1999.34
1999.86
1999.97
1999.99
2000
2000
2000
2000
2000
2000
2000
2000
2000
2000
2000
2000
2000
2000
2000
2000
2000
2000
2000
2000
2000
2000
2000
2000
2000
2000
2000
2000
2000
2000
2000
2000
2000
2000
2000
2000
2000
2000
2000
2000
2000
2000
2000
2000
2000
2000
2000
2000
2000
2000
2000
2000
2000
2000
2000
2000
2000
2000
2000
2000
2000
2000
2000
2000
2000
2000
2000
2000
2000
2000
2000
2000
2000
2000
2000
2000
2000
2000
2000
2000
2000
2000
1999.99
1999.97
1999.86
1999.37
1997.27
1988.62
1955.42
1838.14
1456.28
1305.12
1785.7
1943.56
1986.48
1996.95
1999.34
1999.86
1999.97
1999.99
2000
2000
2000
2000
2000
2000
2000
2000
2000
2000
2000
2000
2000
2000
2000
2000
2000
2000
2000
2000
2000
2000
2000
2000
2000
2000
2000
2000
2000
2000
2000
2000
2000
2000
2000
2000
2000
2000
2000
2000
2000
2000
2000
2000
2000
2000
2000
2000
2000
2000
2000
2000
2000
2000
2000
2000
2000
2000
2000
2000
2000
2000
2000
2000
2000
2000
2000
2000
2000
2000
2000
2000
2000
2000
2000
2000
2000
2000
2000
2000
2000
2000
1999.99
1999.97
1999.86
1999.37
1997.26
1988.61
1955.42
1838.13
1456.27
1305.11
1785.68
1943.55
1986.48
1996.95
1999.34
1999.86
1999.97
1999.99
2000
2000
2000
2000
2000
2000
2000
2000
2000
2000
2000
2000
2000
2000
2000
2000
2000
2000
2000
2000
2000
2000
2000
2000
2000
2000
2000
2000
2000
2000
2000
2000
2000
2000
2000
2000
2000
2000
2000
2000
2000
2000
2000
2000
2000
2000
2000
2000
2000
2000
2000
2000
2000
2000
2000
2000
2000
2000
2000
2000
2000
2000
2000
2000
2000
2000
2000
2000
2000
2000
2000
2000
2000
2000
2000
2000
2000
2000
2000
2000
2000
2000
1999.99
1999.97
1999.86
1999.37
1997.26
1988.61
1955.41
1838.12
1456.26
1305.09
1785.66
1943.54
1986.47
1996.95
1999.34
1999.86
1999.97
1999.99
2000
2000
2000
2000
2000
2000
2000
2000
2000
2000
2000
2000
2000
2000
2000
2000
2000
2000
2000
2000
2000
2000
2000
2000
2000
2000
2000
2000
2000
2000
2000
2000
2000
2000
2000
2000
2000
2000
2000
2000
2000
2000
2000
2000
2000
2000
2000
2000
2000
2000
2000
2000
2000
2000
2000
2000
2000
2000
2000
2000
2000
2000
2000
2000
2000
2000
2000
2000
2000
2000
2000
2000
2000
2000
2000
2000
2000
2000
2000
2000
2000
2000
1999.99
1999.97
1999.86
1999.37
1997.26
1988.61
1955.4
1838.11
1456.24
1305.07
1785.64
1943.53
1986.46
1996.95
1999.34
1999.86
1999.97
1999.99
2000
2000
2000
2000
2000
2000
2000
2000
2000
2000
2000
2000
2000
2000
2000
2000
2000
2000
2000
2000
2000
2000
2000
2000
2000
2000
2000
2000
2000
2000
2000
2000
2000
2000
2000
2000
2000
2000
2000
2000
2000
2000
2000
2000
2000
2000
2000
2000
2000
2000
2000
2000
2000
2000
2000
2000
2000
2000
2000
2000
2000
2000
2000
2000
2000
2000
2000
2000
2000
2000
2000
2000
2000
2000
2000
2000
2000
2000
2000
2000
2000
2000
1999.99
1999.97
1999.86
1999.37
1997.26
1988.6
1955.39
1838.09
1456.22
1305.04
1785.6
1943.51
1986.46
1996.95
1999.34
1999.86
1999.97
1999.99
2000
2000
2000
2000
2000
2000
2000
2000
2000
2000
2000
2000
2000
2000
2000
2000
2000
2000
2000
2000
2000
2000
2000
2000
2000
2000
2000
2000
2000
2000
2000
2000
2000
2000
2000
2000
2000
2000
2000
2000
2000
2000
2000
2000
2000
2000
2000
2000
2000
2000
2000
2000
2000
2000
2000
2000
2000
2000
2000
2000
2000
2000
2000
2000
2000
2000
2000
2000
2000
2000
2000
2000
2000
2000
2000
2000
2000
2000
2000
2000
2000
2000
1999.99
1999.97
1999.86
1999.37
1997.26
1988.6
1955.38
1838.07
1456.19
1305
1785.56
1943.48
1986.45
1996.94
1999.34
1999.86
1999.97
1999.99
2000
2000
2000
2000
2000
2000
2000
2000
2000
2000
2000
2000
2000
2000
2000
2000
2000
2000
2000
2000
2000
2000
2000
2000
2000
2000
2000
2000
2000
2000
2000
2000
2000
2000
2000
2000
2000
2000
2000
2000
2000
2000
2000
2000
2000
2000
2000
2000
2000
2000
2000
2000
2000
2000
2000
2000
2000
2000
2000
2000
2000
2000
2000
2000
2000
2000
2000
2000
2000
2000
2000
2000
2000
2000
2000
2000
2000
2000
2000
2000
2000
2000
1999.99
1999.97
1999.86
1999.37
1997.26
1988.59
1955.37
1838.04
1456.16
1304.95
1785.5
1943.45
1986.43
1996.94
1999.34
1999.86
1999.97
1999.99
2000
2000
2000
2000
2000
2000
2000
2000
2000
2000
2000
2000
2000
2000
2000
2000
2000
2000
2000
2000
2000
2000
2000
2000
2000
2000
2000
2000
2000
2000
2000
2000
2000
2000
2000
2000
2000
2000
2000
2000
2000
2000
2000
2000
2000
2000
2000
2000
2000
2000
2000
2000
2000
2000
2000
2000
2000
2000
2000
2000
2000
2000
2000
2000
2000
2000
2000
2000
2000
2000
2000
2000
2000
2000
2000
2000
2000
2000
2000
2000
2000
2000
1999.99
1999.97
1999.86
1999.37
1997.25
1988.58
1955.34
1838
1456.12
1304.89
1785.43
1943.41
1986.42
1996.93
1999.34
1999.86
1999.97
1999.99
2000
2000
2000
2000
2000
2000
2000
2000
2000
2000
2000
2000
2000
2000
2000
2000
2000
2000
2000
2000
2000
2000
2000
2000
2000
2000
2000
2000
2000
2000
2000
2000
2000
2000
2000
2000
2000
2000
2000
2000
2000
2000
2000
2000
2000
2000
2000
2000
2000
2000
2000
2000
2000
2000
2000
2000
2000
2000
2000
2000
2000
2000
2000
2000
2000
2000
2000
2000
2000
2000
2000
2000
2000
2000
2000
2000
2000
2000
2000
2000
2000
2000
1999.99
1999.97
1999.86
1999.37
1997.25
1988.57
1955.32
1837.95
1456.07
1304.8
1785.34
1943.36
1986.4
1996.93
1999.33
1999.86
1999.97
1999.99
2000
2000
2000
2000
2000
2000
2000
2000
2000
2000
2000
2000
2000
2000
2000
2000
2000
2000
2000
2000
2000
2000
2000
2000
2000
2000
2000
2000
2000
2000
2000
2000
2000
2000
2000
2000
2000
2000
2000
2000
2000
2000
2000
2000
2000
2000
2000
2000
2000
2000
2000
2000
2000
2000
2000
2000
2000
2000
2000
2000
2000
2000
2000
2000
2000
2000
2000
2000
2000
2000
2000
2000
2000
2000
2000
2000
2000
2000
2000
2000
2000
2000
1999.99
1999.97
1999.86
1999.37
1997.24
1988.56
1955.29
1837.9
1456.01
1304.69
1785.21
1943.29
1986.37
1996.92
1999.33
1999.86
1999.97
1999.99
2000
2000
2000
2000
2000
2000
2000
2000
2000
2000
2000
2000
2000
2000
2000
2000
2000
2000
2000
2000
2000
2000
2000
2000
2000
2000
2000
2000
2000
2000
2000
2000
2000
2000
2000
2000
2000
2000
2000
2000
2000
2000
2000
2000
2000
2000
2000
2000
2000
2000
2000
2000
2000
2000
2000
2000
2000
2000
2000
2000
2000
2000
2000
2000
2000
2000
2000
2000
2000
2000
2000
2000
2000
2000
2000
2000
2000
2000
2000
2000
2000
2000
1999.99
1999.97
1999.86
1999.37
1997.24
1988.54
1955.25
1837.82
1455.92
1304.53
1785.04
1943.19
1986.33
1996.9
1999.33
1999.86
1999.97
1999.99
2000
2000
2000
2000
2000
2000
2000
2000
2000
2000
2000
2000
2000
2000
2000
2000
2000
2000
2000
2000
2000
2000
2000
2000
2000
2000
2000
2000
2000
2000
2000
2000
2000
2000
2000
2000
2000
2000
2000
2000
2000
2000
2000
2000
2000
2000
2000
2000
2000
2000
2000
2000
2000
2000
2000
2000
2000
2000
2000
2000
2000
2000
2000
2000
2000
2000
2000
2000
2000
2000
2000
2000
2000
2000
2000
2000
2000
2000
2000
2000
2000
2000
1999.99
1999.97
1999.86
1999.36
1997.23
1988.52
1955.19
1837.72
1455.8
1304.28
1784.77
1943.03
1986.25
1996.86
1999.3
1999.84
1999.95
1999.98
1999.98
1999.99
1999.99
1999.99
1999.99
1999.99
1999.99
1999.99
1999.99
1999.99
1999.99
1999.99
1999.99
1999.99
1999.99
1999.99
1999.99
1999.99
1999.99
1999.99
1999.99
1999.99
1999.99
1999.99
1999.99
2000
2000
2000
2000
2000
2000
2000
2000
2000
2000
2000
2000
2000
2000
2000
2000
2000
2000
2000
2000
2000
2000
2000
2000
2000
2000
2000
2000
2000
2000
2000
1999.99
1999.99
1999.99
1999.99
1999.99
1999.99
1999.99
1999.99
1999.99
1999.99
1999.99
1999.99
1999.99
1999.99
1999.99
1999.99
1999.99
1999.99
1999.99
1999.99
1999.99
1999.99
1999.99
1999.99
1999.99
1999.99
1999.98
1999.96
1999.85
1999.35
1997.21
1988.47
1955.11
1837.58
1455.62
1303.77
1784.11
1942.52
1985.88
1996.55
1999.03
1999.59
1999.72
1999.77
1999.82
1999.84
1999.85
1999.86
1999.86
1999.87
1999.87
1999.88
1999.88
1999.89
1999.89
1999.89
1999.9
1999.9
1999.9
1999.9
1999.91
1999.91
1999.91
1999.91
1999.91
1999.91
1999.91
1999.92
1999.92
1999.92
1999.92
1999.92
1999.92
1999.92
1999.92
1999.92
1999.92
1999.92
1999.92
1999.92
1999.92
1999.93
1999.93
1999.93
1999.93
1999.93
1999.93
1999.93
1999.93
1999.93
1999.92
1999.92
1999.92
1999.92
1999.92
1999.92
1999.92
1999.92
1999.92
1999.92
1999.92
1999.92
1999.92
1999.92
1999.91
1999.91
1999.91
1999.91
1999.91
1999.91
1999.9
1999.9
1999.9
1999.9
1999.89
1999.89
1999.87
1999.88
1999.88
1999.87
1999.87
1999.87
1999.86
1999.85
1999.84
1999.83
1999.82
1999.78
1999.66
1999.15
1996.99
1988.2
1954.83
1837.24
1455.29
1301.81
1780.92
1939.14
1982.63
1993.52
1996.18
1996.93
1997.23
1997.41
1997.53
1997.66
1997.78
1997.89
1997.98
1998.06
1998.12
1998.18
1998.23
1998.28
1998.32
1998.36
1998.39
1998.43
1998.46
1998.49
1998.52
1998.54
1998.56
1998.59
1998.61
1998.63
1998.64
1998.66
1998.67
1998.69
1998.7
1998.71
1998.72
1998.73
1998.74
1998.75
1998.76
1998.76
1998.77
1998.77
1998.78
1998.78
1998.78
1998.78
1998.79
1998.79
1998.79
1998.78
1998.78
1998.78
1998.78
1998.77
1998.77
1998.76
1998.76
1998.75
1998.74
1998.73
1998.72
1998.71
1998.7
1998.68
1998.67
1998.66
1998.64
1998.62
1998.6
1998.58
1998.56
1998.54
1998.51
1998.48
1998.45
1998.42
1998.38
1998.3
1998.03
1998.22
1998.21
1998.16
1998.11
1998.05
1997.97
1997.87
1997.75
1997.63
1997.49
1997.32
1997.05
1996.41
1994.17
1985.43
1952.16
1834.93
1453.71
1283.69
1750.21
1903.56
1946.65
1958.68
1962.82
1964.97
1966.53
1967.83
1968.99
1970.01
1970.93
1971.77
1972.53
1973.23
1973.88
1974.48
1975.04
1975.55
1976.02
1976.46
1976.87
1977.25
1977.6
1977.93
1978.24
1978.53
1978.8
1979.05
1979.29
1979.5
1979.71
1979.9
1980.07
1980.24
1980.39
1980.53
1980.66
1980.77
1980.88
1980.98
1981.07
1981.14
1981.21
1981.27
1981.32
1981.37
1981.4
1981.43
1981.44
1981.45
1981.45
1981.44
1981.42
1981.39
1981.36
1981.31
1981.26
1981.2
1981.13
1981.04
1980.95
1980.85
1980.74
1980.62
1980.48
1980.34
1980.18
1980.01
1979.83
1979.63
1979.42
1979.19
1978.95
1978.69
1978.41
1978.11
1977.79
1977.44
1977.08
1976.72
1976.52
1975.83
1975.29
1974.75
1974.16
1973.53
1972.85
1972.12
1971.33
1970.46
1969.52
1968.48
1967.32
1965.84
1963.08
1954.76
1923.78
1811.16
1436.81
1127.37
1508.63
1629.13
1669.2
1687.23
1698.55
1707.18
1714.35
1720.55
1726
1730.88
1735.27
1739.26
1742.91
1746.27
1749.37
1752.24
1754.91
1757.4
1759.72
1761.9
1763.94
1765.86
1767.66
1769.36
1770.95
1772.45
1773.86
1775.19
1776.44
1777.62
1778.73
1779.77
1780.74
1781.66
1782.51
1783.31
1784.05
1784.74
1785.38
1785.96
1786.5
1786.99
1787.44
1787.84
1788.2
1788.51
1788.78
1789.01
1789.19
1789.33
1789.43
1789.48
1789.49
1789.45
1789.37
1789.25
1789.08
1788.87
1788.61
1788.31
1787.96
1787.56
1787.11
1786.6
1786.05
1785.44
1784.77
1784.05
1783.26
1782.41
1781.49
1780.5
1779.44
1778.29
1777.07
1775.75
1774.34
1772.83
1771.2
1769.45
1767.58
1765.54
1763.35
1760.98
1758.41
1755.61
1752.54
1749.16
1745.42
1741.25
1736.57
1731.29
1725.33
1718.77
1711.93
1704.93
1690
1611.09
1257.29
)
;

boundaryField
{
    fuel
    {
        type            fixedValue;
        value           uniform 293;
    }
    air
    {
        type            fixedValue;
        value           uniform 293;
    }
    outlet
    {
        type            fixedValue;
        value           uniform 293;
    }
    frontAndBack
    {
        type            empty;
    }
}


// ************************************************************************* //
