/*--------------------------------*- C++ -*----------------------------------*\
| =========                 |                                                 |
| \\      /  F ield         | OpenFOAM: The Open Source CFD Toolbox           |
|  \\    /   O peration     | Version:  2406                                  |
|   \\  /    A nd           | Website:  www.openfoam.com                      |
|    \\/     M anipulation  |                                                 |
\*---------------------------------------------------------------------------*/
FoamFile
{
    version     2.0;
    format      ascii;
    arch        "LSB;label=32;scalar=64";
    class       volVectorField;
    location    "6.4416e-05";
    object      U;
}
// * * * * * * * * * * * * * * * * * * * * * * * * * * * * * * * * * * * * * //

dimensions      [0 1 -1 0 0 0 0];

internalField   nonuniform List<vector> 
4000
(
(-0.105576 0.70392 0)
(-0.374957 0.695439 0)
(-0.487323 0.731283 0)
(-0.458153 0.767616 0)
(-0.37007 0.77671 0)
(-0.283677 0.765578 0)
(-0.216304 0.744671 0)
(-0.167141 0.720259 0)
(-0.131572 0.695353 0)
(-0.105438 0.671288 0)
(-0.0857805 0.648609 0)
(-0.0706458 0.627494 0)
(-0.0587544 0.60795 0)
(-0.0492521 0.589903 0)
(-0.041551 0.573246 0)
(-0.0352359 0.557868 0)
(-0.0300076 0.543661 0)
(-0.0256449 0.530524 0)
(-0.0219783 0.518361 0)
(-0.018879 0.507087 0)
(-0.0162482 0.496623 0)
(-0.0140037 0.4869 0)
(-0.0120807 0.477859 0)
(-0.0104284 0.469444 0)
(-0.00900488 0.461608 0)
(-0.00777528 0.454308 0)
(-0.00671119 0.447507 0)
(-0.00578876 0.44117 0)
(-0.00498797 0.435267 0)
(-0.00429198 0.429772 0)
(-0.00368649 0.42466 0)
(-0.00315931 0.41991 0)
(-0.0027 0.415502 0)
(-0.00229954 0.411419 0)
(-0.00195012 0.407645 0)
(-0.00164498 0.404167 0)
(-0.0013782 0.400971 0)
(-0.00114456 0.398048 0)
(-0.000939484 0.395387 0)
(-0.000758886 0.392979 0)
(-0.00059919 0.390817 0)
(-0.000457327 0.388893 0)
(-0.000330764 0.387203 0)
(-0.000217401 0.38574 0)
(-0.000114797 0.384502 0)
(-1.86854e-05 0.38349 0)
(7.58193e-05 0.382704 0)
(0.000172295 0.382146 0)
(0.000271829 0.38182 0)
(0.000373444 0.381724 0)
(0.000478123 0.381854 0)
(0.00058854 0.382209 0)
(0.000707127 0.382785 0)
(0.0008367 0.383585 0)
(0.000980296 0.384607 0)
(0.00114109 0.385856 0)
(0.00132249 0.387333 0)
(0.00152817 0.389043 0)
(0.00176223 0.39099 0)
(0.00202918 0.393182 0)
(0.00233411 0.395624 0)
(0.00268275 0.398326 0)
(0.00308159 0.401297 0)
(0.00353803 0.404547 0)
(0.00406051 0.408088 0)
(0.00465876 0.411935 0)
(0.00534394 0.416101 0)
(0.006129 0.420605 0)
(0.00702894 0.425464 0)
(0.00806125 0.430701 0)
(0.00924635 0.436338 0)
(0.0106082 0.442402 0)
(0.0121752 0.448921 0)
(0.0139808 0.455928 0)
(0.0160649 0.463458 0)
(0.0184751 0.471551 0)
(0.0212686 0.48025 0)
(0.0245146 0.489599 0)
(0.0282986 0.499648 0)
(0.0327318 0.510448 0)
(0.0379748 0.522077 0)
(0.0441604 0.534795 0)
(0.0514693 0.548499 0)
(0.060201 0.563269 0)
(0.0707129 0.579206 0)
(0.0834757 0.596405 0)
(0.0991272 0.61494 0)
(0.118555 0.634849 0)
(0.143023 0.65611 0)
(0.174366 0.678558 0)
(0.215308 0.701753 0)
(0.269902 0.724713 0)
(0.343993 0.745373 0)
(0.445003 0.759458 0)
(0.579439 0.758538 0)
(0.741859 0.726018 0)
(0.875961 0.632461 0)
(0.822328 0.465645 0)
(0.436552 0.362866 0)
(0.0139224 0.610184 0)
(-0.142847 1.02046 0)
(-0.361114 1.22585 0)
(-0.516428 1.2952 0)
(-0.544111 1.32879 0)
(-0.51198 1.33598 0)
(-0.462768 1.32342 0)
(-0.410808 1.29769 0)
(-0.361841 1.26436 0)
(-0.318083 1.2273 0)
(-0.280005 1.18896 0)
(-0.247275 1.15081 0)
(-0.219257 1.11368 0)
(-0.195268 1.07805 0)
(-0.174678 1.04415 0)
(-0.156919 1.01207 0)
(-0.141506 0.981812 0)
(-0.128058 0.95333 0)
(-0.116263 0.926547 0)
(-0.105865 0.90138 0)
(-0.0966545 0.877751 0)
(-0.0884573 0.855561 0)
(-0.0811243 0.834723 0)
(-0.0745327 0.81516 0)
(-0.06858 0.796796 0)
(-0.0631801 0.779562 0)
(-0.0582603 0.763395 0)
(-0.0537589 0.748238 0)
(-0.0496231 0.734036 0)
(-0.0458079 0.720741 0)
(-0.0422743 0.708311 0)
(-0.0389889 0.696703 0)
(-0.0359221 0.685884 0)
(-0.0330486 0.675818 0)
(-0.0303457 0.666477 0)
(-0.0277936 0.657835 0)
(-0.0253748 0.649866 0)
(-0.0230736 0.642548 0)
(-0.020876 0.635863 0)
(-0.0187695 0.629794 0)
(-0.0167425 0.624323 0)
(-0.0147848 0.619438 0)
(-0.0128866 0.615127 0)
(-0.0110387 0.611377 0)
(-0.00923056 0.608174 0)
(-0.00744881 0.605505 0)
(-0.00567956 0.603373 0)
(-0.00391013 0.601783 0)
(-0.00212932 0.600739 0)
(-0.000339542 0.600306 0)
(0.00144387 0.600483 0)
(0.00321938 0.601208 0)
(0.00499696 0.602482 0)
(0.00678473 0.604301 0)
(0.00859205 0.606665 0)
(0.0104287 0.609574 0)
(0.0123041 0.613034 0)
(0.0142284 0.61705 0)
(0.0162113 0.621632 0)
(0.0182637 0.626787 0)
(0.0203969 0.632528 0)
(0.0226234 0.638867 0)
(0.0249568 0.645819 0)
(0.0274119 0.653399 0)
(0.0300056 0.661628 0)
(0.0327562 0.670525 0)
(0.0356847 0.680114 0)
(0.0388145 0.690419 0)
(0.0421724 0.70147 0)
(0.0457886 0.713296 0)
(0.049698 0.725933 0)
(0.05394 0.739418 0)
(0.0585602 0.753791 0)
(0.0636108 0.769097 0)
(0.0691523 0.785384 0)
(0.0752542 0.802704 0)
(0.0819963 0.821115 0)
(0.0894697 0.840679 0)
(0.0977779 0.861462 0)
(0.107045 0.883538 0)
(0.117477 0.906982 0)
(0.129728 0.931848 0)
(0.14358 0.958009 0)
(0.15887 0.985705 0)
(0.176403 1.01497 0)
(0.196631 1.04581 0)
(0.220033 1.07814 0)
(0.247195 1.11182 0)
(0.278846 1.14656 0)
(0.315833 1.18184 0)
(0.359043 1.21679 0)
(0.409322 1.24996 0)
(0.467221 1.27906 0)
(0.53246 1.30044 0)
(0.603007 1.30845 0)
(0.67329 1.29462 0)
(0.730759 1.24835 0)
(0.750112 1.16394 0)
(0.669422 1.05455 0)
(0.409226 0.965041 0)
(0.116771 0.865761 0)
(-0.1605 0.736322 0)
(-0.353537 0.899486 0)
(-0.492836 0.941971 0)
(-0.519135 0.953485 0)
(-0.49909 0.954669 0)
(-0.46745 0.950393 0)
(-0.432485 0.941498 0)
(-0.397208 0.928642 0)
(-0.363261 0.912655 0)
(-0.331571 0.894401 0)
(-0.302493 0.874688 0)
(-0.276038 0.854161 0)
(-0.252115 0.833324 0)
(-0.230553 0.812557 0)
(-0.211166 0.792134 0)
(-0.193756 0.772243 0)
(-0.178107 0.753005 0)
(-0.16401 0.734501 0)
(-0.151247 0.716775 0)
(-0.139682 0.699838 0)
(-0.129203 0.683708 0)
(-0.11965 0.668382 0)
(-0.110911 0.653846 0)
(-0.10289 0.640079 0)
(-0.0955018 0.627061 0)
(-0.0886749 0.614768 0)
(-0.0823449 0.603176 0)
(-0.0764556 0.592261 0)
(-0.0709578 0.581998 0)
(-0.0658082 0.572366 0)
(-0.0609685 0.563342 0)
(-0.0564049 0.554906 0)
(-0.0520872 0.54704 0)
(-0.0479884 0.539725 0)
(-0.0440844 0.532944 0)
(-0.0403537 0.526683 0)
(-0.0367768 0.520928 0)
(-0.0333358 0.515665 0)
(-0.0300145 0.510885 0)
(-0.0267979 0.506576 0)
(-0.0236721 0.50273 0)
(-0.0206241 0.499337 0)
(-0.0176411 0.496389 0)
(-0.0147089 0.493865 0)
(-0.0118114 0.491751 0)
(-0.00893264 0.490054 0)
(-0.00605903 0.488786 0)
(-0.00318119 0.487958 0)
(-0.000300525 0.487693 0)
(0.00257386 0.487978 0)
(0.00544254 0.488701 0)
(0.0083156 0.489867 0)
(0.0112027 0.49147 0)
(0.0141147 0.493504 0)
(0.0170636 0.495973 0)
(0.0200614 0.498878 0)
(0.0231206 0.502225 0)
(0.0262543 0.506019 0)
(0.0294762 0.510267 0)
(0.032801 0.514975 0)
(0.0362443 0.520152 0)
(0.039823 0.525809 0)
(0.0435556 0.531955 0)
(0.0474622 0.538602 0)
(0.0515651 0.545763 0)
(0.0558889 0.553453 0)
(0.060461 0.561686 0)
(0.0653121 0.570478 0)
(0.0704764 0.579847 0)
(0.0759921 0.58981 0)
(0.0819032 0.600387 0)
(0.088259 0.611596 0)
(0.0951156 0.623458 0)
(0.102537 0.635991 0)
(0.110598 0.649215 0)
(0.119384 0.663146 0)
(0.128995 0.677801 0)
(0.13955 0.69319 0)
(0.151186 0.709321 0)
(0.163999 0.726191 0)
(0.177682 0.743757 0)
(0.192888 0.761786 0)
(0.210281 0.780389 0)
(0.229618 0.799466 0)
(0.251111 0.818841 0)
(0.275033 0.838267 0)
(0.301658 0.857407 0)
(0.331197 0.875803 0)
(0.363787 0.892829 0)
(0.399466 0.907663 0)
(0.438048 0.919265 0)
(0.478972 0.92637 0)
(0.521074 0.927546 0)
(0.562251 0.921358 0)
(0.599065 0.906657 0)
(0.625898 0.883041 0)
(0.630425 0.85158 0)
(0.567337 0.814339 0)
(0.362152 0.767904 0)
(0.126952 0.661428 0)
(-0.159262 0.635327 0)
(-0.351797 0.792512 0)
(-0.488727 0.832064 0)
(-0.516244 0.839641 0)
(-0.500012 0.837875 0)
(-0.474171 0.833001 0)
(-0.445836 0.826165 0)
(-0.417121 0.817561 0)
(-0.389057 0.807319 0)
(-0.362124 0.795648 0)
(-0.336597 0.782831 0)
(-0.312664 0.769149 0)
(-0.290358 0.754867 0)
(-0.269656 0.740223 0)
(-0.250501 0.72542 0)
(-0.232815 0.710632 0)
(-0.216498 0.696003 0)
(-0.201449 0.681643 0)
(-0.187593 0.667635 0)
(-0.174799 0.654029 0)
(-0.162936 0.640882 0)
(-0.151943 0.628227 0)
(-0.141739 0.616083 0)
(-0.132248 0.604463 0)
(-0.123397 0.59337 0)
(-0.115122 0.582806 0)
(-0.107368 0.572769 0)
(-0.100081 0.563252 0)
(-0.0932155 0.554248 0)
(-0.0867293 0.54575 0)
(-0.0805846 0.537747 0)
(-0.0747473 0.530231 0)
(-0.0691867 0.523191 0)
(-0.0638745 0.516619 0)
(-0.0587852 0.510504 0)
(-0.0538954 0.504839 0)
(-0.0491839 0.499615 0)
(-0.0446312 0.494824 0)
(-0.0402189 0.490458 0)
(-0.0359302 0.486511 0)
(-0.0317493 0.482977 0)
(-0.0276611 0.479849 0)
(-0.0236513 0.477116 0)
(-0.0197035 0.474754 0)
(-0.0157998 0.472745 0)
(-0.0119236 0.4711 0)
(-0.00806013 0.469837 0)
(-0.00419945 0.468985 0)
(-0.00034 0.468706 0)
(0.00351293 0.468976 0)
(0.00736212 0.469644 0)
(0.0112197 0.470719 0)
(0.0150959 0.472189 0)
(0.0190028 0.474047 0)
(0.0229539 0.476294 0)
(0.0269631 0.478932 0)
(0.0310443 0.481964 0)
(0.0352121 0.485394 0)
(0.0394819 0.489226 0)
(0.0438698 0.493465 0)
(0.0483931 0.498115 0)
(0.0530702 0.503183 0)
(0.0579211 0.508674 0)
(0.0629673 0.514595 0)
(0.0682326 0.520953 0)
(0.0737427 0.527754 0)
(0.079526 0.535005 0)
(0.0856132 0.542713 0)
(0.0920386 0.550886 0)
(0.0988399 0.559529 0)
(0.106059 0.568647 0)
(0.113741 0.578243 0)
(0.121939 0.58832 0)
(0.130708 0.598876 0)
(0.140112 0.609905 0)
(0.150219 0.621396 0)
(0.161105 0.633332 0)
(0.172852 0.645684 0)
(0.185542 0.65841 0)
(0.199255 0.67145 0)
(0.214065 0.684748 0)
(0.230136 0.698393 0)
(0.247637 0.712094 0)
(0.266647 0.7257 0)
(0.287244 0.739036 0)
(0.309507 0.751879 0)
(0.333485 0.763951 0)
(0.359174 0.774916 0)
(0.386498 0.784392 0)
(0.415285 0.791959 0)
(0.44523 0.797174 0)
(0.475844 0.79962 0)
(0.506359 0.798978 0)
(0.535568 0.795122 0)
(0.561578 0.788211 0)
(0.581134 0.778659 0)
(0.584417 0.766494 0)
(0.528311 0.748568 0)
(0.339578 0.710482 0)
(0.119451 0.590677 0)
(-0.158777 0.573669 0)
(-0.353422 0.73361 0)
(-0.491514 0.772974 0)
(-0.521525 0.77917 0)
(-0.507998 0.775979 0)
(-0.485151 0.770115 0)
(-0.459983 0.763008 0)
(-0.43442 0.754952 0)
(-0.409315 0.746043 0)
(-0.385074 0.736364 0)
(-0.361876 0.725993 0)
(-0.339804 0.715052 0)
(-0.318901 0.703672 0)
(-0.299171 0.69198 0)
(-0.280597 0.680098 0)
(-0.263147 0.668135 0)
(-0.246774 0.65619 0)
(-0.231426 0.644348 0)
(-0.217045 0.63268 0)
(-0.203563 0.621257 0)
(-0.190915 0.610115 0)
(-0.179041 0.599292 0)
(-0.167882 0.588818 0)
(-0.15738 0.578716 0)
(-0.147482 0.569003 0)
(-0.138137 0.559691 0)
(-0.129299 0.550787 0)
(-0.120922 0.542297 0)
(-0.112966 0.534223 0)
(-0.105394 0.526565 0)
(-0.098172 0.519322 0)
(-0.091267 0.512491 0)
(-0.0846497 0.506069 0)
(-0.0782934 0.500053 0)
(-0.0721732 0.494437 0)
(-0.0662657 0.489218 0)
(-0.0605495 0.484392 0)
(-0.0550045 0.479952 0)
(-0.0496118 0.475896 0)
(-0.0443537 0.472219 0)
(-0.0392133 0.468917 0)
(-0.0341749 0.465985 0)
(-0.0292229 0.463412 0)
(-0.02434 0.461168 0)
(-0.0195078 0.459232 0)
(-0.0147097 0.457625 0)
(-0.0099311 0.456365 0)
(-0.00516178 0.4555 0)
(-0.000397525 0.455227 0)
(0.00435889 0.455507 0)
(0.00911112 0.456157 0)
(0.0138733 0.45719 0)
(0.0186563 0.45859 0)
(0.0234729 0.460346 0)
(0.0283375 0.462457 0)
(0.0332645 0.464926 0)
(0.0382687 0.467754 0)
(0.0433657 0.470943 0)
(0.0485715 0.474496 0)
(0.053903 0.478415 0)
(0.0593779 0.482703 0)
(0.0650153 0.487362 0)
(0.0708354 0.492395 0)
(0.0768595 0.497804 0)
(0.0831111 0.503593 0)
(0.0896149 0.509763 0)
(0.0963978 0.516315 0)
(0.103489 0.523252 0)
(0.11092 0.530571 0)
(0.118726 0.538273 0)
(0.126942 0.546353 0)
(0.135609 0.554806 0)
(0.144771 0.563624 0)
(0.154473 0.572794 0)
(0.164764 0.582301 0)
(0.175699 0.592125 0)
(0.187331 0.602236 0)
(0.199719 0.612601 0)
(0.212921 0.623175 0)
(0.226998 0.633906 0)
(0.242012 0.644736 0)
(0.258029 0.655596 0)
(0.275109 0.666377 0)
(0.293299 0.676954 0)
(0.312632 0.687192 0)
(0.333114 0.696941 0)
(0.354731 0.706031 0)
(0.37743 0.714282 0)
(0.40112 0.721511 0)
(0.425658 0.727542 0)
(0.450835 0.732226 0)
(0.476354 0.735462 0)
(0.501754 0.737223 0)
(0.526258 0.737576 0)
(0.548517 0.736672 0)
(0.56592 0.734589 0)
(0.569143 0.73044 0)
(0.515665 0.718938 0)
(0.332459 0.680182 0)
(0.116149 0.542144 0)
(-0.159794 0.51161 0)
(-0.357217 0.671031 0)
(-0.496786 0.710749 0)
(-0.528691 0.717232 0)
(-0.517186 0.714509 0)
(-0.496405 0.709295 0)
(-0.473322 0.703065 0)
(-0.449781 0.696143 0)
(-0.426577 0.688625 0)
(-0.404064 0.680572 0)
(-0.382386 0.672046 0)
(-0.3616 0.663115 0)
(-0.341733 0.653854 0)
(-0.322789 0.64434 0)
(-0.304762 0.634649 0)
(-0.287633 0.624855 0)
(-0.271379 0.615025 0)
(-0.255965 0.605222 0)
(-0.241356 0.595502 0)
(-0.227511 0.585913 0)
(-0.214387 0.576499 0)
(-0.201942 0.567293 0)
(-0.190132 0.558326 0)
(-0.178915 0.549623 0)
(-0.168251 0.541206 0)
(-0.1581 0.53309 0)
(-0.148423 0.525288 0)
(-0.139186 0.517811 0)
(-0.130353 0.510666 0)
(-0.121893 0.503859 0)
(-0.113776 0.497394 0)
(-0.105973 0.491273 0)
(-0.0984567 0.485498 0)
(-0.0912034 0.480068 0)
(-0.084189 0.474985 0)
(-0.0773915 0.470246 0)
(-0.0707902 0.46585 0)
(-0.0643654 0.461796 0)
(-0.0580987 0.458082 0)
(-0.0519724 0.454706 0)
(-0.0459697 0.451666 0)
(-0.0400746 0.448957 0)
(-0.0342716 0.446569 0)
(-0.0285428 0.444465 0)
(-0.02287 0.442627 0)
(-0.0172377 0.441078 0)
(-0.0116314 0.439843 0)
(-0.00604096 0.438984 0)
(-0.000459102 0.438726 0)
(0.00511402 0.439015 0)
(0.0106828 0.439645 0)
(0.0162634 0.440629 0)
(0.0218669 0.44195 0)
(0.0275061 0.443593 0)
(0.0331958 0.445557 0)
(0.0389505 0.447843 0)
(0.0447852 0.450453 0)
(0.0507154 0.453385 0)
(0.0567571 0.456643 0)
(0.062927 0.460225 0)
(0.0692427 0.464133 0)
(0.0757226 0.468367 0)
(0.0823861 0.472926 0)
(0.0892538 0.477812 0)
(0.0963476 0.483022 0)
(0.103691 0.488555 0)
(0.111308 0.494409 0)
(0.119225 0.50058 0)
(0.127469 0.507064 0)
(0.136072 0.513853 0)
(0.145063 0.52094 0)
(0.154476 0.528315 0)
(0.164346 0.535963 0)
(0.174708 0.543869 0)
(0.185602 0.552013 0)
(0.197067 0.560369 0)
(0.209142 0.568909 0)
(0.221869 0.577597 0)
(0.235287 0.586392 0)
(0.249435 0.595248 0)
(0.26435 0.604109 0)
(0.280066 0.612912 0)
(0.296611 0.621583 0)
(0.314002 0.63004 0)
(0.332246 0.638194 0)
(0.351336 0.64595 0)
(0.371248 0.653212 0)
(0.391936 0.659885 0)
(0.413335 0.66588 0)
(0.435351 0.671124 0)
(0.457859 0.675564 0)
(0.48068 0.67918 0)
(0.503511 0.681989 0)
(0.525768 0.684049 0)
(0.546324 0.685423 0)
(0.562828 0.685988 0)
(0.566012 0.684445 0)
(0.513819 0.674497 0)
(0.332631 0.633378 0)
(0.116 0.485277 0)
(-0.160977 0.455475 0)
(-0.361043 0.610752 0)
(-0.502131 0.650184 0)
(-0.535472 0.657087 0)
(-0.525535 0.655121 0)
(-0.50627 0.650818 0)
(-0.484717 0.645638 0)
(-0.462657 0.639903 0)
(-0.440848 0.633702 0)
(-0.419611 0.627086 0)
(-0.39907 0.6201 0)
(-0.379267 0.612793 0)
(-0.360218 0.605217 0)
(-0.341929 0.597425 0)
(-0.324394 0.589469 0)
(-0.307601 0.581403 0)
(-0.291535 0.573276 0)
(-0.276174 0.565134 0)
(-0.261493 0.557021 0)
(-0.247466 0.548977 0)
(-0.234062 0.541036 0)
(-0.22125 0.533231 0)
(-0.208999 0.525588 0)
(-0.197278 0.518132 0)
(-0.186055 0.510884 0)
(-0.175299 0.503861 0)
(-0.16498 0.497079 0)
(-0.155069 0.490551 0)
(-0.145538 0.484286 0)
(-0.136359 0.478293 0)
(-0.127506 0.47258 0)
(-0.118955 0.467151 0)
(-0.110683 0.462011 0)
(-0.102666 0.457163 0)
(-0.0948842 0.45261 0)
(-0.0873162 0.448353 0)
(-0.079943 0.444393 0)
(-0.0727463 0.44073 0)
(-0.0657084 0.437366 0)
(-0.0588123 0.434299 0)
(-0.0520417 0.431528 0)
(-0.0453812 0.429051 0)
(-0.0388158 0.426856 0)
(-0.0323275 0.424903 0)
(-0.025899 0.423173 0)
(-0.0195162 0.421696 0)
(-0.0131655 0.420499 0)
(-0.00683682 0.419658 0)
(-0.000519786 0.419419 0)
(0.00578774 0.419713 0)
(0.0120907 0.420318 0)
(0.0184069 0.421248 0)
(0.0247472 0.422482 0)
(0.0311241 0.424006 0)
(0.0375522 0.425816 0)
(0.044046 0.427913 0)
(0.0506199 0.430296 0)
(0.0572889 0.432966 0)
(0.0640686 0.435922 0)
(0.070975 0.439163 0)
(0.0780247 0.442689 0)
(0.0852351 0.446497 0)
(0.0926244 0.450586 0)
(0.100212 0.454953 0)
(0.108017 0.459596 0)
(0.11606 0.464509 0)
(0.124365 0.469689 0)
(0.132952 0.475128 0)
(0.141847 0.48082 0)
(0.151075 0.486756 0)
(0.160661 0.492924 0)
(0.170632 0.499311 0)
(0.181017 0.505904 0)
(0.191844 0.512683 0)
(0.203142 0.519628 0)
(0.21494 0.526716 0)
(0.227268 0.533918 0)
(0.240153 0.541203 0)
(0.253624 0.548536 0)
(0.267705 0.555878 0)
(0.28242 0.563184 0)
(0.297787 0.570406 0)
(0.31382 0.577491 0)
(0.330529 0.584384 0)
(0.347912 0.591026 0)
(0.365961 0.597359 0)
(0.384658 0.603326 0)
(0.403974 0.608873 0)
(0.423868 0.613955 0)
(0.444286 0.618535 0)
(0.465157 0.622595 0)
(0.48637 0.62613 0)
(0.507709 0.62916 0)
(0.528687 0.631716 0)
(0.548295 0.633802 0)
(0.564298 0.63518 0)
(0.567303 0.634344 0)
(0.515721 0.624699 0)
(0.334914 0.582154 0)
(0.116693 0.431389 0)
(-0.162024 0.405741 0)
(-0.364321 0.554295 0)
(-0.506839 0.592708 0)
(-0.541366 0.599868 0)
(-0.532712 0.598609 0)
(-0.514624 0.595148 0)
(-0.494246 0.590908 0)
(-0.473323 0.586203 0)
(-0.452587 0.581118 0)
(-0.432342 0.575695 0)
(-0.412694 0.569969 0)
(-0.393678 0.563976 0)
(-0.375302 0.557755 0)
(-0.357567 0.551345 0)
(-0.34047 0.544785 0)
(-0.324001 0.538114 0)
(-0.308149 0.53137 0)
(-0.292898 0.524589 0)
(-0.27823 0.517805 0)
(-0.264125 0.511051 0)
(-0.250562 0.504356 0)
(-0.237517 0.497746 0)
(-0.224968 0.491246 0)
(-0.212889 0.484879 0)
(-0.201257 0.478663 0)
(-0.190046 0.472616 0)
(-0.179233 0.466753 0)
(-0.168794 0.461087 0)
(-0.158706 0.45563 0)
(-0.148945 0.450391 0)
(-0.139491 0.44538 0)
(-0.130321 0.440602 0)
(-0.121415 0.436065 0)
(-0.112753 0.431773 0)
(-0.104316 0.427729 0)
(-0.0960867 0.423938 0)
(-0.0880463 0.420403 0)
(-0.0801781 0.417124 0)
(-0.0724659 0.414103 0)
(-0.0648937 0.411342 0)
(-0.0574461 0.40884 0)
(-0.0501085 0.406595 0)
(-0.0428667 0.404595 0)
(-0.0357033 0.402796 0)
(-0.0286022 0.401181 0)
(-0.0215512 0.399786 0)
(-0.0145376 0.398638 0)
(-0.00755171 0.397827 0)
(-0.000579964 0.397611 0)
(0.00638164 0.397906 0)
(0.0133383 0.398482 0)
(0.0203093 0.399353 0)
(0.0273048 0.400497 0)
(0.0343369 0.401897 0)
(0.0414197 0.403551 0)
(0.0485671 0.405458 0)
(0.0557927 0.407617 0)
(0.0631109 0.410027 0)
(0.0705363 0.412688 0)
(0.0780839 0.415596 0)
(0.0857691 0.41875 0)
(0.0936081 0.422147 0)
(0.101617 0.425785 0)
(0.109814 0.429659 0)
(0.118216 0.433764 0)
(0.126842 0.438095 0)
(0.135711 0.442647 0)
(0.144843 0.44741 0)
(0.154258 0.452377 0)
(0.163977 0.457537 0)
(0.174021 0.462879 0)
(0.184414 0.468389 0)
(0.195176 0.474053 0)
(0.206331 0.479852 0)
(0.217902 0.485769 0)
(0.229909 0.491781 0)
(0.242376 0.497863 0)
(0.255322 0.50399 0)
(0.268768 0.510132 0)
(0.282731 0.516257 0)
(0.297227 0.522332 0)
(0.312269 0.52832 0)
(0.327865 0.534183 0)
(0.344021 0.539883 0)
(0.360738 0.54538 0)
(0.378011 0.550637 0)
(0.39583 0.555617 0)
(0.414181 0.560288 0)
(0.433042 0.564623 0)
(0.452387 0.568603 0)
(0.472178 0.572218 0)
(0.492348 0.575467 0)
(0.512724 0.57836 0)
(0.532873 0.580907 0)
(0.551845 0.583074 0)
(0.567449 0.584561 0)
(0.570161 0.583795 0)
(0.518657 0.574075 0)
(0.337516 0.531378 0)
(0.117542 0.382967 0)
(-0.162899 0.361204 0)
(-0.367009 0.501267 0)
(-0.510796 0.538049 0)
(-0.546318 0.545266 0)
(-0.538744 0.544599 0)
(-0.521612 0.541865 0)
(-0.502172 0.538427 0)
(-0.482152 0.534588 0)
(-0.462268 0.530429 0)
(-0.442812 0.525986 0)
(-0.423882 0.521289 0)
(-0.405506 0.516365 0)
(-0.387687 0.511244 0)
(-0.370424 0.505957 0)
(-0.353712 0.500533 0)
(-0.337542 0.495002 0)
(-0.321904 0.489394 0)
(-0.306786 0.483738 0)
(-0.292175 0.478062 0)
(-0.278054 0.47239 0)
(-0.264407 0.466748 0)
(-0.251217 0.461159 0)
(-0.238465 0.455642 0)
(-0.226131 0.450219 0)
(-0.214196 0.444907 0)
(-0.202642 0.43972 0)
(-0.191447 0.434675 0)
(-0.180593 0.429783 0)
(-0.17006 0.425057 0)
(-0.159829 0.420505 0)
(-0.149881 0.416138 0)
(-0.140199 0.411962 0)
(-0.130764 0.407986 0)
(-0.12156 0.404213 0)
(-0.112568 0.40065 0)
(-0.103774 0.397301 0)
(-0.0951601 0.394169 0)
(-0.0867122 0.391257 0)
(-0.0784149 0.388567 0)
(-0.0702535 0.386102 0)
(-0.0622139 0.383861 0)
(-0.0542824 0.381844 0)
(-0.046446 0.380037 0)
(-0.0386878 0.378394 0)
(-0.0309937 0.376898 0)
(-0.0233532 0.375593 0)
(-0.015755 0.374504 0)
(-0.00818932 0.373734 0)
(-0.000639748 0.373543 0)
(0.0068992 0.373835 0)
(0.0144328 0.374378 0)
(0.0219815 0.375187 0)
(0.0295548 0.376239 0)
(0.0371638 0.377516 0)
(0.0448221 0.379016 0)
(0.0525427 0.380737 0)
(0.0603386 0.382678 0)
(0.0682229 0.384837 0)
(0.0762092 0.387213 0)
(0.0843114 0.389803 0)
(0.0925437 0.392604 0)
(0.100921 0.395614 0)
(0.109457 0.398827 0)
(0.118169 0.40224 0)
(0.127071 0.405847 0)
(0.136181 0.409642 0)
(0.145514 0.413619 0)
(0.155088 0.417768 0)
(0.16492 0.422081 0)
(0.175028 0.426548 0)
(0.18543 0.431158 0)
(0.196143 0.435898 0)
(0.207187 0.440753 0)
(0.218579 0.445708 0)
(0.230337 0.450746 0)
(0.242478 0.455848 0)
(0.25502 0.460993 0)
(0.267979 0.46616 0)
(0.28137 0.471324 0)
(0.295206 0.476461 0)
(0.3095 0.481545 0)
(0.324262 0.486547 0)
(0.3395 0.491441 0)
(0.355219 0.496197 0)
(0.371424 0.50079 0)
(0.388114 0.505192 0)
(0.405287 0.509379 0)
(0.422939 0.513329 0)
(0.441065 0.517025 0)
(0.459654 0.520454 0)
(0.478691 0.523606 0)
(0.498131 0.52648 0)
(0.517827 0.529076 0)
(0.537369 0.531387 0)
(0.555836 0.533356 0)
(0.571048 0.534654 0)
(0.573415 0.533703 0)
(0.521656 0.524012 0)
(0.339922 0.482196 0)
(0.118358 0.339505 0)
(-0.163631 0.320704 0)
(-0.369198 0.451038 0)
(-0.514066 0.485709 0)
(-0.550434 0.492806 0)
(-0.543761 0.492603 0)
(-0.527421 0.490479 0)
(-0.508749 0.487717 0)
(-0.489465 0.484603 0)
(-0.470272 0.481214 0)
(-0.451457 0.477582 0)
(-0.433114 0.473731 0)
(-0.415264 0.469686 0)
(-0.397909 0.465468 0)
(-0.381045 0.461103 0)
(-0.364666 0.456615 0)
(-0.348763 0.452027 0)
(-0.333327 0.447362 0)
(-0.318347 0.442644 0)
(-0.303813 0.437896 0)
(-0.28971 0.433137 0)
(-0.276026 0.42839 0)
(-0.262747 0.423672 0)
(-0.249856 0.419003 0)
(-0.237339 0.414398 0)
(-0.22518 0.409874 0)
(-0.213363 0.405444 0)
(-0.201871 0.401122 0)
(-0.190689 0.39692 0)
(-0.1798 0.392848 0)
(-0.169188 0.388917 0)
(-0.158837 0.385135 0)
(-0.148731 0.381509 0)
(-0.138856 0.378048 0)
(-0.129196 0.374756 0)
(-0.119735 0.371639 0)
(-0.110461 0.368703 0)
(-0.101358 0.36595 0)
(-0.092412 0.363384 0)
(-0.0836104 0.361009 0)
(-0.0749394 0.358825 0)
(-0.066386 0.356836 0)
(-0.0579376 0.355038 0)
(-0.0495826 0.353419 0)
(-0.0413049 0.35193 0)
(-0.0330922 0.350558 0)
(-0.0249362 0.349349 0)
(-0.0168267 0.348328 0)
(-0.00875409 0.347607 0)
(-0.00069881 0.347442 0)
(0.00734553 0.347728 0)
(0.015384 0.348235 0)
(0.0234383 0.34898 0)
(0.031517 0.349939 0)
(0.03963 0.351095 0)
(0.0477904 0.352445 0)
(0.0560102 0.353986 0)
(0.0643014 0.355717 0)
(0.0726762 0.357637 0)
(0.0811469 0.359743 0)
(0.0897264 0.362033 0)
(0.0984273 0.364504 0)
(0.107263 0.367152 0)
(0.116247 0.369972 0)
(0.125393 0.37296 0)
(0.134714 0.37611 0)
(0.144226 0.379416 0)
(0.153942 0.382872 0)
(0.163878 0.386468 0)
(0.174047 0.390197 0)
(0.184466 0.39405 0)
(0.195149 0.398014 0)
(0.206112 0.402079 0)
(0.21737 0.406232 0)
(0.228937 0.41046 0)
(0.240829 0.414746 0)
(0.253059 0.419076 0)
(0.265643 0.423432 0)
(0.278593 0.427795 0)
(0.291921 0.432148 0)
(0.30564 0.436469 0)
(0.319761 0.440738 0)
(0.334292 0.444935 0)
(0.349243 0.449037 0)
(0.36462 0.453025 0)
(0.38043 0.456878 0)
(0.396678 0.460576 0)
(0.413367 0.464101 0)
(0.430501 0.467438 0)
(0.448084 0.470572 0)
(0.466117 0.473491 0)
(0.484597 0.476188 0)
(0.50349 0.478656 0)
(0.522664 0.480887 0)
(0.541718 0.482866 0)
(0.559745 0.484523 0)
(0.57457 0.485524 0)
(0.576549 0.484346 0)
(0.524425 0.47483 0)
(0.342023 0.434729 0)
(0.1191 0.300085 0)
(-0.164245 0.283331 0)
(-0.370989 0.403041 0)
(-0.516755 0.435231 0)
(-0.553853 0.442067 0)
(-0.547918 0.442206 0)
(-0.532237 0.440586 0)
(-0.514202 0.438389 0)
(-0.495525 0.435883 0)
(-0.476901 0.433136 0)
(-0.458614 0.430179 0)
(-0.440754 0.427032 0)
(-0.423341 0.423715 0)
(-0.406373 0.420248 0)
(-0.389847 0.41665 0)
(-0.373753 0.41294 0)
(-0.358085 0.409138 0)
(-0.342831 0.405263 0)
(-0.327984 0.401334 0)
(-0.313532 0.397369 0)
(-0.299465 0.393386 0)
(-0.285771 0.389402 0)
(-0.272438 0.385433 0)
(-0.259453 0.381493 0)
(-0.246803 0.377599 0)
(-0.234476 0.373763 0)
(-0.222456 0.369998 0)
(-0.210732 0.366315 0)
(-0.199289 0.362725 0)
(-0.188114 0.359238 0)
(-0.177192 0.355864 0)
(-0.166511 0.35261 0)
(-0.156056 0.349484 0)
(-0.145814 0.346492 0)
(-0.135772 0.343641 0)
(-0.125917 0.340936 0)
(-0.116236 0.338382 0)
(-0.106717 0.335982 0)
(-0.0973464 0.33374 0)
(-0.0881127 0.33166 0)
(-0.0790038 0.329743 0)
(-0.0700076 0.327992 0)
(-0.0611128 0.326404 0)
(-0.0523091 0.324967 0)
(-0.0435813 0.323629 0)
(-0.034919 0.322382 0)
(-0.026316 0.321275 0)
(-0.0177634 0.32033 0)
(-0.00925117 0.319666 0)
(-0.00075696 0.319527 0)
(0.00772617 0.319802 0)
(0.0162031 0.320272 0)
(0.0246964 0.320951 0)
(0.0332136 0.321818 0)
(0.0417636 0.322855 0)
(0.0503588 0.324059 0)
(0.0590103 0.325427 0)
(0.0677291 0.326959 0)
(0.0765262 0.328653 0)
(0.0854131 0.330506 0)
(0.0944012 0.332516 0)
(0.103502 0.334679 0)
(0.112728 0.336991 0)
(0.12209 0.339449 0)
(0.131602 0.342048 0)
(0.141275 0.344782 0)
(0.151122 0.347645 0)
(0.161155 0.35063 0)
(0.171388 0.353731 0)
(0.181833 0.35694 0)
(0.192504 0.360247 0)
(0.203412 0.363643 0)
(0.214573 0.367117 0)
(0.225997 0.370659 0)
(0.237699 0.374257 0)
(0.24969 0.377897 0)
(0.261984 0.381566 0)
(0.274592 0.38525 0)
(0.287526 0.388935 0)
(0.300797 0.392604 0)
(0.314417 0.396241 0)
(0.328395 0.399829 0)
(0.342741 0.403354 0)
(0.357464 0.406797 0)
(0.372574 0.410142 0)
(0.388079 0.413374 0)
(0.403986 0.416477 0)
(0.420305 0.419436 0)
(0.437045 0.422238 0)
(0.454214 0.424871 0)
(0.471821 0.427324 0)
(0.489868 0.429587 0)
(0.50833 0.43165 0)
(0.527078 0.433503 0)
(0.545718 0.435123 0)
(0.563351 0.436437 0)
(0.577805 0.437122 0)
(0.579399 0.435743 0)
(0.52688 0.426568 0)
(0.343824 0.388832 0)
(0.11976 0.263892 0)
(-0.164766 0.248388 0)
(-0.372462 0.356811 0)
(-0.518965 0.386243 0)
(-0.556699 0.392684 0)
(-0.551359 0.393069 0)
(-0.536229 0.391861 0)
(-0.518724 0.390137 0)
(-0.50055 0.38814 0)
(-0.482398 0.385933 0)
(-0.464548 0.383541 0)
(-0.447089 0.380984 0)
(-0.430039 0.378278 0)
(-0.413396 0.375439 0)
(-0.397153 0.372484 0)
(-0.381303 0.369428 0)
(-0.365836 0.366289 0)
(-0.350744 0.363082 0)
(-0.336017 0.359822 0)
(-0.321646 0.356524 0)
(-0.307621 0.353203 0)
(-0.293932 0.349874 0)
(-0.280567 0.34655 0)
(-0.267517 0.343244 0)
(-0.25477 0.339968 0)
(-0.242314 0.336734 0)
(-0.230138 0.333552 0)
(-0.21823 0.330434 0)
(-0.206579 0.327388 0)
(-0.195172 0.324423 0)
(-0.183998 0.321548 0)
(-0.173046 0.318771 0)
(-0.162302 0.316096 0)
(-0.151756 0.313533 0)
(-0.141396 0.311084 0)
(-0.13121 0.308757 0)
(-0.121187 0.306555 0)
(-0.111315 0.304482 0)
(-0.101584 0.302541 0)
(-0.0919832 0.300737 0)
(-0.0825005 0.299071 0)
(-0.0731256 0.297544 0)
(-0.0638483 0.296156 0)
(-0.0546596 0.294893 0)
(-0.045545 0.293704 0)
(-0.0364964 0.292584 0)
(-0.0275093 0.291584 0)
(-0.0185759 0.290722 0)
(-0.00968586 0.290119 0)
(-0.000813937 0.290006 0)
(0.00804691 0.290267 0)
(0.0169013 0.290696 0)
(0.0257726 0.291309 0)
(0.0346673 0.292084 0)
(0.0435933 0.293005 0)
(0.0525623 0.294068 0)
(0.0615844 0.295272 0)
(0.0706698 0.296615 0)
(0.0798285 0.298096 0)
(0.0890709 0.299711 0)
(0.0984073 0.30146 0)
(0.107848 0.303337 0)
(0.117405 0.305341 0)
(0.127087 0.307466 0)
(0.136907 0.309708 0)
(0.146874 0.312063 0)
(0.157001 0.314525 0)
(0.167298 0.317087 0)
(0.177777 0.319744 0)
(0.188449 0.322487 0)
(0.199326 0.32531 0)
(0.210418 0.328203 0)
(0.221738 0.331158 0)
(0.233297 0.334165 0)
(0.245105 0.337214 0)
(0.257175 0.340294 0)
(0.269517 0.343393 0)
(0.282143 0.346501 0)
(0.295062 0.349603 0)
(0.308286 0.352689 0)
(0.321825 0.355743 0)
(0.33569 0.358754 0)
(0.34989 0.361707 0)
(0.364435 0.364589 0)
(0.379336 0.367388 0)
(0.394603 0.370088 0)
(0.410247 0.372678 0)
(0.426279 0.375145 0)
(0.44271 0.377478 0)
(0.459554 0.379664 0)
(0.476823 0.381692 0)
(0.494523 0.383552 0)
(0.512631 0.385233 0)
(0.531021 0.38672 0)
(0.549303 0.387991 0)
(0.566582 0.388972 0)
(0.580691 0.389357 0)
(0.58193 0.387816 0)
(0.52901 0.37917 0)
(0.345364 0.344292 0)
(0.120345 0.230262 0)
(-0.165211 0.215345 0)
(-0.373679 0.311976 0)
(-0.520796 0.338429 0)
(-0.559058 0.344372 0)
(-0.554209 0.34492 0)
(-0.539536 0.344049 0)
(-0.522471 0.34272 0)
(-0.504716 0.341151 0)
(-0.486955 0.339398 0)
(-0.469469 0.337484 0)
(-0.452343 0.335425 0)
(-0.435594 0.333234 0)
(-0.419221 0.330926 0)
(-0.403216 0.328516 0)
(-0.387571 0.326016 0)
(-0.372275 0.32344 0)
(-0.357322 0.320802 0)
(-0.342701 0.318114 0)
(-0.328404 0.315389 0)
(-0.314422 0.312639 0)
(-0.300744 0.309876 0)
(-0.287362 0.307112 0)
(-0.274265 0.304357 0)
(-0.261445 0.301622 0)
(-0.24889 0.298917 0)
(-0.236591 0.296251 0)
(-0.224537 0.293633 0)
(-0.212719 0.291071 0)
(-0.201125 0.288574 0)
(-0.189746 0.286148 0)
(-0.178571 0.283799 0)
(-0.167589 0.281534 0)
(-0.156791 0.279359 0)
(-0.146166 0.277279 0)
(-0.135703 0.275298 0)
(-0.125394 0.27342 0)
(-0.115227 0.271649 0)
(-0.105192 0.269989 0)
(-0.0952804 0.268442 0)
(-0.0854815 0.26701 0)
(-0.0757856 0.265696 0)
(-0.0661835 0.264497 0)
(-0.0566675 0.2634 0)
(-0.0472238 0.262357 0)
(-0.0378464 0.261366 0)
(-0.0285324 0.260476 0)
(-0.019275 0.259702 0)
(-0.0100634 0.259166 0)
(-0.000869495 0.259076 0)
(0.00831343 0.259319 0)
(0.0174897 0.259706 0)
(0.0266835 0.260251 0)
(0.0359004 0.260935 0)
(0.0451469 0.261742 0)
(0.0544344 0.26267 0)
(0.0637723 0.263717 0)
(0.0731695 0.264881 0)
(0.0826354 0.266161 0)
(0.0921795 0.267554 0)
(0.101811 0.269059 0)
(0.11154 0.270672 0)
(0.121375 0.272389 0)
(0.131327 0.274209 0)
(0.141406 0.276125 0)
(0.15162 0.278134 0)
(0.161982 0.280231 0)
(0.172499 0.28241 0)
(0.183183 0.284666 0)
(0.194043 0.286993 0)
(0.205091 0.289383 0)
(0.216335 0.291829 0)
(0.227787 0.294324 0)
(0.239456 0.296859 0)
(0.251353 0.299426 0)
(0.263487 0.302016 0)
(0.27587 0.304618 0)
(0.288512 0.307223 0)
(0.301422 0.309822 0)
(0.31461 0.312402 0)
(0.328088 0.314954 0)
(0.341865 0.317466 0)
(0.355952 0.319927 0)
(0.370359 0.322325 0)
(0.385098 0.32465 0)
(0.40018 0.32689 0)
(0.415618 0.329033 0)
(0.431424 0.331068 0)
(0.447611 0.332985 0)
(0.464196 0.334772 0)
(0.481191 0.336419 0)
(0.498605 0.337913 0)
(0.516416 0.339242 0)
(0.534502 0.340393 0)
(0.552471 0.341341 0)
(0.569435 0.342018 0)
(0.583229 0.342144 0)
(0.584147 0.340522 0)
(0.530848 0.332494 0)
(0.346685 0.300882 0)
(0.120862 0.198672 0)
(-0.165592 0.183794 0)
(-0.374692 0.268243 0)
(-0.522316 0.291542 0)
(-0.561017 0.2969 0)
(-0.556571 0.297546 0)
(-0.542275 0.296949 0)
(-0.525576 0.295951 0)
(-0.508167 0.294744 0)
(-0.49073 0.293375 0)
(-0.473544 0.291865 0)
(-0.456693 0.290228 0)
(-0.440195 0.288476 0)
(-0.424045 0.286622 0)
(-0.408237 0.284676 0)
(-0.392762 0.282652 0)
(-0.37761 0.28056 0)
(-0.362773 0.278411 0)
(-0.348242 0.276217 0)
(-0.334009 0.273988 0)
(-0.320065 0.271734 0)
(-0.306401 0.269465 0)
(-0.293008 0.26719 0)
(-0.279877 0.26492 0)
(-0.267 0.262662 0)
(-0.254368 0.260425 0)
(-0.241971 0.258217 0)
(-0.229801 0.256046 0)
(-0.217847 0.253918 0)
(-0.206102 0.25184 0)
(-0.194555 0.249818 0)
(-0.183198 0.247858 0)
(-0.172021 0.245965 0)
(-0.161015 0.244145 0)
(-0.150171 0.242401 0)
(-0.139479 0.240739 0)
(-0.128931 0.23916 0)
(-0.118518 0.237669 0)
(-0.10823 0.236269 0)
(-0.0980587 0.234963 0)
(-0.0879949 0.233751 0)
(-0.0780298 0.232636 0)
(-0.068155 0.231617 0)
(-0.0583638 0.23068 0)
(-0.048643 0.229781 0)
(-0.038989 0.22892 0)
(-0.0294002 0.228143 0)
(-0.0198706 0.227463 0)
(-0.0103886 0.226995 0)
(-0.000923608 0.226927 0)
(0.00853071 0.227147 0)
(0.0179784 0.22749 0)
(0.0274442 0.227965 0)
(0.0369327 0.228559 0)
(0.0464496 0.229256 0)
(0.0560058 0.230053 0)
(0.0656097 0.230949 0)
(0.0752698 0.231943 0)
(0.0849944 0.233033 0)
(0.0947923 0.234218 0)
(0.104672 0.235494 0)
(0.114642 0.23686 0)
(0.124712 0.238313 0)
(0.13489 0.239849 0)
(0.145186 0.241465 0)
(0.155607 0.243157 0)
(0.166164 0.244921 0)
(0.176866 0.246752 0)
(0.187721 0.248645 0)
(0.198739 0.250594 0)
(0.209929 0.252594 0)
(0.2213 0.25464 0)
(0.232863 0.256723 0)
(0.244626 0.258837 0)
(0.256598 0.260976 0)
(0.26879 0.263131 0)
(0.281211 0.265294 0)
(0.29387 0.267458 0)
(0.306777 0.269613 0)
(0.319943 0.271751 0)
(0.333377 0.273862 0)
(0.34709 0.275938 0)
(0.361093 0.277968 0)
(0.375395 0.279944 0)
(0.39001 0.281854 0)
(0.40495 0.28369 0)
(0.420226 0.285441 0)
(0.435854 0.287096 0)
(0.451847 0.288646 0)
(0.468222 0.290079 0)
(0.484994 0.291385 0)
(0.502171 0.292552 0)
(0.519732 0.293567 0)
(0.537555 0.294417 0)
(0.555252 0.295076 0)
(0.571936 0.295485 0)
(0.585449 0.295394 0)
(0.586082 0.293751 0)
(0.532441 0.286456 0)
(0.347828 0.258419 0)
(0.121315 0.168713 0)
(-0.16592 0.153422 0)
(-0.375539 0.225385 0)
(-0.523581 0.245387 0)
(-0.562648 0.250091 0)
(-0.55853 0.250779 0)
(-0.544544 0.250404 0)
(-0.528145 0.249684 0)
(-0.511022 0.248781 0)
(-0.493852 0.247739 0)
(-0.476911 0.246573 0)
(-0.460285 0.245297 0)
(-0.44399 0.243921 0)
(-0.428023 0.242455 0)
(-0.412375 0.240911 0)
(-0.397037 0.239298 0)
(-0.382002 0.237625 0)
(-0.36726 0.235903 0)
(-0.352803 0.234139 0)
(-0.338622 0.232344 0)
(-0.324709 0.230525 0)
(-0.311057 0.228691 0)
(-0.297656 0.22685 0)
(-0.284499 0.225009 0)
(-0.271577 0.223176 0)
(-0.258883 0.221358 0)
(-0.246407 0.21956 0)
(-0.234142 0.21779 0)
(-0.22208 0.216053 0)
(-0.210211 0.214355 0)
(-0.198528 0.212701 0)
(-0.187023 0.211095 0)
(-0.175686 0.209543 0)
(-0.16451 0.208048 0)
(-0.153487 0.206615 0)
(-0.142608 0.205246 0)
(-0.131864 0.203945 0)
(-0.121248 0.202715 0)
(-0.110751 0.201558 0)
(-0.100366 0.200477 0)
(-0.0900832 0.199473 0)
(-0.0798955 0.198547 0)
(-0.0697952 0.197698 0)
(-0.059776 0.196914 0)
(-0.0498259 0.196156 0)
(-0.0399431 0.195426 0)
(-0.0301269 0.194765 0)
(-0.0203721 0.194183 0)
(-0.0106662 0.193787 0)
(-0.000976354 0.193737 0)
(0.00870316 0.193931 0)
(0.0183762 0.194226 0)
(0.028068 0.194632 0)
(0.0377822 0.195136 0)
(0.0475239 0.195724 0)
(0.0573033 0.196394 0)
(0.0671285 0.197145 0)
(0.077007 0.197976 0)
(0.0869467 0.198886 0)
(0.0969556 0.199873 0)
(0.107042 0.200935 0)
(0.117213 0.202069 0)
(0.127477 0.203274 0)
(0.137843 0.204547 0)
(0.148319 0.205884 0)
(0.158913 0.207283 0)
(0.169633 0.208739 0)
(0.180488 0.210249 0)
(0.191487 0.211809 0)
(0.202637 0.213415 0)
(0.213947 0.21506 0)
(0.225427 0.216741 0)
(0.237085 0.218452 0)
(0.248929 0.220187 0)
(0.260968 0.22194 0)
(0.273212 0.223704 0)
(0.28567 0.225475 0)
(0.298351 0.227243 0)
(0.311264 0.229003 0)
(0.324419 0.230747 0)
(0.337827 0.232468 0)
(0.351497 0.234157 0)
(0.36544 0.235806 0)
(0.379668 0.237407 0)
(0.394191 0.238952 0)
(0.409024 0.240431 0)
(0.424178 0.241835 0)
(0.439667 0.243155 0)
(0.455508 0.244381 0)
(0.471716 0.245503 0)
(0.488305 0.246509 0)
(0.505286 0.247389 0)
(0.522636 0.248129 0)
(0.540235 0.248715 0)
(0.557695 0.249125 0)
(0.574133 0.249305 0)
(0.587397 0.24904 0)
(0.587777 0.24743 0)
(0.533829 0.240967 0)
(0.348827 0.216751 0)
(0.121714 0.140072 0)
(-0.166202 0.123989 0)
(-0.376255 0.183229 0)
(-0.524641 0.199817 0)
(-0.564009 0.203808 0)
(-0.56016 0.204491 0)
(-0.546426 0.204294 0)
(-0.530272 0.203805 0)
(-0.51338 0.20316 0)
(-0.496425 0.202394 0)
(-0.479682 0.201522 0)
(-0.463236 0.200555 0)
(-0.447103 0.199503 0)
(-0.431279 0.198375 0)
(-0.415757 0.197179 0)
(-0.400527 0.195925 0)
(-0.385582 0.19462 0)
(-0.370913 0.193273 0)
(-0.356512 0.19189 0)
(-0.34237 0.19048 0)
(-0.328481 0.189048 0)
(-0.314835 0.187603 0)
(-0.301427 0.18615 0)
(-0.288246 0.184695 0)
(-0.275288 0.183245 0)
(-0.262542 0.181804 0)
(-0.250003 0.180379 0)
(-0.237661 0.178974 0)
(-0.22551 0.177594 0)
(-0.213543 0.176243 0)
(-0.20175 0.174927 0)
(-0.190125 0.173647 0)
(-0.17866 0.172409 0)
(-0.167347 0.171216 0)
(-0.156179 0.170071 0)
(-0.145148 0.168976 0)
(-0.134246 0.167934 0)
(-0.123467 0.166948 0)
(-0.112801 0.16602 0)
(-0.102242 0.165152 0)
(-0.0917829 0.164344 0)
(-0.081415 0.163598 0)
(-0.0711321 0.162913 0)
(-0.0609283 0.162277 0)
(-0.0507928 0.161658 0)
(-0.0407251 0.161061 0)
(-0.0307248 0.160517 0)
(-0.0207876 0.160037 0)
(-0.0109003 0.159713 0)
(-0.00102808 0.159678 0)
(0.00883424 0.159843 0)
(0.0186903 0.160088 0)
(0.0285658 0.160423 0)
(0.0384636 0.160836 0)
(0.0483882 0.161317 0)
(0.0583494 0.161863 0)
(0.0683548 0.162474 0)
(0.0784113 0.163149 0)
(0.0885265 0.163885 0)
(0.0987076 0.164683 0)
(0.108962 0.165541 0)
(0.119298 0.166456 0)
(0.129722 0.167427 0)
(0.140242 0.168452 0)
(0.150866 0.169527 0)
(0.161602 0.170651 0)
(0.172457 0.171821 0)
(0.183439 0.173033 0)
(0.194557 0.174284 0)
(0.205818 0.175571 0)
(0.217231 0.176888 0)
(0.228803 0.178234 0)
(0.240542 0.179602 0)
(0.252459 0.180989 0)
(0.264559 0.182389 0)
(0.276853 0.183798 0)
(0.28935 0.185211 0)
(0.302057 0.186621 0)
(0.314985 0.188023 0)
(0.328143 0.189411 0)
(0.34154 0.190779 0)
(0.355187 0.192119 0)
(0.369095 0.193426 0)
(0.383274 0.194693 0)
(0.397737 0.19591 0)
(0.412494 0.197072 0)
(0.427561 0.198169 0)
(0.442949 0.199193 0)
(0.458675 0.200135 0)
(0.474753 0.200984 0)
(0.491199 0.201731 0)
(0.508021 0.202364 0)
(0.525197 0.20287 0)
(0.542606 0.203235 0)
(0.559862 0.203437 0)
(0.576084 0.20343 0)
(0.589128 0.203036 0)
(0.589282 0.201512 0)
(0.535055 0.195967 0)
(0.349718 0.17577 0)
(0.122064 0.112516 0)
(-0.166445 0.095323 0)
(-0.376871 0.141649 0)
(-0.52554 0.154725 0)
(-0.56516 0.157952 0)
(-0.561526 0.158588 0)
(-0.547996 0.158526 0)
(-0.532038 0.158227 0)
(-0.515329 0.157797 0)
(-0.498543 0.157264 0)
(-0.481953 0.156642 0)
(-0.465644 0.155941 0)
(-0.449632 0.15517 0)
(-0.433915 0.154337 0)
(-0.418485 0.153448 0)
(-0.403333 0.152512 0)
(-0.388452 0.151534 0)
(-0.373834 0.150522 0)
(-0.35947 0.149481 0)
(-0.345354 0.148417 0)
(-0.331477 0.147336 0)
(-0.317832 0.146243 0)
(-0.304413 0.145143 0)
(-0.291211 0.144041 0)
(-0.278219 0.142941 0)
(-0.265431 0.141848 0)
(-0.252839 0.140765 0)
(-0.240435 0.139698 0)
(-0.228214 0.138648 0)
(-0.216166 0.13762 0)
(-0.204287 0.136617 0)
(-0.192567 0.135642 0)
(-0.181001 0.134698 0)
(-0.16958 0.133787 0)
(-0.158298 0.132912 0)
(-0.147148 0.132076 0)
(-0.136123 0.131279 0)
(-0.125215 0.130524 0)
(-0.114417 0.129813 0)
(-0.103722 0.129147 0)
(-0.0931241 0.128527 0)
(-0.082615 0.127954 0)
(-0.072189 0.127427 0)
(-0.0618408 0.126934 0)
(-0.0515603 0.126454 0)
(-0.0413478 0.125989 0)
(-0.0312035 0.125565 0)
(-0.0211237 0.125189 0)
(-0.0110944 0.124937 0)
(-0.00107915 0.124914 0)
(0.0089266 0.125046 0)
(0.0189265 0.12524 0)
(0.0289463 0.125503 0)
(0.0389887 0.125826 0)
(0.0490573 0.1262 0)
(0.0591619 0.126624 0)
(0.0693095 0.127098 0)
(0.0795069 0.12762 0)
(0.0897609 0.128189 0)
(0.100079 0.128805 0)
(0.110467 0.129466 0)
(0.120933 0.130171 0)
(0.131485 0.130919 0)
(0.142128 0.131707 0)
(0.152872 0.132534 0)
(0.163722 0.133398 0)
(0.174687 0.134296 0)
(0.185774 0.135226 0)
(0.19699 0.136186 0)
(0.208344 0.137173 0)
(0.219842 0.138183 0)
(0.231493 0.139214 0)
(0.243305 0.140262 0)
(0.255286 0.141324 0)
(0.267444 0.142396 0)
(0.279787 0.143475 0)
(0.292325 0.144555 0)
(0.305065 0.145633 0)
(0.318017 0.146704 0)
(0.331191 0.147764 0)
(0.344595 0.148808 0)
(0.358239 0.14983 0)
(0.372135 0.150824 0)
(0.386293 0.151786 0)
(0.400723 0.152708 0)
(0.415439 0.153584 0)
(0.430452 0.154408 0)
(0.445776 0.15517 0)
(0.461424 0.155863 0)
(0.477412 0.156478 0)
(0.493753 0.157004 0)
(0.510455 0.157431 0)
(0.527494 0.157746 0)
(0.544748 0.157935 0)
(0.56183 0.157977 0)
(0.577865 0.157833 0)
(0.590713 0.15736 0)
(0.590662 0.155978 0)
(0.536174 0.151429 0)
(0.350541 0.135412 0)
(0.122376 0.0858868 0)
(-0.166657 0.0673084 0)
(-0.377423 0.100565 0)
(-0.526328 0.110044 0)
(-0.566163 0.112454 0)
(-0.562703 0.112999 0)
(-0.549332 0.11303 0)
(-0.533524 0.112878 0)
(-0.516953 0.11262 0)
(-0.500288 0.112281 0)
(-0.483806 0.111871 0)
(-0.46759 0.1114 0)
(-0.451659 0.110874 0)
(-0.436011 0.110302 0)
(-0.420638 0.109687 0)
(-0.405533 0.109037 0)
(-0.390689 0.108357 0)
(-0.376097 0.10765 0)
(-0.361752 0.106923 0)
(-0.347644 0.106179 0)
(-0.333768 0.105421 0)
(-0.320117 0.104655 0)
(-0.306682 0.103883 0)
(-0.293457 0.10311 0)
(-0.280436 0.102337 0)
(-0.267611 0.101569 0)
(-0.254975 0.100808 0)
(-0.242522 0.100057 0)
(-0.230244 0.0993181 0)
(-0.218135 0.0985946 0)
(-0.206188 0.0978883 0)
(-0.194397 0.0972015 0)
(-0.182753 0.0965361 0)
(-0.171251 0.095894 0)
(-0.159884 0.0952769 0)
(-0.148645 0.0946864 0)
(-0.137526 0.094124 0)
(-0.126523 0.0935909 0)
(-0.115626 0.0930883 0)
(-0.104831 0.0926172 0)
(-0.0941299 0.0921785 0)
(-0.0835162 0.0917726 0)
(-0.0729842 0.0913983 0)
(-0.062529 0.0910481 0)
(-0.0521412 0.0907053 0)
(-0.0418218 0.090373 0)
(-0.0315709 0.0900693 0)
(-0.0213857 0.0897989 0)
(-0.0112514 0.0896194 0)
(-0.00113009 0.0896057 0)
(0.00898207 0.0897026 0)
(0.0190887 0.0898432 0)
(0.029216 0.0900326 0)
(0.0393661 0.0902644 0)
(0.0495421 0.0905325 0)
(0.0597539 0.0908357 0)
(0.0700081 0.0911737 0)
(0.0803112 0.0915457 0)
(0.0906698 0.0919512 0)
(0.101091 0.0923895 0)
(0.111581 0.0928597 0)
(0.122147 0.0933608 0)
(0.132795 0.0938918 0)
(0.143534 0.0944515 0)
(0.15437 0.0950384 0)
(0.16531 0.0956512 0)
(0.176361 0.0962884 0)
(0.187531 0.0969481 0)
(0.198827 0.0976287 0)
(0.210256 0.0983281 0)
(0.221826 0.0990442 0)
(0.233545 0.0997749 0)
(0.24542 0.100518 0)
(0.25746 0.10127 0)
(0.269672 0.10203 0)
(0.282065 0.102794 0)
(0.294647 0.10356 0)
(0.307427 0.104324 0)
(0.320414 0.105083 0)
(0.333617 0.105834 0)
(0.347045 0.106572 0)
(0.360708 0.107295 0)
(0.374616 0.107998 0)
(0.388779 0.108677 0)
(0.40321 0.109326 0)
(0.417917 0.109941 0)
(0.432915 0.110516 0)
(0.448214 0.111045 0)
(0.463827 0.11152 0)
(0.479769 0.111933 0)
(0.49605 0.112277 0)
(0.512676 0.11254 0)
(0.529621 0.112712 0)
(0.546761 0.112777 0)
(0.563707 0.112716 0)
(0.579585 0.112496 0)
(0.592258 0.112009 0)
(0.592012 0.110839 0)
(0.537264 0.107372 0)
(0.351349 0.0956769 0)
(0.122663 0.0601071 0)
(-0.166852 0.0399006 0)
(-0.377961 0.0599511 0)
(-0.52708 0.0657413 0)
(-0.567107 0.0672695 0)
(-0.563785 0.0676645 0)
(-0.55053 0.0677353 0)
(-0.534823 0.0676824 0)
(-0.518336 0.0675557 0)
(-0.50174 0.0673723 0)
(-0.485314 0.0671417 0)
(-0.469142 0.0668705 0)
(-0.453246 0.0665645 0)
(-0.437624 0.0662283 0)
(-0.422271 0.0658661 0)
(-0.407179 0.0654818 0)
(-0.392343 0.0650785 0)
(-0.377754 0.0646595 0)
(-0.363405 0.0642275 0)
(-0.34929 0.0637853 0)
(-0.335402 0.0633351 0)
(-0.321734 0.0628795 0)
(-0.308279 0.0624205 0)
(-0.295029 0.0619602 0)
(-0.28198 0.0615007 0)
(-0.269122 0.0610436 0)
(-0.256451 0.0605908 0)
(-0.243959 0.0601438 0)
(-0.231638 0.0597043 0)
(-0.219484 0.0592736 0)
(-0.207488 0.0588532 0)
(-0.195645 0.0584442 0)
(-0.183947 0.058048 0)
(-0.172389 0.0576655 0)
(-0.160963 0.0572979 0)
(-0.149662 0.056946 0)
(-0.138481 0.0566107 0)
(-0.127412 0.0562929 0)
(-0.116449 0.0559932 0)
(-0.105586 0.0557121 0)
(-0.0948163 0.0554503 0)
(-0.0841326 0.055208 0)
(-0.07353 0.0549843 0)
(-0.0630037 0.0547746 0)
(-0.0525446 0.054569 0)
(-0.0421542 0.0543695 0)
(-0.0318326 0.0541869 0)
(-0.0215774 0.0540241 0)
(-0.0113733 0.0539167 0)
(-0.00118153 0.0539097 0)
(0.00900152 0.0539689 0)
(0.0191795 0.0540544 0)
(0.0293787 0.0541689 0)
(0.039601 0.0543088 0)
(0.0498494 0.0544703 0)
(0.0601336 0.0546527 0)
(0.0704601 0.0548558 0)
(0.0808352 0.0550793 0)
(0.0912655 0.0553227 0)
(0.101758 0.0555856 0)
(0.112318 0.0558675 0)
(0.122954 0.0561679 0)
(0.133671 0.0564861 0)
(0.144478 0.0568214 0)
(0.155381 0.0571731 0)
(0.166386 0.0575402 0)
(0.177501 0.0579218 0)
(0.188734 0.058317 0)
(0.200091 0.0587247 0)
(0.21158 0.0591437 0)
(0.223208 0.0595727 0)
(0.234984 0.0600106 0)
(0.246914 0.0604559 0)
(0.259008 0.0609071 0)
(0.271272 0.0613626 0)
(0.283715 0.0618209 0)
(0.296345 0.0622803 0)
(0.309172 0.0627387 0)
(0.322204 0.0631944 0)
(0.335451 0.0636453 0)
(0.34892 0.0640891 0)
(0.362623 0.0645234 0)
(0.37657 0.0649457 0)
(0.390769 0.0653532 0)
(0.405232 0.0657427 0)
(0.41997 0.066111 0)
(0.434994 0.0664542 0)
(0.450314 0.0667681 0)
(0.465944 0.067048 0)
(0.481893 0.0672882 0)
(0.498171 0.0674821 0)
(0.514781 0.0676219 0)
(0.531693 0.067698 0)
(0.548778 0.0676982 0)
(0.565642 0.067606 0)
(0.581406 0.0673938 0)
(0.593934 0.0669906 0)
(0.593498 0.0661415 0)
(0.538467 0.0638783 0)
(0.352236 0.0566562 0)
(0.122951 0.0352143 0)
(-0.167055 0.0131818 0)
(-0.37859 0.0198936 0)
(-0.527949 0.0218562 0)
(-0.56816 0.0223909 0)
(-0.564932 0.0225423 0)
(-0.551729 0.0225799 0)
(-0.536049 0.0225717 0)
(-0.519573 0.0225355 0)
(-0.502976 0.0224783 0)
(-0.486539 0.0224039 0)
(-0.470353 0.0223151 0)
(-0.454438 0.0222141 0)
(-0.438794 0.0221027 0)
(-0.423419 0.0219825 0)
(-0.408304 0.0218546 0)
(-0.393442 0.0217205 0)
(-0.378829 0.021581 0)
(-0.364455 0.0214372 0)
(-0.350315 0.0212899 0)
(-0.336401 0.0211401 0)
(-0.322707 0.0209884 0)
(-0.309225 0.0208357 0)
(-0.295949 0.0206825 0)
(-0.282871 0.0205296 0)
(-0.269986 0.0203774 0)
(-0.257286 0.0202267 0)
(-0.244764 0.020078 0)
(-0.232415 0.0199317 0)
(-0.22023 0.0197884 0)
(-0.208203 0.0196486 0)
(-0.196329 0.0195125 0)
(-0.184599 0.0193807 0)
(-0.173007 0.0192535 0)
(-0.161548 0.0191312 0)
(-0.150214 0.0190141 0)
(-0.138998 0.0189026 0)
(-0.127895 0.0187969 0)
(-0.116897 0.0186972 0)
(-0.105998 0.0186037 0)
(-0.0951922 0.0185166 -6.00302e-30)
(-0.0844724 0.0184359 0)
(-0.0738337 0.0183614 0)
(-0.0632711 0.0182915 -6.02398e-30)
(-0.0527759 0.0182229 0)
(-0.0423496 0.0181563 0)
(-0.0319923 0.0180953 6.04505e-30)
(-0.0217019 0.0180409 0)
(-0.0114626 0.0180051 0)
(-0.00123506 0.018003 0)
(0.008984 0.0180231 0)
(0.0191984 0.0180518 0)
(0.0294346 0.0180902 0)
(0.0396943 0.0181371 0)
(0.0499805 0.0181912 0)
(0.0603029 0.0182522 0)
(0.0706679 0.0183201 0)
(0.0810819 0.0183948 0)
(0.0915514 0.0184761 0)
(0.102083 0.018564 0)
(0.112683 0.0186582 0)
(0.123359 0.0187585 -2.98439e-30)
(0.134117 0.0188648 0)
(0.144964 0.0189767 -2.9774e-30)
(0.155908 0.0190942 0)
(0.166955 0.0192168 0)
(0.178112 0.0193442 -2.96695e-30)
(0.189387 0.0194762 5.92694e-30)
(0.200787 0.0196124 0)
(0.212319 0.0197524 -2.95655e-30)
(0.223992 0.0198958 5.9062e-30)
(0.235813 0.0200421 0)
(0.247789 0.020191 0)
(0.25993 0.0203419 0)
(0.272242 0.0204944 -2.93947e-30)
(0.284735 0.0206478 0)
(0.297417 0.0208017 0)
(0.310297 0.0209553 -2.92948e-30)
(0.323384 0.021108 0)
(0.336687 0.0212592 2.923e-30)
(0.350216 0.021408 0)
(0.363981 0.0215538 0)
(0.377991 0.0216955 0)
(0.392257 0.0218323 5.82118e-30)
(0.406789 0.0219631 0)
(0.421599 0.0220868 -5.80951e-30)
(0.436696 0.022202 0)
(0.452091 0.0223071 0)
(0.467796 0.0224005 5.79322e-30)
(0.483821 0.0224801 0)
(0.500172 0.0225432 0)
(0.51685 0.022587 0)
(0.53382 0.0226073 0)
(0.550947 0.0225991 0)
(0.567828 0.0225549 2.88326e-30)
(0.583574 0.0224632 0)
(0.59603 0.0222972 0)
(0.595435 0.0219695 5.7534e-30)
(0.540078 0.0211569 0)
(0.353411 0.0186832 5.66224e-30)
(0.123306 0.0115078 0)
(-0.167055 -0.0131788 0)
(-0.37859 -0.0198912 0)
(-0.527949 -0.021854 0)
(-0.56816 -0.0223888 0)
(-0.564932 -0.0225403 0)
(-0.551729 -0.0225779 0)
(-0.536049 -0.0225697 0)
(-0.519573 -0.0225335 0)
(-0.502976 -0.0224763 0)
(-0.486539 -0.022402 0)
(-0.470353 -0.0223133 0)
(-0.454438 -0.0222123 0)
(-0.438795 -0.022101 0)
(-0.423419 -0.0219809 0)
(-0.408304 -0.0218531 0)
(-0.393443 -0.021719 0)
(-0.378829 -0.0215797 0)
(-0.364455 -0.0214359 0)
(-0.350315 -0.0212887 0)
(-0.336401 -0.0211389 0)
(-0.322707 -0.0209873 0)
(-0.309225 -0.0208345 0)
(-0.295949 -0.0206814 0)
(-0.282871 -0.0205284 0)
(-0.269986 -0.0203764 0)
(-0.257286 -0.0202257 0)
(-0.244765 -0.0200771 0)
(-0.232415 -0.019931 0)
(-0.22023 -0.0197878 0)
(-0.208203 -0.019648 0)
(-0.196329 -0.019512 0)
(-0.184599 -0.0193803 0)
(-0.173007 -0.0192531 0)
(-0.161548 -0.0191308 0)
(-0.150213 -0.0190138 0)
(-0.138998 -0.0189023 0)
(-0.127894 -0.0187965 0)
(-0.116897 -0.0186968 0)
(-0.105998 -0.0186032 0)
(-0.0951921 -0.0185161 6.00302e-30)
(-0.0844725 -0.0184354 0)
(-0.0738338 -0.0183609 0)
(-0.0632712 -0.018291 6.02398e-30)
(-0.052776 -0.0182224 0)
(-0.0423497 -0.0181559 0)
(-0.0319924 -0.018095 -6.04505e-30)
(-0.0217019 -0.0180406 0)
(-0.0114626 -0.0180049 0)
(-0.00123509 -0.0180029 0)
(0.00898398 -0.018023 0)
(0.0191984 -0.0180518 0)
(0.0294345 -0.0180903 0)
(0.0396942 -0.0181372 0)
(0.0499804 -0.0181914 0)
(0.0603028 -0.0182525 0)
(0.0706678 -0.0183204 0)
(0.0810818 -0.0183952 0)
(0.0915513 -0.0184766 0)
(0.102083 -0.0185644 0)
(0.112683 -0.0186586 0)
(0.123359 -0.018759 2.98439e-30)
(0.134117 -0.0188653 0)
(0.144964 -0.0189773 2.9774e-30)
(0.155908 -0.0190947 0)
(0.166955 -0.0192174 0)
(0.178112 -0.0193449 2.96695e-30)
(0.189387 -0.0194769 -5.92694e-30)
(0.200787 -0.0196132 0)
(0.212319 -0.0197532 2.95655e-30)
(0.223992 -0.0198967 -5.9062e-30)
(0.235813 -0.0200432 0)
(0.247789 -0.0201922 0)
(0.25993 -0.0203432 0)
(0.272242 -0.0204957 2.93947e-30)
(0.284735 -0.0206491 0)
(0.297417 -0.020803 0)
(0.310297 -0.0209566 2.92948e-30)
(0.323384 -0.0211093 0)
(0.336687 -0.0212605 -2.923e-30)
(0.350216 -0.0214094 0)
(0.363981 -0.0215552 0)
(0.377991 -0.021697 0)
(0.392257 -0.0218339 -5.82118e-30)
(0.406789 -0.0219649 0)
(0.421599 -0.0220886 5.80951e-30)
(0.436696 -0.0222038 0)
(0.452091 -0.022309 0)
(0.467796 -0.0224024 -5.79322e-30)
(0.483821 -0.022482 0)
(0.500172 -0.0225453 0)
(0.51685 -0.0225891 0)
(0.53382 -0.0226094 0)
(0.550947 -0.0226012 0)
(0.567828 -0.0225571 -2.88326e-30)
(0.583574 -0.0224653 0)
(0.59603 -0.0222993 0)
(0.595435 -0.0219716 -5.7534e-30)
(0.540078 -0.021159 0)
(0.353411 -0.0186854 -5.66224e-30)
(0.123306 -0.0115104 0)
(-0.166852 -0.0398978 0)
(-0.377961 -0.0599488 0)
(-0.52708 -0.0657392 0)
(-0.567107 -0.0672675 0)
(-0.563785 -0.0676625 0)
(-0.55053 -0.0677333 0)
(-0.534823 -0.0676804 0)
(-0.518336 -0.0675538 0)
(-0.501741 -0.0673704 0)
(-0.485314 -0.0671398 0)
(-0.469143 -0.0668687 0)
(-0.453246 -0.0665627 0)
(-0.437625 -0.0662266 0)
(-0.422271 -0.0658646 0)
(-0.40718 -0.0654803 0)
(-0.392343 -0.0650771 0)
(-0.377754 -0.0646582 0)
(-0.363405 -0.0642263 0)
(-0.34929 -0.063784 0)
(-0.335402 -0.063334 0)
(-0.321734 -0.0628784 0)
(-0.308279 -0.0624195 0)
(-0.29503 -0.0619593 0)
(-0.28198 -0.0614997 0)
(-0.269123 -0.0610427 0)
(-0.256451 -0.0605899 0)
(-0.243959 -0.0601429 0)
(-0.231639 -0.0597034 0)
(-0.219484 -0.0592728 0)
(-0.207489 -0.0588523 0)
(-0.195645 -0.0584435 0)
(-0.183948 -0.0580473 0)
(-0.172389 -0.0576649 0)
(-0.160963 -0.0572973 0)
(-0.149662 -0.0569455 0)
(-0.138481 -0.0566103 0)
(-0.127412 -0.0562925 0)
(-0.116449 -0.0559928 0)
(-0.105586 -0.0557118 0)
(-0.0948162 -0.05545 0)
(-0.0841326 -0.0552076 0)
(-0.0735301 -0.0549839 0)
(-0.0630037 -0.0547742 0)
(-0.0525447 -0.0545686 0)
(-0.0421543 -0.0543691 0)
(-0.0318328 -0.0541866 0)
(-0.0215776 -0.0540238 0)
(-0.0113736 -0.0539165 0)
(-0.00118178 -0.0539095 0)
(0.00900128 -0.0539689 0)
(0.0191792 -0.0540544 0)
(0.0293784 -0.054169 0)
(0.0396007 -0.054309 0)
(0.0498492 -0.0544705 0)
(0.0601333 -0.0546531 0)
(0.0704599 -0.0548562 0)
(0.0808351 -0.0550797 0)
(0.0912654 -0.0553231 0)
(0.101758 -0.0555861 0)
(0.112318 -0.055868 0)
(0.122954 -0.0561685 0)
(0.133671 -0.0564867 0)
(0.144478 -0.0568221 0)
(0.15538 -0.0571737 0)
(0.166386 -0.0575409 0)
(0.177501 -0.0579225 0)
(0.188734 -0.0583177 0)
(0.200091 -0.0587254 0)
(0.21158 -0.0591444 0)
(0.223208 -0.0595735 0)
(0.234984 -0.0600114 0)
(0.246914 -0.0604567 0)
(0.259007 -0.060908 0)
(0.271271 -0.0613637 0)
(0.283714 -0.0618221 0)
(0.296345 -0.0622815 0)
(0.309172 -0.0627401 0)
(0.322204 -0.063196 0)
(0.33545 -0.0636469 0)
(0.34892 -0.0640907 0)
(0.362623 -0.064525 0)
(0.376569 -0.0649473 0)
(0.390769 -0.0653548 0)
(0.405232 -0.0657443 0)
(0.41997 -0.0661127 0)
(0.434993 -0.066456 0)
(0.450314 -0.0667701 0)
(0.465943 -0.06705 0)
(0.481892 -0.0672903 0)
(0.498171 -0.0674842 0)
(0.514781 -0.067624 0)
(0.531693 -0.0677 0)
(0.548778 -0.0677003 0)
(0.565642 -0.0676081 0)
(0.581406 -0.0673959 0)
(0.593934 -0.0669927 0)
(0.593498 -0.0661436 0)
(0.538467 -0.0638805 0)
(0.352236 -0.0566586 0)
(0.122951 -0.0352169 0)
(-0.166657 -0.0673057 0)
(-0.377423 -0.100563 0)
(-0.526328 -0.110042 0)
(-0.566163 -0.112452 0)
(-0.562703 -0.112996 0)
(-0.549332 -0.113028 0)
(-0.533524 -0.112876 0)
(-0.516953 -0.112618 0)
(-0.500289 -0.112279 0)
(-0.483806 -0.111869 0)
(-0.467591 -0.111398 0)
(-0.45166 -0.110873 0)
(-0.436011 -0.1103 0)
(-0.420638 -0.109686 0)
(-0.405533 -0.109036 0)
(-0.390689 -0.108355 0)
(-0.376098 -0.107649 0)
(-0.361752 -0.106922 0)
(-0.347645 -0.106177 0)
(-0.333769 -0.10542 0)
(-0.320117 -0.104654 0)
(-0.306682 -0.103882 0)
(-0.293458 -0.103108 0)
(-0.280436 -0.102336 0)
(-0.267611 -0.101568 0)
(-0.254975 -0.100807 0)
(-0.242522 -0.100056 0)
(-0.230245 -0.0993174 0)
(-0.218136 -0.0985939 0)
(-0.206189 -0.0978877 0)
(-0.194397 -0.0972009 0)
(-0.182754 -0.0965356 0)
(-0.171252 -0.0958935 0)
(-0.159884 -0.0952764 0)
(-0.148645 -0.094686 0)
(-0.137527 -0.0941235 0)
(-0.126523 -0.0935904 0)
(-0.115626 -0.0930878 0)
(-0.104831 -0.0926168 0)
(-0.0941299 -0.0921781 0)
(-0.0835162 -0.0917722 0)
(-0.0729843 -0.0913979 0)
(-0.0625292 -0.0910478 0)
(-0.0521415 -0.090705 0)
(-0.0418221 -0.0903727 0)
(-0.0315713 -0.090069 0)
(-0.021386 -0.0897987 0)
(-0.0112517 -0.0896193 0)
(-0.00113048 -0.0896056 0)
(0.00898169 -0.0897025 0)
(0.0190883 -0.0898432 0)
(0.0292156 -0.0900327 0)
(0.0393657 -0.0902645 0)
(0.0495417 -0.0905327 0)
(0.0597535 -0.090836 0)
(0.0700077 -0.091174 0)
(0.0803108 -0.0915461 0)
(0.0906695 -0.0919516 0)
(0.10109 -0.0923899 0)
(0.11158 -0.0928602 0)
(0.122146 -0.0933613 0)
(0.132795 -0.0938923 0)
(0.143534 -0.094452 0)
(0.15437 -0.095039 0)
(0.16531 -0.0956519 0)
(0.176361 -0.0962891 0)
(0.187531 -0.0969489 0)
(0.198826 -0.0976295 0)
(0.210255 -0.098329 0)
(0.221826 -0.0990452 0)
(0.233545 -0.099776 0)
(0.24542 -0.100519 0)
(0.25746 -0.101272 0)
(0.269672 -0.102031 0)
(0.282065 -0.102796 0)
(0.294647 -0.103561 0)
(0.307427 -0.104325 0)
(0.320414 -0.105084 0)
(0.333616 -0.105835 0)
(0.347044 -0.106574 0)
(0.360707 -0.107297 0)
(0.374615 -0.108 0)
(0.388779 -0.108678 0)
(0.403209 -0.109328 0)
(0.417917 -0.109943 0)
(0.432914 -0.110518 0)
(0.448213 -0.111046 0)
(0.463827 -0.111522 0)
(0.479768 -0.111936 0)
(0.49605 -0.112279 0)
(0.512675 -0.112543 0)
(0.529621 -0.112714 0)
(0.546761 -0.112779 0)
(0.563707 -0.112718 0)
(0.579585 -0.112498 0)
(0.592258 -0.112011 0)
(0.592012 -0.110842 0)
(0.537264 -0.107375 0)
(0.351349 -0.0956793 0)
(0.122663 -0.0601097 0)
(-0.166445 -0.0953203 0)
(-0.376871 -0.141647 0)
(-0.52554 -0.154723 0)
(-0.56516 -0.15795 0)
(-0.561527 -0.158586 0)
(-0.547996 -0.158524 0)
(-0.532038 -0.158225 0)
(-0.51533 -0.157795 0)
(-0.498543 -0.157262 0)
(-0.481954 -0.15664 0)
(-0.465645 -0.15594 0)
(-0.449633 -0.155168 0)
(-0.433916 -0.154335 0)
(-0.418486 -0.153446 0)
(-0.403334 -0.15251 0)
(-0.388453 -0.151532 0)
(-0.373835 -0.15052 0)
(-0.359471 -0.149479 0)
(-0.345354 -0.148416 0)
(-0.331477 -0.147335 0)
(-0.317833 -0.146242 0)
(-0.304413 -0.145142 0)
(-0.291211 -0.14404 0)
(-0.278219 -0.14294 0)
(-0.265431 -0.141847 0)
(-0.252839 -0.140765 0)
(-0.240436 -0.139697 0)
(-0.228214 -0.138647 0)
(-0.216167 -0.137619 0)
(-0.204287 -0.136616 0)
(-0.192568 -0.135641 0)
(-0.181001 -0.134697 0)
(-0.16958 -0.133787 0)
(-0.158299 -0.132912 0)
(-0.147148 -0.132075 0)
(-0.136123 -0.131279 0)
(-0.125215 -0.130524 0)
(-0.114417 -0.129813 0)
(-0.103722 -0.129147 0)
(-0.0931241 -0.128527 0)
(-0.0826151 -0.127954 0)
(-0.0721892 -0.127426 0)
(-0.061841 -0.126934 0)
(-0.0515606 -0.126454 0)
(-0.0413482 -0.125989 0)
(-0.0312039 -0.125565 0)
(-0.0211242 -0.125189 0)
(-0.0110949 -0.124937 0)
(-0.00107971 -0.124914 0)
(0.00892604 -0.125046 0)
(0.0189259 -0.12524 0)
(0.0289457 -0.125503 0)
(0.0389881 -0.125826 0)
(0.0490568 -0.1262 0)
(0.0591614 -0.126625 0)
(0.0693091 -0.127098 0)
(0.0795065 -0.12762 0)
(0.0897607 -0.128189 0)
(0.100078 -0.128805 0)
(0.110467 -0.129467 0)
(0.120933 -0.130172 0)
(0.131485 -0.130919 0)
(0.142128 -0.131708 0)
(0.152872 -0.132535 0)
(0.163722 -0.133398 0)
(0.174687 -0.134297 0)
(0.185773 -0.135227 0)
(0.19699 -0.136187 0)
(0.208343 -0.137173 0)
(0.219841 -0.138184 0)
(0.231493 -0.139215 0)
(0.243305 -0.140263 0)
(0.255286 -0.141325 0)
(0.267443 -0.142397 0)
(0.279787 -0.143476 0)
(0.292324 -0.144556 0)
(0.305065 -0.145634 0)
(0.318017 -0.146706 0)
(0.33119 -0.147766 0)
(0.344594 -0.14881 0)
(0.358239 -0.149831 0)
(0.372134 -0.150826 0)
(0.386292 -0.151788 0)
(0.400723 -0.15271 0)
(0.415438 -0.153586 0)
(0.430451 -0.15441 0)
(0.445775 -0.155172 0)
(0.461424 -0.155865 0)
(0.477412 -0.15648 0)
(0.493753 -0.157006 0)
(0.510454 -0.157433 0)
(0.527493 -0.157748 0)
(0.544748 -0.157937 0)
(0.56183 -0.15798 0)
(0.577865 -0.157835 0)
(0.590713 -0.157362 0)
(0.590662 -0.15598 0)
(0.536174 -0.151431 0)
(0.350541 -0.135415 0)
(0.122376 -0.0858892 0)
(-0.166201 -0.123987 0)
(-0.376255 -0.183226 0)
(-0.524641 -0.199814 0)
(-0.56401 -0.203806 0)
(-0.56016 -0.204489 0)
(-0.546426 -0.204291 0)
(-0.530272 -0.203803 0)
(-0.51338 -0.203158 0)
(-0.496426 -0.202392 0)
(-0.479683 -0.20152 0)
(-0.463237 -0.200553 0)
(-0.447104 -0.199501 0)
(-0.43128 -0.198373 0)
(-0.415758 -0.197177 0)
(-0.400528 -0.195923 0)
(-0.385583 -0.194619 0)
(-0.370914 -0.193271 0)
(-0.356513 -0.191889 0)
(-0.342371 -0.190478 0)
(-0.328481 -0.189047 0)
(-0.314836 -0.187602 0)
(-0.301427 -0.186148 0)
(-0.288247 -0.184694 0)
(-0.275288 -0.183244 0)
(-0.262543 -0.181803 0)
(-0.250003 -0.180378 0)
(-0.237662 -0.178973 0)
(-0.225511 -0.177593 0)
(-0.213543 -0.176243 0)
(-0.201751 -0.174926 0)
(-0.190125 -0.173647 0)
(-0.17866 -0.172409 0)
(-0.167347 -0.171216 0)
(-0.156179 -0.17007 0)
(-0.145148 -0.168975 0)
(-0.134247 -0.167934 0)
(-0.123467 -0.166948 0)
(-0.112801 -0.16602 0)
(-0.102243 -0.165151 0)
(-0.091783 -0.164344 0)
(-0.0814151 -0.163598 0)
(-0.0711322 -0.162913 0)
(-0.0609285 -0.162277 0)
(-0.0507931 -0.161658 0)
(-0.0407255 -0.161061 0)
(-0.0307253 -0.160517 0)
(-0.0207882 -0.160037 0)
(-0.0109009 -0.159712 0)
(-0.00102876 -0.159678 0)
(0.00883353 -0.159843 0)
(0.0186896 -0.160088 0)
(0.028565 -0.160423 0)
(0.0384629 -0.160836 0)
(0.0483875 -0.161317 0)
(0.0583488 -0.161863 0)
(0.0683542 -0.162474 0)
(0.0784109 -0.163149 0)
(0.0885261 -0.163886 0)
(0.0987073 -0.164684 0)
(0.108962 -0.165541 0)
(0.119297 -0.166456 0)
(0.129721 -0.167428 0)
(0.140241 -0.168452 0)
(0.150866 -0.169528 0)
(0.161601 -0.170652 0)
(0.172456 -0.171822 0)
(0.183439 -0.173034 0)
(0.194557 -0.174285 0)
(0.205818 -0.175571 0)
(0.21723 -0.176889 0)
(0.228802 -0.178235 0)
(0.240542 -0.179603 0)
(0.252458 -0.18099 0)
(0.264558 -0.18239 0)
(0.276852 -0.1838 0)
(0.289349 -0.185212 0)
(0.302056 -0.186622 0)
(0.314984 -0.188024 0)
(0.328142 -0.189412 0)
(0.341539 -0.19078 0)
(0.355187 -0.192121 0)
(0.369094 -0.193428 0)
(0.383273 -0.194694 0)
(0.397736 -0.195912 0)
(0.412493 -0.197074 0)
(0.42756 -0.198171 0)
(0.442948 -0.199195 0)
(0.458674 -0.200137 0)
(0.474753 -0.200987 0)
(0.491198 -0.201733 0)
(0.50802 -0.202366 0)
(0.525197 -0.202872 0)
(0.542606 -0.203237 0)
(0.559861 -0.20344 0)
(0.576083 -0.203433 0)
(0.589127 -0.203039 0)
(0.589282 -0.201515 0)
(0.535055 -0.195969 0)
(0.349719 -0.175772 0)
(0.122064 -0.112519 0)
(-0.16592 -0.153419 0)
(-0.375539 -0.225382 0)
(-0.523582 -0.245384 0)
(-0.562648 -0.250089 0)
(-0.558531 -0.250776 0)
(-0.544545 -0.250401 0)
(-0.528146 -0.249681 0)
(-0.511022 -0.248779 0)
(-0.493852 -0.247736 0)
(-0.476912 -0.246571 0)
(-0.460286 -0.245294 0)
(-0.443992 -0.243919 0)
(-0.428024 -0.242453 0)
(-0.412376 -0.240909 0)
(-0.397039 -0.239296 0)
(-0.382003 -0.237623 0)
(-0.367261 -0.235901 0)
(-0.352804 -0.234138 0)
(-0.338623 -0.232342 0)
(-0.32471 -0.230524 0)
(-0.311057 -0.22869 0)
(-0.297657 -0.226849 0)
(-0.2845 -0.225008 0)
(-0.271578 -0.223175 0)
(-0.258883 -0.221357 0)
(-0.246408 -0.219559 0)
(-0.234143 -0.217789 0)
(-0.222081 -0.216052 0)
(-0.210212 -0.214354 0)
(-0.198529 -0.2127 0)
(-0.187023 -0.211095 0)
(-0.175687 -0.209543 0)
(-0.164511 -0.208048 0)
(-0.153487 -0.206614 0)
(-0.142608 -0.205246 0)
(-0.131864 -0.203945 0)
(-0.121248 -0.202715 0)
(-0.110751 -0.201558 0)
(-0.100366 -0.200477 0)
(-0.0900834 -0.199473 0)
(-0.0798957 -0.198547 0)
(-0.0697954 -0.197698 0)
(-0.0597762 -0.196914 0)
(-0.0498262 -0.196156 0)
(-0.0399435 -0.195426 0)
(-0.0301275 -0.194765 0)
(-0.0203727 -0.194183 0)
(-0.0106669 -0.193787 0)
(-0.000977074 -0.193737 0)
(0.00870243 -0.193931 0)
(0.0183755 -0.194226 0)
(0.0280672 -0.194632 0)
(0.0377815 -0.195136 0)
(0.0475232 -0.195724 0)
(0.0573027 -0.196394 0)
(0.0671279 -0.197145 0)
(0.0770065 -0.197977 0)
(0.0869463 -0.198886 0)
(0.0969552 -0.199873 0)
(0.107041 -0.200935 0)
(0.117212 -0.20207 0)
(0.127477 -0.203275 0)
(0.137843 -0.204547 0)
(0.148319 -0.205885 0)
(0.158912 -0.207283 0)
(0.169633 -0.20874 0)
(0.180488 -0.21025 0)
(0.191486 -0.21181 0)
(0.202636 -0.213415 0)
(0.213947 -0.215061 0)
(0.225426 -0.216742 0)
(0.237084 -0.218453 0)
(0.248928 -0.220188 0)
(0.260967 -0.221941 0)
(0.273211 -0.223706 0)
(0.285669 -0.225476 0)
(0.29835 -0.227245 0)
(0.311263 -0.229005 0)
(0.324418 -0.230749 0)
(0.337826 -0.232469 0)
(0.351496 -0.234158 0)
(0.365439 -0.235808 0)
(0.379667 -0.237409 0)
(0.39419 -0.238954 0)
(0.409022 -0.240433 0)
(0.424176 -0.241837 0)
(0.439666 -0.243157 0)
(0.455507 -0.244383 0)
(0.471715 -0.245505 0)
(0.488305 -0.246511 0)
(0.505285 -0.247391 0)
(0.522636 -0.248131 0)
(0.540235 -0.248718 0)
(0.557694 -0.249128 0)
(0.574132 -0.249307 0)
(0.587397 -0.249043 0)
(0.587777 -0.247432 0)
(0.533829 -0.240969 0)
(0.348827 -0.216754 0)
(0.121714 -0.140074 0)
(-0.165592 -0.183791 0)
(-0.374692 -0.26824 0)
(-0.522316 -0.291539 0)
(-0.561018 -0.296897 0)
(-0.556571 -0.297543 0)
(-0.542276 -0.296946 0)
(-0.525577 -0.295948 0)
(-0.508168 -0.294741 0)
(-0.490731 -0.293372 0)
(-0.473545 -0.291862 0)
(-0.456695 -0.290225 0)
(-0.440196 -0.288474 0)
(-0.424047 -0.286619 0)
(-0.408239 -0.284674 0)
(-0.392763 -0.28265 0)
(-0.377611 -0.280558 0)
(-0.362774 -0.27841 0)
(-0.348243 -0.276215 0)
(-0.33401 -0.273986 0)
(-0.320066 -0.271732 0)
(-0.306402 -0.269463 0)
(-0.293009 -0.267189 0)
(-0.279878 -0.264919 0)
(-0.267001 -0.262661 0)
(-0.254369 -0.260424 0)
(-0.241972 -0.258216 0)
(-0.229802 -0.256045 0)
(-0.217848 -0.253917 0)
(-0.206103 -0.251839 0)
(-0.194556 -0.249817 0)
(-0.183198 -0.247857 0)
(-0.172021 -0.245965 0)
(-0.161015 -0.244145 0)
(-0.150171 -0.242401 0)
(-0.13948 -0.240738 0)
(-0.128932 -0.23916 0)
(-0.118518 -0.237669 0)
(-0.10823 -0.236269 0)
(-0.098059 -0.234962 0)
(-0.0879952 -0.233751 0)
(-0.0780301 -0.232636 0)
(-0.0681553 -0.231617 0)
(-0.0583641 -0.23068 0)
(-0.0486434 -0.229781 0)
(-0.0389895 -0.22892 0)
(-0.0294008 -0.228143 0)
(-0.0198713 -0.227463 0)
(-0.0103893 -0.226995 0)
(-0.000924368 -0.226927 0)
(0.00852994 -0.227147 0)
(0.0179776 -0.22749 0)
(0.0274434 -0.227965 0)
(0.0369319 -0.228559 0)
(0.0464488 -0.229256 0)
(0.056005 -0.230053 0)
(0.065609 -0.230949 0)
(0.0752691 -0.231943 0)
(0.0849939 -0.233033 0)
(0.0947918 -0.234218 0)
(0.104672 -0.235495 0)
(0.114642 -0.236861 0)
(0.124712 -0.238313 0)
(0.13489 -0.23985 0)
(0.145185 -0.241466 0)
(0.155607 -0.243158 0)
(0.166164 -0.244922 0)
(0.176865 -0.246752 0)
(0.18772 -0.248645 0)
(0.198738 -0.250595 0)
(0.209928 -0.252595 0)
(0.221299 -0.25464 0)
(0.232862 -0.256724 0)
(0.244625 -0.258838 0)
(0.256597 -0.260977 0)
(0.268789 -0.263132 0)
(0.28121 -0.265296 0)
(0.293869 -0.267459 0)
(0.306776 -0.269615 0)
(0.319942 -0.271752 0)
(0.333376 -0.273864 0)
(0.347089 -0.27594 0)
(0.361091 -0.27797 0)
(0.375394 -0.279946 0)
(0.390009 -0.281856 0)
(0.404949 -0.283692 0)
(0.420225 -0.285443 0)
(0.435853 -0.287099 0)
(0.451846 -0.288648 0)
(0.468221 -0.290082 0)
(0.484993 -0.291388 0)
(0.50217 -0.292555 0)
(0.519731 -0.29357 0)
(0.537555 -0.294419 0)
(0.555252 -0.295079 0)
(0.571935 -0.295487 0)
(0.585449 -0.295397 0)
(0.586082 -0.293753 0)
(0.532441 -0.286459 0)
(0.347828 -0.258422 0)
(0.121315 -0.168715 0)
(-0.165211 -0.215343 0)
(-0.37368 -0.311972 0)
(-0.520796 -0.338426 0)
(-0.559059 -0.344368 0)
(-0.554209 -0.344917 0)
(-0.539536 -0.344046 0)
(-0.522472 -0.342717 0)
(-0.504717 -0.341148 0)
(-0.486956 -0.339396 0)
(-0.46947 -0.337481 0)
(-0.452344 -0.335422 0)
(-0.435596 -0.333231 0)
(-0.419223 -0.330924 0)
(-0.403218 -0.328514 0)
(-0.387572 -0.326014 0)
(-0.372277 -0.323438 0)
(-0.357324 -0.3208 0)
(-0.342703 -0.318112 0)
(-0.328406 -0.315387 0)
(-0.314423 -0.312637 0)
(-0.300745 -0.309874 0)
(-0.287363 -0.30711 0)
(-0.274267 -0.304356 0)
(-0.261446 -0.301621 0)
(-0.248891 -0.298916 0)
(-0.236592 -0.29625 0)
(-0.224539 -0.293632 0)
(-0.21272 -0.291071 0)
(-0.201126 -0.288573 0)
(-0.189747 -0.286147 0)
(-0.178572 -0.283798 0)
(-0.16759 -0.281534 0)
(-0.156792 -0.279359 0)
(-0.146166 -0.277278 0)
(-0.135704 -0.275297 0)
(-0.125394 -0.27342 0)
(-0.115227 -0.271649 0)
(-0.105193 -0.269989 0)
(-0.0952809 -0.268442 0)
(-0.0854819 -0.26701 0)
(-0.0757859 -0.265695 0)
(-0.0661838 -0.264497 0)
(-0.0566679 -0.2634 0)
(-0.0472242 -0.262357 0)
(-0.0378469 -0.261366 0)
(-0.028533 -0.260476 0)
(-0.0192757 -0.259702 0)
(-0.0100641 -0.259166 0)
(-0.000870206 -0.259077 0)
(0.00831274 -0.259319 0)
(0.017489 -0.259706 0)
(0.0266828 -0.260251 0)
(0.0358996 -0.260935 0)
(0.0451461 -0.261742 0)
(0.0544337 -0.26267 0)
(0.0637715 -0.263717 0)
(0.0731688 -0.264881 0)
(0.0826347 -0.266161 0)
(0.0921788 -0.267554 0)
(0.10181 -0.269059 0)
(0.111539 -0.270672 0)
(0.121374 -0.27239 0)
(0.131326 -0.274209 0)
(0.141405 -0.276125 0)
(0.15162 -0.278134 0)
(0.161981 -0.280232 0)
(0.172498 -0.282411 0)
(0.183182 -0.284667 0)
(0.194042 -0.286994 0)
(0.205089 -0.289384 0)
(0.216334 -0.29183 0)
(0.227785 -0.294325 0)
(0.239454 -0.29686 0)
(0.251351 -0.299427 0)
(0.263486 -0.302017 0)
(0.275869 -0.304619 0)
(0.28851 -0.307225 0)
(0.30142 -0.309823 0)
(0.314609 -0.312404 0)
(0.328087 -0.314956 0)
(0.341864 -0.317468 0)
(0.35595 -0.319929 0)
(0.370358 -0.322327 0)
(0.385097 -0.324652 0)
(0.400179 -0.326892 0)
(0.415617 -0.329035 0)
(0.431422 -0.331071 0)
(0.44761 -0.332988 0)
(0.464194 -0.334775 0)
(0.48119 -0.336421 0)
(0.498604 -0.337915 0)
(0.516416 -0.339245 0)
(0.534501 -0.340396 0)
(0.552471 -0.341344 0)
(0.569434 -0.34202 0)
(0.583228 -0.342147 0)
(0.584147 -0.340525 0)
(0.530848 -0.332497 0)
(0.346685 -0.300884 0)
(0.120862 -0.198674 0)
(-0.164766 -0.248385 0)
(-0.372462 -0.356807 0)
(-0.518966 -0.386239 0)
(-0.5567 -0.39268 0)
(-0.55136 -0.393065 0)
(-0.53623 -0.391857 0)
(-0.518725 -0.390133 0)
(-0.500551 -0.388137 0)
(-0.482399 -0.38593 0)
(-0.46455 -0.383538 0)
(-0.447091 -0.380981 0)
(-0.430041 -0.378275 0)
(-0.413398 -0.375436 0)
(-0.397155 -0.372481 0)
(-0.381305 -0.369426 0)
(-0.365838 -0.366287 0)
(-0.350745 -0.36308 0)
(-0.336019 -0.35982 0)
(-0.321648 -0.356522 0)
(-0.307623 -0.353202 0)
(-0.293933 -0.349873 0)
(-0.280569 -0.346549 0)
(-0.267519 -0.343243 0)
(-0.254771 -0.339967 0)
(-0.242315 -0.336733 0)
(-0.230139 -0.333551 0)
(-0.218232 -0.330433 0)
(-0.20658 -0.327387 0)
(-0.195174 -0.324423 0)
(-0.184 -0.321548 0)
(-0.173047 -0.31877 0)
(-0.162303 -0.316096 0)
(-0.151757 -0.313532 0)
(-0.141397 -0.311084 0)
(-0.13121 -0.308757 0)
(-0.121187 -0.306554 0)
(-0.111316 -0.304481 0)
(-0.101585 -0.302541 0)
(-0.0919837 -0.300737 0)
(-0.082501 -0.299071 0)
(-0.073126 -0.297544 0)
(-0.0638487 -0.296156 0)
(-0.0546601 -0.294893 0)
(-0.0455456 -0.293704 0)
(-0.0364971 -0.292584 0)
(-0.02751 -0.291584 0)
(-0.0185766 -0.290722 0)
(-0.00968657 -0.290119 0)
(-0.000814601 -0.290006 0)
(0.00804628 -0.290267 0)
(0.0169006 -0.290696 0)
(0.0257719 -0.291309 0)
(0.0346666 -0.292084 0)
(0.0435925 -0.293004 0)
(0.0525615 -0.294068 0)
(0.0615837 -0.295272 0)
(0.0706691 -0.296615 0)
(0.0798278 -0.298096 0)
(0.0890702 -0.299711 0)
(0.0984067 -0.30146 0)
(0.107848 -0.303337 0)
(0.117404 -0.305341 0)
(0.127086 -0.307466 0)
(0.136906 -0.309709 0)
(0.146873 -0.312063 0)
(0.157 -0.314525 0)
(0.167297 -0.317088 0)
(0.177776 -0.319744 0)
(0.188448 -0.322488 0)
(0.199324 -0.32531 0)
(0.210417 -0.328204 0)
(0.221737 -0.331159 0)
(0.233295 -0.334166 0)
(0.245104 -0.337215 0)
(0.257174 -0.340295 0)
(0.269516 -0.343395 0)
(0.282141 -0.346502 0)
(0.29506 -0.349605 0)
(0.308285 -0.35269 0)
(0.321824 -0.355745 0)
(0.335688 -0.358756 0)
(0.349888 -0.361709 0)
(0.364433 -0.364592 0)
(0.379334 -0.36739 0)
(0.394601 -0.37009 0)
(0.410245 -0.37268 0)
(0.426277 -0.375148 0)
(0.442709 -0.37748 0)
(0.459553 -0.379666 0)
(0.476822 -0.381694 0)
(0.494522 -0.383555 0)
(0.51263 -0.385235 0)
(0.531021 -0.386723 0)
(0.549302 -0.387994 0)
(0.566581 -0.388975 0)
(0.58069 -0.38936 0)
(0.58193 -0.387819 0)
(0.52901 -0.379173 0)
(0.345364 -0.344295 0)
(0.120345 -0.230264 0)
(-0.164245 -0.283327 0)
(-0.370989 -0.403036 0)
(-0.516756 -0.435227 0)
(-0.553854 -0.442063 0)
(-0.547919 -0.442202 0)
(-0.532239 -0.440582 0)
(-0.514204 -0.438385 0)
(-0.495527 -0.435879 0)
(-0.476903 -0.433133 0)
(-0.458616 -0.430176 0)
(-0.440756 -0.427029 0)
(-0.423343 -0.423712 0)
(-0.406376 -0.420245 0)
(-0.389849 -0.416647 0)
(-0.373756 -0.412937 0)
(-0.358087 -0.409136 0)
(-0.342834 -0.405261 0)
(-0.327987 -0.401332 0)
(-0.313535 -0.397368 0)
(-0.299468 -0.393385 0)
(-0.285773 -0.389401 0)
(-0.27244 -0.385432 0)
(-0.259455 -0.381493 0)
(-0.246805 -0.377598 0)
(-0.234477 -0.373762 0)
(-0.222458 -0.369997 0)
(-0.210734 -0.366314 0)
(-0.199291 -0.362724 0)
(-0.188115 -0.359238 0)
(-0.177194 -0.355863 0)
(-0.166512 -0.35261 0)
(-0.156057 -0.349483 0)
(-0.145815 -0.346492 0)
(-0.135773 -0.343641 0)
(-0.125918 -0.340936 0)
(-0.116237 -0.338381 0)
(-0.106718 -0.335982 0)
(-0.0973471 -0.33374 0)
(-0.0881134 -0.33166 0)
(-0.0790043 -0.329743 0)
(-0.0700081 -0.327992 0)
(-0.0611133 -0.326404 0)
(-0.0523097 -0.324967 0)
(-0.0435818 -0.323629 0)
(-0.0349197 -0.322382 0)
(-0.0263167 -0.321276 0)
(-0.017764 -0.32033 0)
(-0.00925179 -0.319666 0)
(-0.000757524 -0.319527 0)
(0.00772564 -0.319802 0)
(0.0162025 -0.320272 0)
(0.0246957 -0.320951 0)
(0.0332129 -0.321818 0)
(0.0417627 -0.322855 0)
(0.0503579 -0.324058 0)
(0.0590094 -0.325427 0)
(0.0677281 -0.326959 0)
(0.0765253 -0.328653 0)
(0.0854123 -0.330506 0)
(0.0944004 -0.332516 0)
(0.103501 -0.334679 0)
(0.112727 -0.336991 0)
(0.122089 -0.339449 0)
(0.131601 -0.342048 0)
(0.141274 -0.344782 0)
(0.151121 -0.347645 0)
(0.161154 -0.350631 0)
(0.171387 -0.353732 0)
(0.181832 -0.356941 0)
(0.192502 -0.360248 0)
(0.203411 -0.363643 0)
(0.214571 -0.367118 0)
(0.225995 -0.37066 0)
(0.237697 -0.374258 0)
(0.249689 -0.377898 0)
(0.261982 -0.381567 0)
(0.27459 -0.385252 0)
(0.287524 -0.388936 0)
(0.300796 -0.392605 0)
(0.314415 -0.396242 0)
(0.328393 -0.399831 0)
(0.342739 -0.403356 0)
(0.357463 -0.406799 0)
(0.372572 -0.410144 0)
(0.388077 -0.413376 0)
(0.403985 -0.416479 0)
(0.420304 -0.419438 0)
(0.437043 -0.422241 0)
(0.454212 -0.424874 0)
(0.47182 -0.427327 0)
(0.489867 -0.42959 0)
(0.508329 -0.431653 0)
(0.527077 -0.433506 0)
(0.545717 -0.435126 0)
(0.56335 -0.43644 0)
(0.577805 -0.437126 0)
(0.579399 -0.435746 0)
(0.52688 -0.426572 0)
(0.343824 -0.388835 0)
(0.11976 -0.263893 0)
(-0.163631 -0.3207 0)
(-0.369199 -0.451033 0)
(-0.514067 -0.485704 0)
(-0.550436 -0.492801 0)
(-0.543762 -0.492598 0)
(-0.527423 -0.490475 0)
(-0.508751 -0.487713 0)
(-0.489467 -0.484599 0)
(-0.470274 -0.48121 0)
(-0.45146 -0.477578 0)
(-0.433116 -0.473728 0)
(-0.415266 -0.469682 0)
(-0.397912 -0.465465 0)
(-0.381048 -0.461101 0)
(-0.364669 -0.456612 0)
(-0.348766 -0.452024 0)
(-0.33333 -0.44736 0)
(-0.31835 -0.442643 0)
(-0.303816 -0.437894 0)
(-0.289713 -0.433136 0)
(-0.276029 -0.428389 0)
(-0.262749 -0.423671 0)
(-0.249858 -0.419002 0)
(-0.237341 -0.414398 0)
(-0.225182 -0.409873 0)
(-0.213365 -0.405444 0)
(-0.201873 -0.401122 0)
(-0.190691 -0.39692 0)
(-0.179801 -0.392848 0)
(-0.169189 -0.388917 0)
(-0.158838 -0.385135 0)
(-0.148733 -0.381509 0)
(-0.138857 -0.378048 0)
(-0.129197 -0.374756 0)
(-0.119736 -0.371639 0)
(-0.110462 -0.368703 0)
(-0.101359 -0.36595 0)
(-0.0924129 -0.363384 0)
(-0.0836112 -0.361009 0)
(-0.0749401 -0.358826 0)
(-0.0663866 -0.356836 0)
(-0.0579382 -0.355038 0)
(-0.0495832 -0.35342 0)
(-0.0413056 -0.35193 0)
(-0.0330929 -0.350558 0)
(-0.0249369 -0.349349 0)
(-0.0168273 -0.348328 0)
(-0.00875467 -0.347607 0)
(-0.000699318 -0.347442 0)
(0.00734507 -0.347728 0)
(0.0153836 -0.348236 0)
(0.0234378 -0.34898 0)
(0.0315164 -0.34994 0)
(0.0396293 -0.351095 0)
(0.0477896 -0.352445 0)
(0.0560094 -0.353986 0)
(0.0643006 -0.355717 0)
(0.0726754 -0.357637 0)
(0.0811461 -0.359743 0)
(0.0897254 -0.362033 0)
(0.0984262 -0.364504 0)
(0.107262 -0.367152 0)
(0.116245 -0.369972 0)
(0.125391 -0.37296 0)
(0.134713 -0.37611 0)
(0.144224 -0.379417 0)
(0.153941 -0.382872 0)
(0.163876 -0.386469 0)
(0.174046 -0.390198 0)
(0.184464 -0.394051 0)
(0.195148 -0.398015 0)
(0.20611 -0.40208 0)
(0.217368 -0.406233 0)
(0.228935 -0.410461 0)
(0.240827 -0.414747 0)
(0.253057 -0.419077 0)
(0.265641 -0.423433 0)
(0.278591 -0.427797 0)
(0.291919 -0.432149 0)
(0.305638 -0.43647 0)
(0.319759 -0.44074 0)
(0.33429 -0.444936 0)
(0.349241 -0.449039 0)
(0.364618 -0.453027 0)
(0.380428 -0.45688 0)
(0.396676 -0.460578 0)
(0.413365 -0.464104 0)
(0.430499 -0.46744 0)
(0.448082 -0.470574 0)
(0.466115 -0.473494 0)
(0.484595 -0.476192 0)
(0.503489 -0.478659 0)
(0.522663 -0.480891 0)
(0.541716 -0.48287 0)
(0.559744 -0.484527 0)
(0.574569 -0.485528 0)
(0.576549 -0.48435 0)
(0.524424 -0.474834 0)
(0.342023 -0.434732 0)
(0.1191 -0.300087 0)
(-0.1629 -0.361199 0)
(-0.367009 -0.501261 0)
(-0.510797 -0.538043 0)
(-0.546319 -0.54526 0)
(-0.538746 -0.544593 0)
(-0.521615 -0.541859 0)
(-0.502175 -0.538422 0)
(-0.482155 -0.534583 0)
(-0.462271 -0.530424 0)
(-0.442815 -0.525982 0)
(-0.423886 -0.521285 0)
(-0.405509 -0.516361 0)
(-0.387691 -0.511241 0)
(-0.370428 -0.505954 0)
(-0.353716 -0.50053 0)
(-0.337546 -0.495 0)
(-0.321908 -0.489393 0)
(-0.30679 -0.483737 0)
(-0.292178 -0.478061 0)
(-0.278057 -0.47239 0)
(-0.26441 -0.466748 0)
(-0.25122 -0.461158 0)
(-0.238467 -0.455642 0)
(-0.226133 -0.450219 0)
(-0.214199 -0.444907 0)
(-0.202644 -0.43972 0)
(-0.191449 -0.434675 0)
(-0.180595 -0.429783 0)
(-0.170061 -0.425057 0)
(-0.15983 -0.420505 0)
(-0.149883 -0.416138 0)
(-0.140201 -0.411962 0)
(-0.130766 -0.407986 0)
(-0.121561 -0.404213 0)
(-0.112569 -0.40065 0)
(-0.103775 -0.397301 0)
(-0.0951611 -0.394169 0)
(-0.0867131 -0.391257 0)
(-0.0784157 -0.388567 0)
(-0.0702543 -0.386102 0)
(-0.0622146 -0.383862 0)
(-0.054283 -0.381844 0)
(-0.0464466 -0.380038 0)
(-0.0386884 -0.378394 0)
(-0.0309943 -0.376898 0)
(-0.0233537 -0.375593 0)
(-0.0157555 -0.374504 0)
(-0.0081898 -0.373734 0)
(-0.000640192 -0.373543 0)
(0.00689876 -0.373835 0)
(0.0144323 -0.374378 0)
(0.0219809 -0.375187 0)
(0.0295541 -0.376239 0)
(0.0371629 -0.377516 0)
(0.0448212 -0.379016 0)
(0.0525418 -0.380737 0)
(0.0603377 -0.382678 0)
(0.068222 -0.384837 0)
(0.0762083 -0.387213 0)
(0.0843104 -0.389803 0)
(0.0925425 -0.392604 0)
(0.100919 -0.395614 0)
(0.109456 -0.398827 0)
(0.118167 -0.40224 0)
(0.12707 -0.405847 0)
(0.136179 -0.409643 0)
(0.145513 -0.413619 0)
(0.155086 -0.417768 0)
(0.164918 -0.422082 0)
(0.175026 -0.426549 0)
(0.185428 -0.431159 0)
(0.196141 -0.435899 0)
(0.207185 -0.440754 0)
(0.218577 -0.445709 0)
(0.230335 -0.450747 0)
(0.242476 -0.455849 0)
(0.255018 -0.460995 0)
(0.267977 -0.466161 0)
(0.281368 -0.471326 0)
(0.295204 -0.476463 0)
(0.309498 -0.481546 0)
(0.32426 -0.486548 0)
(0.339497 -0.491442 0)
(0.355217 -0.496199 0)
(0.371421 -0.500792 0)
(0.388111 -0.505194 0)
(0.405284 -0.509381 0)
(0.422937 -0.513332 0)
(0.441062 -0.517028 0)
(0.459652 -0.520457 0)
(0.478689 -0.52361 0)
(0.498129 -0.526484 0)
(0.517826 -0.52908 0)
(0.537368 -0.531391 0)
(0.555835 -0.53336 0)
(0.571047 -0.534658 0)
(0.573414 -0.533707 0)
(0.521656 -0.524016 0)
(0.339922 -0.482199 0)
(0.118358 -0.339506 0)
(-0.162024 -0.405735 0)
(-0.364322 -0.554288 0)
(-0.50684 -0.5927 0)
(-0.541368 -0.599861 0)
(-0.532715 -0.598603 0)
(-0.514628 -0.595141 0)
(-0.49425 -0.590902 0)
(-0.473327 -0.586197 0)
(-0.452591 -0.581112 0)
(-0.432346 -0.57569 0)
(-0.412699 -0.569964 0)
(-0.393682 -0.563972 0)
(-0.375306 -0.557752 0)
(-0.357572 -0.551342 0)
(-0.340475 -0.544783 0)
(-0.324006 -0.538112 0)
(-0.308154 -0.531369 0)
(-0.292902 -0.524588 0)
(-0.278234 -0.517805 0)
(-0.264129 -0.511051 0)
(-0.250565 -0.504356 0)
(-0.23752 -0.497746 0)
(-0.224971 -0.491247 0)
(-0.212892 -0.484879 0)
(-0.201259 -0.478663 0)
(-0.190048 -0.472616 0)
(-0.179235 -0.466753 0)
(-0.168796 -0.461087 0)
(-0.158708 -0.45563 0)
(-0.148947 -0.450392 0)
(-0.139492 -0.44538 0)
(-0.130322 -0.440603 0)
(-0.121416 -0.436065 0)
(-0.112754 -0.431773 0)
(-0.104317 -0.42773 0)
(-0.0960876 -0.423939 0)
(-0.0880472 -0.420403 0)
(-0.0801791 -0.417124 0)
(-0.0724668 -0.414103 0)
(-0.0648945 -0.411342 0)
(-0.0574469 -0.40884 0)
(-0.0501091 -0.406595 0)
(-0.0428673 -0.404595 0)
(-0.0357038 -0.402797 0)
(-0.0286027 -0.401181 0)
(-0.0215517 -0.399786 0)
(-0.0145381 -0.398638 0)
(-0.00755217 -0.397827 0)
(-0.000580402 -0.397611 0)
(0.00638121 -0.397906 0)
(0.0133378 -0.398482 0)
(0.0203087 -0.399353 0)
(0.0273043 -0.400497 0)
(0.0343362 -0.401897 0)
(0.041419 -0.403551 0)
(0.0485663 -0.405458 0)
(0.0557918 -0.407617 0)
(0.06311 -0.410027 0)
(0.0705352 -0.412687 0)
(0.0780826 -0.415596 0)
(0.0857677 -0.41875 0)
(0.0936066 -0.422147 0)
(0.101616 -0.425785 0)
(0.109813 -0.429659 0)
(0.118215 -0.433764 0)
(0.126841 -0.438096 0)
(0.13571 -0.442647 0)
(0.144841 -0.44741 0)
(0.154256 -0.452377 0)
(0.163975 -0.457537 0)
(0.174019 -0.462879 0)
(0.184412 -0.46839 0)
(0.195174 -0.474054 0)
(0.206329 -0.479854 0)
(0.217899 -0.48577 0)
(0.229907 -0.491782 0)
(0.242374 -0.497865 0)
(0.25532 -0.503991 0)
(0.268766 -0.510133 0)
(0.282729 -0.516258 0)
(0.297225 -0.522333 0)
(0.312267 -0.528321 0)
(0.327863 -0.534184 0)
(0.344019 -0.539884 0)
(0.360735 -0.545382 0)
(0.378008 -0.550638 0)
(0.395827 -0.555619 0)
(0.414177 -0.56029 0)
(0.433039 -0.564626 0)
(0.452384 -0.568607 0)
(0.472176 -0.572222 0)
(0.492345 -0.575471 0)
(0.512722 -0.578364 0)
(0.532872 -0.580912 0)
(0.551844 -0.583078 0)
(0.567448 -0.584565 0)
(0.570161 -0.5838 0)
(0.518657 -0.57408 0)
(0.337516 -0.531382 0)
(0.117542 -0.382968 0)
(-0.160978 -0.455467 0)
(-0.361045 -0.610744 0)
(-0.502133 -0.650175 0)
(-0.535475 -0.657078 0)
(-0.525538 -0.655113 0)
(-0.506273 -0.65081 0)
(-0.484721 -0.64563 0)
(-0.462662 -0.639895 0)
(-0.440853 -0.633696 0)
(-0.419617 -0.62708 0)
(-0.399076 -0.620095 0)
(-0.379273 -0.612789 0)
(-0.360225 -0.605214 0)
(-0.341936 -0.597422 0)
(-0.3244 -0.589468 0)
(-0.307608 -0.581402 0)
(-0.291541 -0.573276 0)
(-0.27618 -0.565135 0)
(-0.261499 -0.557022 0)
(-0.24747 -0.548978 0)
(-0.234065 -0.541038 0)
(-0.221253 -0.533232 0)
(-0.209002 -0.525589 0)
(-0.197281 -0.518133 0)
(-0.186057 -0.510885 0)
(-0.175301 -0.503862 0)
(-0.164982 -0.49708 0)
(-0.155071 -0.490551 0)
(-0.145539 -0.484286 0)
(-0.13636 -0.478294 0)
(-0.127507 -0.47258 0)
(-0.118957 -0.467151 0)
(-0.110684 -0.462011 0)
(-0.102667 -0.457163 0)
(-0.0948851 -0.45261 0)
(-0.0873171 -0.448353 0)
(-0.079944 -0.444393 0)
(-0.0727473 -0.440731 0)
(-0.0657093 -0.437366 0)
(-0.0588131 -0.434299 0)
(-0.0520424 -0.431529 0)
(-0.0453818 -0.429052 0)
(-0.0388163 -0.426857 0)
(-0.0323279 -0.424904 0)
(-0.0258994 -0.423173 0)
(-0.0195166 -0.421696 0)
(-0.0131659 -0.420499 0)
(-0.00683725 -0.419658 0)
(-0.000520218 -0.419419 0)
(0.0057873 -0.419713 0)
(0.0120903 -0.420318 0)
(0.0184064 -0.421248 0)
(0.0247467 -0.422482 0)
(0.0311235 -0.424006 0)
(0.0375516 -0.425816 0)
(0.0440453 -0.427913 0)
(0.0506191 -0.430296 0)
(0.0572881 -0.432966 0)
(0.0640676 -0.435922 0)
(0.0709738 -0.439163 0)
(0.0780233 -0.442688 0)
(0.0852335 -0.446497 0)
(0.0926227 -0.450586 0)
(0.10021 -0.454953 0)
(0.108015 -0.459596 0)
(0.116058 -0.464509 0)
(0.124362 -0.469689 0)
(0.13295 -0.475129 0)
(0.141845 -0.480821 0)
(0.151072 -0.486756 0)
(0.160658 -0.492924 0)
(0.17063 -0.499312 0)
(0.181014 -0.505905 0)
(0.191841 -0.512684 0)
(0.203139 -0.51963 0)
(0.214938 -0.526718 0)
(0.227266 -0.53392 0)
(0.240151 -0.541205 0)
(0.253622 -0.548538 0)
(0.267704 -0.555879 0)
(0.282418 -0.563185 0)
(0.297785 -0.570406 0)
(0.313818 -0.577491 0)
(0.330525 -0.584384 0)
(0.347908 -0.591026 0)
(0.365956 -0.59736 0)
(0.384653 -0.603328 0)
(0.403969 -0.608876 0)
(0.423863 -0.613958 0)
(0.444282 -0.61854 0)
(0.465154 -0.6226 0)
(0.486367 -0.626136 0)
(0.507706 -0.629166 0)
(0.528685 -0.631722 0)
(0.548294 -0.633808 0)
(0.564298 -0.635186 0)
(0.567302 -0.634349 0)
(0.515721 -0.624704 0)
(0.334915 -0.582157 0)
(0.116693 -0.43139 0)
(-0.159795 -0.5116 0)
(-0.357218 -0.671021 0)
(-0.496789 -0.710738 0)
(-0.528695 -0.717221 0)
(-0.51719 -0.714499 0)
(-0.49641 -0.709285 0)
(-0.473328 -0.703055 0)
(-0.449787 -0.696134 0)
(-0.426584 -0.688617 0)
(-0.404072 -0.680565 0)
(-0.382394 -0.67204 0)
(-0.361609 -0.66311 0)
(-0.341742 -0.65385 0)
(-0.322798 -0.644337 0)
(-0.304771 -0.634648 0)
(-0.287643 -0.624855 0)
(-0.271387 -0.615027 0)
(-0.255972 -0.605225 0)
(-0.241362 -0.595505 0)
(-0.227516 -0.585916 0)
(-0.214391 -0.576502 0)
(-0.201945 -0.567295 0)
(-0.190134 -0.558328 0)
(-0.178917 -0.549625 0)
(-0.168253 -0.541207 0)
(-0.158101 -0.533091 0)
(-0.148425 -0.525289 0)
(-0.139187 -0.517812 0)
(-0.130354 -0.510667 0)
(-0.121894 -0.50386 0)
(-0.113777 -0.497395 0)
(-0.105974 -0.491274 0)
(-0.0984576 -0.485498 0)
(-0.0912042 -0.480069 0)
(-0.0841898 -0.474985 0)
(-0.0773924 -0.470246 0)
(-0.0707912 -0.46585 0)
(-0.0643664 -0.461797 0)
(-0.0580997 -0.458083 0)
(-0.0519732 -0.454707 0)
(-0.0459704 -0.451666 0)
(-0.0400751 -0.448957 0)
(-0.034272 -0.446569 0)
(-0.0285432 -0.444466 0)
(-0.0228704 -0.442627 0)
(-0.017238 -0.441078 0)
(-0.0116317 -0.439843 0)
(-0.00604126 -0.438984 0)
(-0.000459384 -0.438726 0)
(0.00511374 -0.439015 0)
(0.0106826 -0.439645 0)
(0.0162631 -0.440629 0)
(0.0218665 -0.44195 0)
(0.0275056 -0.443593 0)
(0.0331951 -0.445557 0)
(0.0389498 -0.447843 0)
(0.0447844 -0.450452 0)
(0.0507144 -0.453385 0)
(0.056756 -0.456642 0)
(0.0629258 -0.460225 0)
(0.0692413 -0.464132 0)
(0.075721 -0.468366 0)
(0.0823844 -0.472926 0)
(0.089252 -0.477812 0)
(0.0963456 -0.483022 0)
(0.103689 -0.488555 0)
(0.111305 -0.494409 0)
(0.119222 -0.50058 0)
(0.127467 -0.507064 0)
(0.136069 -0.513853 0)
(0.14506 -0.520941 0)
(0.154472 -0.528315 0)
(0.164342 -0.535964 0)
(0.174705 -0.543871 0)
(0.185599 -0.552015 0)
(0.197064 -0.560372 0)
(0.20914 -0.568912 0)
(0.221868 -0.5776 0)
(0.235287 -0.586396 0)
(0.249436 -0.595251 0)
(0.264352 -0.604109 0)
(0.280067 -0.612909 0)
(0.296609 -0.621578 0)
(0.313997 -0.630035 0)
(0.33224 -0.63819 0)
(0.351328 -0.645949 0)
(0.371239 -0.653213 0)
(0.391928 -0.659888 0)
(0.413327 -0.665885 0)
(0.435344 -0.671131 0)
(0.457854 -0.675572 0)
(0.480676 -0.679188 0)
(0.503509 -0.681997 0)
(0.525766 -0.684057 0)
(0.546324 -0.685431 0)
(0.562828 -0.685996 0)
(0.566012 -0.684451 0)
(0.51382 -0.674503 0)
(0.332632 -0.633381 0)
(0.116 -0.485276 0)
(-0.158778 -0.573657 0)
(-0.353423 -0.733597 0)
(-0.491516 -0.772961 0)
(-0.521529 -0.779157 0)
(-0.508003 -0.775966 0)
(-0.485158 -0.770103 0)
(-0.459991 -0.762996 0)
(-0.434428 -0.754941 0)
(-0.409324 -0.746033 0)
(-0.385084 -0.736354 0)
(-0.361887 -0.725985 0)
(-0.339816 -0.715046 0)
(-0.318914 -0.703667 0)
(-0.299184 -0.691977 0)
(-0.280611 -0.680097 0)
(-0.263161 -0.668137 0)
(-0.246787 -0.656196 0)
(-0.231436 -0.644358 0)
(-0.21705 -0.632696 0)
(-0.203566 -0.621268 0)
(-0.190918 -0.610122 0)
(-0.179042 -0.599296 0)
(-0.167882 -0.588821 0)
(-0.157381 -0.578718 0)
(-0.147483 -0.569005 0)
(-0.138138 -0.559692 0)
(-0.1293 -0.550788 0)
(-0.120923 -0.542298 0)
(-0.112967 -0.534224 0)
(-0.105395 -0.526566 0)
(-0.0981728 -0.519323 0)
(-0.0912677 -0.512492 0)
(-0.0846503 -0.50607 0)
(-0.0782941 -0.500054 0)
(-0.0721739 -0.494438 0)
(-0.0662665 -0.489219 0)
(-0.0605504 -0.484392 0)
(-0.0550054 -0.479953 0)
(-0.0496126 -0.475897 0)
(-0.0443543 -0.47222 0)
(-0.0392138 -0.468918 0)
(-0.0341753 -0.465985 0)
(-0.0292232 -0.463412 0)
(-0.0243404 -0.461168 0)
(-0.0195082 -0.459232 0)
(-0.0147101 -0.457625 0)
(-0.0099315 -0.456366 0)
(-0.00516214 -0.4555 0)
(-0.000397815 -0.455227 0)
(0.00435865 -0.455507 0)
(0.00911091 -0.456157 0)
(0.013873 -0.45719 0)
(0.018656 -0.45859 0)
(0.0234725 -0.460345 0)
(0.0283369 -0.462457 0)
(0.0332638 -0.464926 0)
(0.038268 -0.467754 0)
(0.0433649 -0.470943 0)
(0.0485706 -0.474496 0)
(0.0539019 -0.478414 0)
(0.0593766 -0.482702 0)
(0.0650138 -0.487361 0)
(0.0708336 -0.492394 0)
(0.0768577 -0.497803 0)
(0.0831091 -0.503592 0)
(0.0896129 -0.509762 0)
(0.0963956 -0.516314 0)
(0.103487 -0.523251 0)
(0.110917 -0.53057 0)
(0.118722 -0.538272 0)
(0.126938 -0.546352 0)
(0.135605 -0.554805 0)
(0.144766 -0.563624 0)
(0.154467 -0.572795 0)
(0.164759 -0.582303 0)
(0.175693 -0.592128 0)
(0.187326 -0.602242 0)
(0.199716 -0.612609 0)
(0.212922 -0.623186 0)
(0.227005 -0.633918 0)
(0.242025 -0.644741 0)
(0.25804 -0.655581 0)
(0.275111 -0.666357 0)
(0.293293 -0.676936 0)
(0.312619 -0.68718 0)
(0.333099 -0.696935 0)
(0.354714 -0.706031 0)
(0.377414 -0.714287 0)
(0.401107 -0.72152 0)
(0.425647 -0.727554 0)
(0.450828 -0.732239 0)
(0.476349 -0.735476 0)
(0.501753 -0.737236 0)
(0.526259 -0.737587 0)
(0.548519 -0.736682 0)
(0.565923 -0.734598 0)
(0.569146 -0.730447 0)
(0.515667 -0.718944 0)
(0.332461 -0.680186 0)
(0.116149 -0.542142 0)
(-0.159262 -0.635317 0)
(-0.351797 -0.7925 0)
(-0.488729 -0.832052 0)
(-0.516248 -0.839628 0)
(-0.500018 -0.837862 0)
(-0.474179 -0.83299 0)
(-0.445845 -0.826153 0)
(-0.417132 -0.81755 0)
(-0.389069 -0.807309 0)
(-0.362137 -0.795638 0)
(-0.336612 -0.782822 0)
(-0.31268 -0.769141 0)
(-0.290376 -0.75486 0)
(-0.269676 -0.740217 0)
(-0.250523 -0.725416 0)
(-0.23284 -0.710628 0)
(-0.216527 -0.695996 0)
(-0.201484 -0.681632 0)
(-0.187603 -0.667619 0)
(-0.17478 -0.654018 0)
(-0.162921 -0.640876 0)
(-0.151935 -0.628224 0)
(-0.141736 -0.616082 0)
(-0.132247 -0.604462 0)
(-0.123397 -0.59337 0)
(-0.115123 -0.582807 0)
(-0.107369 -0.57277 0)
(-0.100082 -0.563253 0)
(-0.0932166 -0.554249 0)
(-0.0867302 -0.545751 0)
(-0.0805854 -0.537748 0)
(-0.0747479 -0.530232 0)
(-0.0691872 -0.523192 0)
(-0.0638751 -0.516619 0)
(-0.0587858 -0.510505 0)
(-0.0538962 -0.50484 0)
(-0.0491847 -0.499615 0)
(-0.0446319 -0.494824 0)
(-0.0402195 -0.490458 0)
(-0.0359306 -0.486511 0)
(-0.0317495 -0.482977 0)
(-0.0276612 -0.479849 0)
(-0.0236514 -0.477116 0)
(-0.0197037 -0.474754 0)
(-0.0158001 -0.472745 0)
(-0.0119239 -0.4711 0)
(-0.00806038 -0.469837 0)
(-0.00419963 -0.468985 0)
(-0.000340086 -0.468706 0)
(0.00351291 -0.468976 0)
(0.0073621 -0.469644 0)
(0.0112196 -0.470718 0)
(0.0150956 -0.472189 0)
(0.0190024 -0.474047 0)
(0.0229534 -0.476294 0)
(0.0269625 -0.478931 0)
(0.0310438 -0.481964 0)
(0.0352116 -0.485393 0)
(0.0394813 -0.489225 0)
(0.0438691 -0.493464 0)
(0.0483921 -0.498114 0)
(0.0530689 -0.503182 0)
(0.0579195 -0.508673 0)
(0.0629655 -0.514594 0)
(0.0682307 -0.520952 0)
(0.0737407 -0.527753 0)
(0.0795238 -0.535004 0)
(0.0856107 -0.542712 0)
(0.0920356 -0.550884 0)
(0.0988362 -0.559527 0)
(0.106054 -0.568645 0)
(0.113736 -0.578241 0)
(0.121932 -0.588318 0)
(0.1307 -0.598874 0)
(0.140102 -0.609904 0)
(0.150206 -0.621398 0)
(0.161091 -0.633338 0)
(0.172837 -0.645698 0)
(0.185534 -0.658438 0)
(0.199271 -0.671503 0)
(0.214133 -0.684816 0)
(0.230199 -0.6983 0)
(0.247641 -0.712025 0)
(0.266622 -0.725659 0)
(0.28721 -0.739014 0)
(0.309471 -0.751869 0)
(0.333449 -0.763952 0)
(0.359143 -0.774927 0)
(0.386474 -0.78441 0)
(0.415269 -0.791979 0)
(0.445221 -0.797194 0)
(0.475841 -0.799638 0)
(0.506362 -0.798993 0)
(0.535574 -0.795133 0)
(0.561585 -0.788218 0)
(0.581142 -0.77866 0)
(0.584423 -0.766489 0)
(0.528316 -0.748556 0)
(0.339582 -0.710464 0)
(0.119452 -0.590656 0)
(-0.160497 -0.736366 0)
(-0.353536 -0.899534 0)
(-0.492838 -0.942019 0)
(-0.519138 -0.953535 0)
(-0.499096 -0.954719 0)
(-0.467458 -0.950441 0)
(-0.432495 -0.941545 0)
(-0.397219 -0.928688 0)
(-0.363273 -0.912699 0)
(-0.331584 -0.894442 0)
(-0.302508 -0.874726 0)
(-0.276055 -0.854196 0)
(-0.252135 -0.833354 0)
(-0.230576 -0.812579 0)
(-0.211185 -0.792149 0)
(-0.193764 -0.77225 0)
(-0.178104 -0.753006 0)
(-0.163997 -0.734494 0)
(-0.151254 -0.71676 0)
(-0.139711 -0.699828 0)
(-0.129223 -0.683703 0)
(-0.119663 -0.66838 0)
(-0.110919 -0.653845 0)
(-0.102895 -0.64008 0)
(-0.0955052 -0.627062 0)
(-0.0886772 -0.61477 0)
(-0.0823465 -0.603178 0)
(-0.0764568 -0.592262 0)
(-0.0709588 -0.581999 0)
(-0.065809 -0.572367 0)
(-0.0609691 -0.563343 0)
(-0.0564054 -0.554907 0)
(-0.0520875 -0.547041 0)
(-0.0479887 -0.539725 0)
(-0.0440848 -0.532945 0)
(-0.0403542 -0.526684 0)
(-0.0367773 -0.520928 0)
(-0.0333363 -0.515666 0)
(-0.030015 -0.510885 0)
(-0.0267982 -0.506576 0)
(-0.0236723 -0.50273 0)
(-0.0206242 -0.499337 0)
(-0.0176412 -0.496389 0)
(-0.0147091 -0.493865 0)
(-0.0118117 -0.491751 0)
(-0.00893294 -0.490054 0)
(-0.00605929 -0.488785 0)
(-0.00318133 -0.487958 0)
(-0.000300542 -0.487693 0)
(0.00257392 -0.487978 0)
(0.0054426 -0.488701 0)
(0.00831556 -0.489867 0)
(0.0112025 -0.49147 0)
(0.0141144 -0.493504 0)
(0.0170631 -0.495972 0)
(0.020061 -0.498878 0)
(0.0231202 -0.502225 0)
(0.0262539 -0.506019 0)
(0.0294758 -0.510266 0)
(0.0328005 -0.514974 0)
(0.0362436 -0.520152 0)
(0.039822 -0.525808 0)
(0.0435544 -0.531953 0)
(0.0474609 -0.5386 0)
(0.0515638 -0.545762 0)
(0.0558875 -0.553451 0)
(0.0604595 -0.561684 0)
(0.0653102 -0.570476 0)
(0.070474 -0.579844 0)
(0.0759892 -0.589807 0)
(0.0818996 -0.600383 0)
(0.0882545 -0.611591 0)
(0.0951098 -0.623452 0)
(0.102529 -0.635984 0)
(0.110586 -0.649205 0)
(0.119363 -0.663132 0)
(0.12896 -0.677779 0)
(0.13949 -0.693157 0)
(0.151088 -0.70927 0)
(0.163907 -0.726114 0)
(0.178061 -0.743672 0)
(0.193244 -0.761879 0)
(0.210153 -0.780464 0)
(0.229493 -0.799508 0)
(0.251022 -0.818858 0)
(0.274962 -0.838263 0)
(0.301588 -0.857385 0)
(0.331138 -0.875761 0)
(0.363753 -0.892773 0)
(0.39945 -0.907598 0)
(0.438046 -0.919193 0)
(0.47898 -0.926292 0)
(0.521091 -0.927462 0)
(0.562276 -0.921269 0)
(0.599095 -0.906559 0)
(0.625931 -0.882933 0)
(0.630459 -0.851461 0)
(0.567368 -0.81421 0)
(0.36217 -0.767774 0)
(0.126962 -0.661317 0)
(-0.142851 -1.0205 0)
(-0.361119 -1.22589 0)
(-0.51643 -1.29524 0)
(-0.544112 -1.32883 0)
(-0.511977 -1.33602 0)
(-0.462765 -1.32346 0)
(-0.410809 -1.29774 0)
(-0.361844 -1.2644 0)
(-0.318083 -1.22734 0)
(-0.280003 -1.189 0)
(-0.247272 -1.15085 0)
(-0.21925 -1.11371 0)
(-0.195256 -1.07808 0)
(-0.174662 -1.04417 0)
(-0.156905 -1.01209 0)
(-0.141498 -0.981831 0)
(-0.128052 -0.953347 0)
(-0.11626 -0.926566 0)
(-0.105867 -0.901402 0)
(-0.0966604 -0.877766 0)
(-0.088463 -0.855571 0)
(-0.081129 -0.83473 0)
(-0.0745363 -0.815165 0)
(-0.0685826 -0.796799 0)
(-0.063182 -0.779565 0)
(-0.0582616 -0.763398 0)
(-0.0537598 -0.74824 0)
(-0.0496238 -0.734037 0)
(-0.0458084 -0.720743 0)
(-0.0422748 -0.708312 0)
(-0.0389892 -0.696704 0)
(-0.0359224 -0.685884 0)
(-0.0330487 -0.675819 0)
(-0.0303458 -0.666478 0)
(-0.0277937 -0.657835 0)
(-0.025375 -0.649866 0)
(-0.0230738 -0.642549 0)
(-0.0208762 -0.635864 0)
(-0.0187696 -0.629794 0)
(-0.0167426 -0.624323 0)
(-0.0147847 -0.619438 0)
(-0.0128865 -0.615127 0)
(-0.0110387 -0.611377 0)
(-0.00923059 -0.608174 0)
(-0.00744891 -0.605505 0)
(-0.00567968 -0.603373 0)
(-0.00391022 -0.601783 0)
(-0.00212933 -0.600739 0)
(-0.000339463 -0.600306 0)
(0.00144401 -0.600483 0)
(0.00321951 -0.601208 0)
(0.00499703 -0.602482 0)
(0.0067847 -0.604301 0)
(0.00859193 -0.606664 0)
(0.0104285 -0.609573 0)
(0.012304 -0.613033 0)
(0.0142283 -0.61705 0)
(0.0162113 -0.621631 0)
(0.0182636 -0.626787 0)
(0.0203967 -0.632527 0)
(0.0226231 -0.638866 0)
(0.0249563 -0.645817 0)
(0.0274114 -0.653398 0)
(0.030005 -0.661626 0)
(0.0327557 -0.670523 0)
(0.0356841 -0.680111 0)
(0.0388139 -0.690417 0)
(0.0421716 -0.701467 0)
(0.0457876 -0.713293 0)
(0.049697 -0.72593 0)
(0.0539392 -0.739414 0)
(0.0585599 -0.753786 0)
(0.0636116 -0.769091 0)
(0.0691552 -0.785376 0)
(0.0752612 -0.802695 0)
(0.0820116 -0.821102 0)
(0.0895009 -0.84066 0)
(0.0978377 -0.861434 0)
(0.107147 -0.883493 0)
(0.117578 -0.906911 0)
(0.129372 -0.931764 0)
(0.143243 -0.958101 0)
(0.159002 -0.985774 0)
(0.176525 -1.01501 0)
(0.196711 -1.04582 0)
(0.220093 -1.07814 0)
(0.247255 -1.1118 0)
(0.278899 -1.14653 0)
(0.315869 -1.1818 0)
(0.359072 -1.21674 0)
(0.40935 -1.24991 0)
(0.467252 -1.279 0)
(0.532496 -1.30038 0)
(0.603053 -1.30839 0)
(0.673347 -1.29455 0)
(0.730823 -1.24826 0)
(0.750174 -1.16383 0)
(0.669465 -1.05442 0)
(0.40924 -0.964895 0)
(0.116775 -0.865694 0)
(-0.105569 -0.703928 0)
(-0.37494 -0.695433 0)
(-0.48731 -0.731263 0)
(-0.458152 -0.76759 0)
(-0.370078 -0.776688 0)
(-0.283686 -0.765565 0)
(-0.216309 -0.744665 0)
(-0.167142 -0.720252 0)
(-0.131574 -0.695345 0)
(-0.10544 -0.671283 0)
(-0.0857788 -0.648607 0)
(-0.0706433 -0.627495 0)
(-0.0587517 -0.607956 0)
(-0.0492481 -0.589914 0)
(-0.0415477 -0.57326 0)
(-0.0352337 -0.557883 0)
(-0.0300075 -0.543676 0)
(-0.0256458 -0.530538 0)
(-0.0219787 -0.518373 0)
(-0.0188805 -0.507096 0)
(-0.0162494 -0.49663 0)
(-0.0140039 -0.486905 0)
(-0.0120808 -0.477862 0)
(-0.0104285 -0.469446 0)
(-0.00900477 -0.46161 0)
(-0.00777521 -0.454309 0)
(-0.00671115 -0.447508 0)
(-0.00578874 -0.441171 0)
(-0.00498798 -0.435268 0)
(-0.004292 -0.429773 0)
(-0.00368651 -0.424661 0)
(-0.00315931 -0.419911 0)
(-0.00269998 -0.415503 0)
(-0.00229952 -0.411419 0)
(-0.00195012 -0.407645 0)
(-0.00164502 -0.404167 0)
(-0.00137827 -0.400972 0)
(-0.00114464 -0.398048 0)
(-0.000939547 -0.395387 0)
(-0.000758911 -0.392979 0)
(-0.000599171 -0.390817 0)
(-0.000457279 -0.388893 0)
(-0.00033071 -0.387203 0)
(-0.00021736 -0.38574 0)
(-0.000114777 -0.384502 0)
(-1.86776e-05 -0.38349 0)
(7.58371e-05 -0.382704 0)
(0.000172345 -0.382146 0)
(0.000271925 -0.38182 0)
(0.000373577 -0.381724 0)
(0.000478265 -0.381854 0)
(0.000588656 -0.382209 0)
(0.000707188 -0.382786 0)
(0.000836699 -0.383585 0)
(0.000980252 -0.384608 0)
(0.00114104 -0.385856 0)
(0.00132247 -0.387333 0)
(0.0015282 -0.389043 0)
(0.00176228 -0.39099 0)
(0.00202921 -0.393182 0)
(0.00233408 -0.395624 0)
(0.00268264 -0.398326 0)
(0.00308144 -0.401296 0)
(0.00353789 -0.404546 0)
(0.00406045 -0.408087 0)
(0.00465876 -0.411934 0)
(0.00534397 -0.4161 0)
(0.00612901 -0.420604 0)
(0.0070289 -0.425463 0)
(0.0080612 -0.430699 0)
(0.00924638 -0.436336 0)
(0.0106084 -0.442399 0)
(0.0121756 -0.448919 0)
(0.0139814 -0.455926 0)
(0.0160657 -0.463457 0)
(0.0184766 -0.471552 0)
(0.0212715 -0.480255 0)
(0.02452 -0.489614 0)
(0.0283068 -0.499679 0)
(0.0327373 -0.510505 0)
(0.0379485 -0.52215 0)
(0.0441355 -0.5347 0)
(0.0514775 -0.548427 0)
(0.060212 -0.563229 0)
(0.0707215 -0.579187 0)
(0.0834828 -0.596399 0)
(0.0991343 -0.614946 0)
(0.118563 -0.634868 0)
(0.14303 -0.656137 0)
(0.174374 -0.678592 0)
(0.215319 -0.701792 0)
(0.269921 -0.724757 0)
(0.344026 -0.745416 0)
(0.445054 -0.7595 0)
(0.57952 -0.758575 0)
(0.741984 -0.726042 0)
(0.876133 -0.632447 0)
(0.822509 -0.465563 0)
(0.436646 -0.362727 0)
(0.013936 -0.610074 0)
)
;

boundaryField
{
    fuel
    {
        type            fixedValue;
        value           uniform (0.1 0 0);
    }
    air
    {
        type            fixedValue;
        value           uniform (-0.1 0 0);
    }
    outlet
    {
        type            pressureInletOutletVelocity;
        value           nonuniform List<vector> 
200
(
(0 0.70392 0)
(0 0.695439 0)
(0 0.731283 0)
(0 0.767616 0)
(0 0.77671 0)
(0 0.765578 0)
(0 0.744671 0)
(0 0.720259 0)
(0 0.695353 0)
(0 0.671288 0)
(0 0.648609 0)
(0 0.627494 0)
(0 0.60795 0)
(0 0.589903 0)
(0 0.573246 0)
(0 0.557868 0)
(0 0.543661 0)
(0 0.530524 0)
(0 0.518361 0)
(0 0.507087 0)
(0 0.496623 0)
(0 0.4869 0)
(0 0.477859 0)
(0 0.469444 0)
(0 0.461608 0)
(0 0.454308 0)
(0 0.447507 0)
(0 0.44117 0)
(0 0.435267 0)
(0 0.429772 0)
(0 0.42466 0)
(0 0.41991 0)
(0 0.415502 0)
(0 0.411419 0)
(0 0.407645 0)
(0 0.404167 0)
(0 0.400971 0)
(0 0.398048 0)
(0 0.395387 0)
(0 0.392979 0)
(0 0.390817 0)
(0 0.388893 0)
(0 0.387203 0)
(0 0.38574 0)
(0 0.384502 0)
(0 0.38349 0)
(0 0.382704 0)
(0 0.382146 0)
(0 0.38182 0)
(0 0.381724 0)
(0 0.381854 0)
(0 0.382209 0)
(0 0.382785 0)
(0 0.383585 0)
(0 0.384607 0)
(0 0.385856 0)
(0 0.387333 0)
(0 0.389043 0)
(0 0.39099 0)
(0 0.393182 0)
(0 0.395624 0)
(0 0.398326 0)
(0 0.401297 0)
(0 0.404547 0)
(0 0.408088 0)
(0 0.411935 0)
(0 0.416101 0)
(0 0.420605 0)
(0 0.425464 0)
(0 0.430701 0)
(0 0.436338 0)
(0 0.442402 0)
(0 0.448921 0)
(0 0.455928 0)
(0 0.463458 0)
(0 0.471551 0)
(0 0.48025 0)
(0 0.489599 0)
(0 0.499648 0)
(0 0.510448 0)
(0 0.522077 0)
(0 0.534795 0)
(0 0.548499 0)
(0 0.563269 0)
(0 0.579206 0)
(0 0.596405 0)
(0 0.61494 0)
(0 0.634849 0)
(0 0.65611 0)
(0 0.678558 0)
(0 0.701753 0)
(0 0.724713 0)
(0 0.745373 0)
(0 0.759458 0)
(0 0.758538 0)
(0 0.726018 0)
(0 0.632461 0)
(0 0.465645 0)
(0 0.362866 0)
(0 0.610184 0)
(0 -0.703928 0)
(0 -0.695433 0)
(0 -0.731263 0)
(0 -0.76759 0)
(0 -0.776688 0)
(0 -0.765565 0)
(0 -0.744665 0)
(0 -0.720252 0)
(0 -0.695345 0)
(0 -0.671283 0)
(0 -0.648607 0)
(0 -0.627495 0)
(0 -0.607956 0)
(0 -0.589914 0)
(0 -0.57326 0)
(0 -0.557883 0)
(0 -0.543676 0)
(0 -0.530538 0)
(0 -0.518373 0)
(0 -0.507096 0)
(0 -0.49663 0)
(0 -0.486905 0)
(0 -0.477862 0)
(0 -0.469446 0)
(0 -0.46161 0)
(0 -0.454309 0)
(0 -0.447508 0)
(0 -0.441171 0)
(0 -0.435268 0)
(0 -0.429773 0)
(0 -0.424661 0)
(0 -0.419911 0)
(0 -0.415503 0)
(0 -0.411419 0)
(0 -0.407645 0)
(0 -0.404167 0)
(0 -0.400972 0)
(0 -0.398048 0)
(0 -0.395387 0)
(0 -0.392979 0)
(0 -0.390817 0)
(0 -0.388893 0)
(0 -0.387203 0)
(0 -0.38574 0)
(0 -0.384502 0)
(0 -0.38349 0)
(0 -0.382704 0)
(0 -0.382146 0)
(0 -0.38182 0)
(0 -0.381724 0)
(0 -0.381854 0)
(0 -0.382209 0)
(0 -0.382786 0)
(0 -0.383585 0)
(0 -0.384608 0)
(0 -0.385856 0)
(0 -0.387333 0)
(0 -0.389043 0)
(0 -0.39099 0)
(0 -0.393182 0)
(0 -0.395624 0)
(0 -0.398326 0)
(0 -0.401296 0)
(0 -0.404546 0)
(0 -0.408087 0)
(0 -0.411934 0)
(0 -0.4161 0)
(0 -0.420604 0)
(0 -0.425463 0)
(0 -0.430699 0)
(0 -0.436336 0)
(0 -0.442399 0)
(0 -0.448919 0)
(0 -0.455926 0)
(0 -0.463457 0)
(0 -0.471552 0)
(0 -0.480255 0)
(0 -0.489614 0)
(0 -0.499679 0)
(0 -0.510505 0)
(0 -0.52215 0)
(0 -0.5347 0)
(0 -0.548427 0)
(0 -0.563229 0)
(0 -0.579187 0)
(0 -0.596399 0)
(0 -0.614946 0)
(0 -0.634868 0)
(0 -0.656137 0)
(0 -0.678592 0)
(0 -0.701792 0)
(0 -0.724757 0)
(0 -0.745416 0)
(0 -0.7595 0)
(0 -0.758575 0)
(0 -0.726042 0)
(0 -0.632447 0)
(0 -0.465563 0)
(0 -0.362727 0)
(0 -0.610074 0)
)
;
    }
    frontAndBack
    {
        type            empty;
    }
}


// ************************************************************************* //
