/*--------------------------------*- C++ -*----------------------------------*\
  =========                 |
  \\      /  F ield         | OpenFOAM: The Open Source CFD Toolbox
   \\    /   O peration     | Website:  https://openfoam.org
    \\  /    A nd           | Version:  10
     \\/     M anipulation  |
\*---------------------------------------------------------------------------*/
FoamFile
{
    format      ascii;
    class       volScalarField;
    location    "0";
    object      p;
}
// * * * * * * * * * * * * * * * * * * * * * * * * * * * * * * * * * * * * * //

dimensions      [0 2 -2 0 0 0 0];

internalField   nonuniform List<scalar> 
7600
(
-0.118208
-0.0814949
-0.0427285
-0.0152758
0.00145049
0.0107329
0.0153575
0.0172133
0.0175837
0.0174387
-0.195107
-0.156072
-0.112355
-0.0779441
-0.0537506
-0.0374269
-0.0265506
-0.0192874
-0.0143377
-0.0106207
-0.269691
-0.228568
-0.180743
-0.140437
-0.109682
-0.0869484
-0.070203
-0.0577395
-0.0482987
-0.0410222
-0.339547
-0.296905
-0.245767
-0.200542
-0.164145
-0.135746
-0.113699
-0.096466
-0.0828467
-0.0720531
-0.403067
-0.359265
-0.305482
-0.256221
-0.215084
-0.181827
-0.155161
-0.133726
-0.116388
-0.10234
-0.458779
-0.414047
-0.358156
-0.305643
-0.260632
-0.223348
-0.192804
-0.167806
-0.147282
-0.130392
-0.505409
-0.459867
-0.402284
-0.347216
-0.299151
-0.258665
-0.225011
-0.197128
-0.173998
-0.154762
-0.541962
-0.495558
-0.4366
-0.379608
-0.329271
-0.286397
-0.250409
-0.220343
-0.195225
-0.174191
-0.567812
-0.520141
-0.460087
-0.401778
-0.349927
-0.305467
-0.267924
-0.236397
-0.209939
-0.187688
-0.581568
-0.532786
-0.472029
-0.413018
-0.3604
-0.315146
-0.276826
-0.244567
-0.217437
-0.194573
0.386421
0.3378
0.279245
0.229413
0.18971
0.158523
0.134007
0.114628
0.0991941
0.087424
0.383589
0.342305
0.285049
0.234558
0.194024
0.16211
0.136999
0.117141
0.101336
0.0893082
0.366687
0.340239
0.290072
0.240936
0.200108
0.167504
0.141662
0.121137
0.104771
0.0923413
0.33488
0.324887
0.287146
0.243182
0.204075
0.171815
0.145772
0.124839
0.108019
0.0952375
0.29089
0.294838
0.271994
0.236823
0.202111
0.17194
0.146814
0.126181
0.109325
0.0964442
0.236903
0.251506
0.243461
0.219358
0.191476
0.165335
0.142567
0.123267
0.10706
0.0944912
0.174786
0.197235
0.202452
0.19022
0.170851
0.150438
0.131484
0.114706
0.100055
0.0883192
0.106395
0.134506
0.150923
0.150261
0.140228
0.126743
0.112826
0.0997124
0.087675
0.0774426
0.0337244
0.0657069
0.0912463
0.101202
0.1006
0.0946814
0.0866305
0.0780665
0.0696357
0.0618221
-0.0414882
-0.00693179
0.0258967
0.0452323
0.0536484
0.0554353
0.0536631
0.0501456
0.0458566
0.0413183
0.0648883
0.0424721
0.0282377
0.0195976
0.0139784
0.0101788
0.00753733
0.00565787
0.00429583
0.00329545
0.00255444
0.00200342
0.00159369
0.00129011
0.0010667
0.000903974
0.000787113
0.000704811
0.000648322
0.000610962
0.000587524
0.000574062
0.000567503
0.000565564
0.000566466
0.000568938
0.000571983
0.000574933
0.000577259
0.00057865
0.000578849
0.000577754
0.00057527
0.000571411
0.000566176
0.000559646
0.000551873
0.000542979
0.000533047
0.000522223
0.000510611
0.000498368
0.000485607
0.000472479
0.000459085
0.00044555
0.000431939
0.000418332
0.000404744
0.000391208
0.000377704
0.000364239
0.000350782
0.000337344
0.000323906
0.000310495
0.000297108
0.000283778
0.000270505
0.000257317
0.000244206
0.000231185
0.000218237
0.00020537
0.000192564
0.000179828
0.000167144
0.000154525
0.000141955
0.000129447
0.000116983
0.000104573
9.21969e-05
7.98606e-05
6.75395e-05
5.52416e-05
4.29486e-05
3.06841e-05
1.84413e-05
6.16967e-06
0.0660855
0.0431153
0.0286342
0.0198271
0.0141216
0.0102774
0.00760969
0.00571192
0.00433623
0.00332564
0.00257707
0.00202047
0.00160663
0.00129999
0.0010743
0.000909866
0.000791719
0.000708433
0.000651208
0.000613278
0.000589414
0.000575619
0.000568813
0.000566675
0.000567434
0.000569784
0.000572744
0.000575617
0.000577891
0.000579231
0.000579398
0.000578267
0.000575761
0.000571875
0.000566624
0.000560072
0.000552288
0.000543374
0.000533433
0.000522591
0.00051097
0.00049871
0.000485939
0.000472794
0.00045939
0.000445838
0.000432217
0.000418594
0.000404997
0.000391447
0.000377935
0.000364457
0.000350994
0.000337544
0.0003241
0.000310677
0.000297282
0.00028394
0.000270659
0.000257457
0.000244336
0.000231301
0.000218343
0.000205462
0.000192646
0.000179896
0.000167202
0.000154569
0.00014199
0.00012947
0.000116999
0.00010458
9.2199e-05
7.9855e-05
6.75322e-05
5.52289e-05
4.29368e-05
3.06696e-05
1.84305e-05
6.16365e-06
0.0682108
0.0443177
0.0293968
0.0202775
0.0144062
0.0104746
0.00775405
0.00581926
0.00441613
0.00338517
0.00262158
0.00205395
0.00163196
0.00131928
0.00108907
0.000921246
0.000800534
0.000715316
0.000656616
0.000617573
0.000592855
0.000578416
0.000571112
0.0005686
0.000569064
0.000571194
0.000573977
0.000576718
0.000578882
0.00058014
0.000580235
0.000579052
0.000576496
0.000572575
0.000567287
0.00056071
0.000552897
0.000543964
0.000533998
0.00052314
0.000511498
0.000499223
0.000486432
0.000473273
0.00045985
0.000446284
0.000432644
0.000419005
0.000405389
0.000391825
0.000378295
0.000364803
0.000351323
0.00033786
0.0003244
0.000310963
0.000297552
0.000284196
0.000270897
0.000257681
0.000244541
0.00023149
0.000218512
0.000205614
0.000192778
0.000180011
0.000167298
0.00015465
0.000142054
0.00012952
0.000117035
0.000104605
9.22129e-05
7.98619e-05
6.7531e-05
5.52238e-05
4.29265e-05
3.06579e-05
1.8415e-05
6.15467e-06
0.0707517
0.0459123
0.0304592
0.0209291
0.0148298
0.0107715
0.00797093
0.00597956
0.00453489
0.00347338
0.0026874
0.00210334
0.00166924
0.00134759
0.00111067
0.000937811
0.000813299
0.000725216
0.000664338
0.000623651
0.000597678
0.000582293
0.000574262
0.000571205
0.000571245
0.000573059
0.00057559
0.000578146
0.000580157
0.000581304
0.000581303
0.00058005
0.000577431
0.000573465
0.000568133
0.000561525
0.000553679
0.000544724
0.000534731
0.000523855
0.00051219
0.000499898
0.000487085
0.000473908
0.000460461
0.000446876
0.00043321
0.000419552
0.00040591
0.000392325
0.000378771
0.000365261
0.000351759
0.00033828
0.0003248
0.000311348
0.000297917
0.000284543
0.000271223
0.000257988
0.000244825
0.000231754
0.000218753
0.000205835
0.000192975
0.000180188
0.000167452
0.000154785
0.000142167
0.000129615
0.00011711
0.000104665
9.2256e-05
7.98932e-05
6.75488e-05
5.52335e-05
4.29266e-05
3.06536e-05
1.84026e-05
6.14648e-06
0.0729827
0.0476528
0.0317248
0.0217539
0.0153873
0.0111677
0.00825954
0.0061916
0.00469124
0.00358915
0.00277358
0.00216789
0.00171784
0.00138437
0.00113863
0.000959161
0.000829664
0.000737823
0.000674097
0.000631262
0.000603655
0.000587042
0.000578073
0.000574313
0.000573814
0.000575227
0.000577445
0.000579769
0.000581596
0.000582607
0.000582494
0.000581161
0.000578472
0.000574457
0.000569079
0.000562439
0.000554561
0.000545583
0.000535567
0.000524674
0.000512986
0.000500679
0.000487843
0.000474649
0.000461176
0.000447569
0.000433875
0.000420192
0.000406521
0.000392913
0.000379332
0.000365801
0.000352276
0.000338779
0.000325278
0.000311809
0.000298357
0.000284965
0.000271621
0.000258365
0.000245177
0.000232083
0.000219057
0.000206116
0.000193231
0.000180422
0.00016766
0.00015497
0.000142327
0.000129754
0.000117225
0.00010476
9.23294e-05
7.99498e-05
6.75875e-05
5.52596e-05
4.29393e-05
3.06579e-05
1.8395e-05
6.13956e-06
0.0740428
0.0492236
0.033069
0.0227149
0.0160692
0.0116589
0.00861653
0.00645258
0.00488299
0.00373079
0.00287882
0.00224653
0.0017769
0.00142893
0.00117235
0.00098477
0.000849166
0.000752728
0.000685527
0.000640074
0.000610488
0.000592388
0.000582295
0.000577695
0.00057656
0.0005775
0.000579358
0.000581417
0.000583039
0.000583901
0.000583671
0.000582254
0.000579497
0.000575434
0.000570016
0.000563349
0.000555446
0.000546452
0.000536419
0.000525514
0.000513812
0.000501493
0.00048864
0.00047543
0.000461935
0.000448307
0.000434585
0.000420877
0.000407177
0.000393544
0.000379937
0.000366385
0.000352839
0.000339325
0.000325806
0.000312321
0.000298849
0.000285437
0.000272071
0.000258793
0.000245581
0.000232464
0.000219412
0.000206448
0.000193538
0.000180705
0.000167918
0.000155204
0.000142534
0.000129935
0.000117379
0.00010489
9.24342e-05
8.00332e-05
6.76492e-05
5.53043e-05
4.29672e-05
3.0673e-05
1.83942e-05
6.13481e-06
0.0730621
0.0502645
0.0343449
0.0237639
0.0168576
0.012235
0.00903503
0.00675784
0.00510692
0.00389603
0.00300142
0.00233796
0.00184537
0.00148036
0.00121108
0.00101399
0.000871237
0.000769423
0.000698175
0.000649681
0.000617807
0.000597995
0.000586619
0.000581065
0.000579219
0.000579634
0.000581103
0.000582877
0.00058429
0.000585001
0.000584661
0.000583166
0.000580354
0.000576254
0.00057081
0.000564128
0.000556215
0.000547218
0.000537182
0.000526277
0.000514573
0.000502252
0.000489392
0.000476172
0.000462663
0.000449017
0.000435274
0.000421542
0.000407818
0.000394163
0.000380535
0.000366966
0.000353405
0.000339878
0.000326346
0.000312848
0.000299362
0.000285935
0.00027255
0.000259252
0.000246018
0.00023288
0.000219806
0.00020682
0.000193887
0.000181032
0.00016822
0.00015548
0.000142783
0.000130157
0.000117572
0.000105055
9.25715e-05
8.01449e-05
6.77362e-05
5.53702e-05
4.30134e-05
3.07017e-05
1.8403e-05
6.13349e-06
0.069316
0.050415
0.0353972
0.0248376
0.0177214
0.0128778
0.00950452
0.00710102
0.005359
0.0040821
0.00313939
0.00244063
0.001922
0.00153764
0.00125394
0.00104605
0.000895203
0.000787314
0.000711508
0.000659599
0.000625174
0.000603462
0.000590679
0.000584086
0.000581478
0.000581339
0.000582409
0.000583899
0.000585112
0.000585686
0.000585256
0.000583705
0.00058086
0.000576746
0.000571301
0.000564627
0.000556728
0.000547748
0.00053773
0.000526844
0.000515157
0.000502849
0.000489998
0.000476782
0.00046327
0.000449617
0.000435862
0.000422116
0.000408377
0.000394707
0.000381068
0.00036749
0.000353923
0.000340392
0.000326857
0.000313355
0.000299862
0.000286426
0.00027303
0.000259718
0.000246467
0.000233313
0.000220221
0.000207218
0.000194267
0.000181391
0.000168558
0.000155795
0.000143072
0.000130418
0.000117803
0.000105256
9.27425e-05
8.02869e-05
6.78512e-05
5.54604e-05
4.3081e-05
3.07471e-05
1.84245e-05
6.13715e-06
0.0623056
0.0493688
0.0360919
0.0258611
0.0186157
0.0135634
0.0100122
0.00747485
0.00563466
0.00428589
0.00329041
0.00255275
0.00200531
0.00159955
0.00129987
0.00108004
0.000920254
0.000805675
0.000724874
0.000669239
0.000632053
0.000608298
0.00059402
0.000586337
0.000582949
0.000582253
0.000582939
0.000584166
0.000585211
0.000585681
0.000585198
0.000583626
0.000580788
0.000576696
0.000571287
0.000564655
0.000556805
0.000547873
0.000537906
0.000527067
0.000515424
0.000503153
0.000490335
0.000477142
0.000463648
0.000450003
0.000436254
0.000422507
0.000408769
0.000395098
0.000381463
0.000367891
0.000354333
0.000340812
0.000327288
0.000313795
0.000300309
0.000286874
0.000273477
0.00026016
0.000246904
0.00023374
0.00022064
0.000207626
0.000194664
0.000181774
0.000168925
0.000156141
0.000143395
0.000130714
0.00011807
0.000105492
9.29479e-05
8.04607e-05
6.79965e-05
5.55777e-05
4.31735e-05
3.08127e-05
1.84622e-05
6.14754e-06
0.0518763
0.0470342
0.0364335
0.0268181
0.0195189
0.0142812
0.0105535
0.00787686
0.00593222
0.00450604
0.00345329
0.00267324
0.00209434
0.00166515
0.00134801
0.00111514
0.000945626
0.000823787
0.000737593
0.000677959
0.000637835
0.000611929
0.000596102
0.00058731
0.000583151
0.000581924
0.000582268
0.000583279
0.000584212
0.000584632
0.000584156
0.00058262
0.000579849
0.000575832
0.000570516
0.000563975
0.000556225
0.000547387
0.000537517
0.000526764
0.000515207
0.000503007
0.000490256
0.000477114
0.000463667
0.000450055
0.000436336
0.000422612
0.000408898
0.000395249
0.00038164
0.000368094
0.000354569
0.000341078
0.000327586
0.000314119
0.000300658
0.00028724
0.000273858
0.000260549
0.0002473
0.000234139
0.000221042
0.000208027
0.000195065
0.000182169
0.000169312
0.000156513
0.000143748
0.000131042
0.000118372
0.000105762
9.3188e-05
8.06677e-05
6.81741e-05
5.57249e-05
4.3294e-05
3.09023e-05
1.85196e-05
6.16647e-06
0.0265604
0.0360786
0.0326022
0.025726
0.0193443
0.0143952
0.0107359
0.00805355
0.00608209
0.00462636
0.0035473
0.00274561
0.0021496
0.00170716
0.00137987
0.00113925
0.000963847
0.000837505
0.000747871
0.00068557
0.000643383
0.000615843
0.000598733
0.0005889
0.000583912
0.000581995
0.000581784
0.000582324
0.000582879
0.000582977
0.000582248
0.000580497
0.000577569
0.000573425
0.00056803
0.000561433
0.000553668
0.000544832
0.000534996
0.000524286
0.000512796
0.000500664
0.000487995
0.000474931
0.000461569
0.000448035
0.000434403
0.00042076
0.00040714
0.000393584
0.000380084
0.000366648
0.000353246
0.000339875
0.000326509
0.000313157
0.000299811
0.000286496
0.000273214
0.000259993
0.000246834
0.000233753
0.00022074
0.000207799
0.000194912
0.000182077
0.000169278
0.000156519
0.000143789
0.000131101
0.000118445
0.000105836
9.32639e-05
8.07386e-05
6.82463e-05
5.57948e-05
4.33679e-05
3.09699e-05
1.8577e-05
6.19134e-06
-0.000626301
0.0184771
0.0229396
0.0208389
0.016979
0.0132591
0.0101907
0.00779566
0.0059662
0.00458143
0.00353783
0.00275358
0.00216584
0.00172694
0.00140078
0.00116
0.000983794
0.000856276
0.000765281
0.000701508
0.000657808
0.000628737
0.000610116
0.000598799
0.000592383
0.000589096
0.000587595
0.00058692
0.000586356
0.000585419
0.000583757
0.000581162
0.000577492
0.000572693
0.000566739
0.000559665
0.000551509
0.000542354
0.000532274
0.000521378
0.000509763
0.000497549
0.000484845
0.000471773
0.000458435
0.000444942
0.000431371
0.000417799
0.000404266
0.000390806
0.000377417
0.000364101
0.000350833
0.000337602
0.000324388
0.00031119
0.000298002
0.000284841
0.000271713
0.000258638
0.000245621
0.000232674
0.000219792
0.000206973
0.000194201
0.000181473
0.000168772
0.000156099
0.000143446
0.000130821
0.000118221
0.000105657
9.31255e-05
8.06331e-05
6.81732e-05
5.57483e-05
4.33464e-05
3.09634e-05
1.85821e-05
6.19585e-06
-0.0160002
0.00445362
0.0131956
0.0149195
0.0136142
0.0113942
0.00916298
0.00722987
0.00565673
0.00441579
0.00345387
0.0027165
0.00215585
0.00173262
0.00141538
0.00117948
0.00100565
0.000878934
0.000787747
0.000723134
0.000678185
0.000647604
0.00062733
0.000614285
0.000606132
0.000601131
0.000597977
0.000595726
0.000593683
0.000591371
0.00058845
0.000584708
0.00058001
0.000574296
0.000567541
0.00055977
0.000551022
0.000541367
0.000530879
0.000519652
0.00050778
0.000495373
0.000482532
0.000469368
0.000455978
0.000442462
0.000428894
0.000415342
0.000401845
0.000388432
0.000375106
0.000361862
0.000348682
0.000335551
0.00032245
0.000309373
0.000296316
0.000283286
0.000270293
0.000257348
0.000244459
0.000231632
0.000218864
0.000206151
0.000193481
0.000180845
0.000168233
0.00015564
0.000143061
0.000130502
0.000117961
0.000105448
9.29616e-05
8.05074e-05
6.80816e-05
5.56842e-05
4.33053e-05
3.09382e-05
1.85705e-05
6.19315e-06
-0.024316
-0.00556065
0.00479421
0.0089944
0.00978656
0.00902535
0.00772432
0.00636288
0.00513695
0.00410701
0.00327413
0.0026163
0.00210511
0.00171277
0.00141483
0.00119082
0.0010241
0.000901361
0.000812052
0.000747913
0.000702499
0.000670829
0.000649066
0.000634288
0.000624274
0.000617363
0.000612312
0.000608218
0.00060442
0.000600456
0.000596005
0.000590859
0.000584889
0.000578032
0.000570265
0.000561605
0.000552087
0.000541772
0.000530728
0.00051904
0.000506795
0.000494089
0.000481019
0.000467682
0.000454169
0.000440566
0.000426944
0.00041336
0.000399852
0.000386443
0.000373137
0.000359926
0.000346795
0.000333728
0.000320706
0.000307721
0.000294767
0.000281847
0.000268967
0.000256136
0.000243357
0.000230635
0.000217967
0.000205348
0.000192766
0.000180213
0.00016768
0.000155161
0.000142653
0.000130157
0.000117677
0.000105216
9.27772e-05
8.03635e-05
6.7973e-05
5.56041e-05
4.3249e-05
3.09002e-05
1.8549e-05
6.18632e-06
-0.0283676
-0.0122513
-0.00183921
0.0036701
0.00595141
0.00642008
0.00600928
0.00525274
0.00442577
0.00365576
0.00299175
0.00244388
0.00200454
0.0016593
0.00139224
0.00118836
0.00103455
0.000919817
0.00083517
0.000773387
0.000728745
0.000696762
0.000673959
0.000657667
0.000645849
0.000636977
0.000629907
0.000623802
0.000618052
0.00061223
0.000606038
0.000599282
0.00059184
0.000583652
0.000574695
0.000564981
0.000554541
0.000543427
0.000531701
0.000519438
0.000506715
0.00049362
0.000480237
0.000466654
0.000452951
0.000439203
0.000425473
0.000411811
0.000398248
0.000384804
0.000371479
0.000358268
0.000345154
0.00033212
0.000319149
0.000306229
0.000293354
0.000280523
0.000267737
0.000255001
0.000242317
0.000229686
0.000217105
0.000204568
0.000192064
0.000179586
0.000167124
0.000154673
0.000142231
0.000129798
0.000117375
0.000104967
9.2576e-05
8.02039e-05
6.78494e-05
5.55104e-05
4.31805e-05
3.08528e-05
1.85207e-05
6.17687e-06
-0.0298934
-0.0164795
-0.00679369
-0.00080106
0.0024061
0.00380652
0.00416311
0.00398174
0.00356523
0.00308074
0.00261284
0.00219895
0.001851
0.00156803
0.00134332
0.00116809
0.00103343
0.00093124
0.000854493
0.00079735
0.000755058
0.000723825
0.00070067
0.000683281
0.000669884
0.000659138
0.000650042
0.000641855
0.000634044
0.000626229
0.000618147
0.000609626
0.00060056
0.000590893
0.000580604
0.000569703
0.000558217
0.000546191
0.000533678
0.000520743
0.000507456
0.000493891
0.000480124
0.000466229
0.000452277
0.000438332
0.000424447
0.000410663
0.000397007
0.000383492
0.000370118
0.000356876
0.000343751
0.000330725
0.000317779
0.000304902
0.000292084
0.00027932
0.000266609
0.000253952
0.000241347
0.000228794
0.000216288
0.000203822
0.000191387
0.000178975
0.000166577
0.000154189
0.000141808
0.000129433
0.000117065
0.000104709
9.23643e-05
8.00333e-05
6.77148e-05
5.54064e-05
4.3103e-05
3.07984e-05
1.84879e-05
6.16573e-06
-0.0299763
-0.0189862
-0.0103476
-0.00438815
-0.000697535
0.00134445
0.00231072
0.00263442
0.00260753
0.00241181
0.00215311
0.00188876
0.00164687
0.00143874
0.00126656
0.00112794
0.00101855
0.00093348
0.00086803
0.000818004
0.000779841
0.00075061
0.000727962
0.000710044
0.000695424
0.000683009
0.000671981
0.000661733
0.000651827
0.000641951
0.000631891
0.000621505
0.000610709
0.000599456
0.000587731
0.000575543
0.000562916
0.000549887
0.000536504
0.000522822
0.000508899
0.0004948
0.000480589
0.000466328
0.000452078
0.000437891
0.000423809
0.000409867
0.000396084
0.000382469
0.000369018
0.000355722
0.000342562
0.000329522
0.000316582
0.000303727
0.000290947
0.000278232
0.000265579
0.000252985
0.000240446
0.000227958
0.000215516
0.000203112
0.000190738
0.000178385
0.000166045
0.000153714
0.000141389
0.000129068
0.000116753
0.000104445
9.21457e-05
7.98549e-05
6.7572e-05
5.52946e-05
4.30187e-05
3.07388e-05
1.84518e-05
6.15343e-06
-0.0292818
-0.0203355
-0.0128107
-0.00717274
-0.00331188
-0.000873042
0.000544144
0.00128402
0.00160467
0.00168326
0.00163382
0.00152574
0.0013989
0.00127462
0.00116301
0.00106776
0.00098905
0.000925366
0.000874482
0.000834039
0.000801833
0.000775939
0.000754752
0.000736974
0.000721585
0.000707797
0.000695017
0.000682804
0.000670841
0.000658901
0.000646833
0.000634535
0.000621949
0.000609045
0.000595817
0.000582275
0.000568441
0.000554348
0.000540035
0.000525548
0.000510937
0.000496254
0.000481552
0.000466883
0.000452294
0.000437828
0.000423517
0.000409387
0.00039545
0.00038171
0.000368161
0.000354789
0.000341577
0.000328504
0.000315551
0.000302702
0.000289942
0.000277261
0.000264651
0.000252105
0.000239619
0.000227185
0.000214797
0.000202447
0.000190125
0.000177824
0.000165536
0.000153257
0.000140983
0.000128712
0.000116445
0.000104183
9.19258e-05
7.96735e-05
6.74252e-05
5.51786e-05
4.29304e-05
3.06761e-05
1.84137e-05
6.14044e-06
-0.0282116
-0.0209323
-0.0144596
-0.00928007
-0.00545249
-0.00280497
-0.00107762
-1.31033e-05
0.000602295
0.000928785
0.00107838
0.00112536
0.00111687
0.00108153
0.00103593
0.000989081
0.000945426
0.000906729
0.000873294
0.000844689
0.000820169
0.000798915
0.000780156
0.000763225
0.000747573
0.000732766
0.000718475
0.000704455
0.000690531
0.000676581
0.000662526
0.000648315
0.000633924
0.000619346
0.000604583
0.000589652
0.000574575
0.00055938
0.000544101
0.000528774
0.00051344
0.000498139
0.000482915
0.000467806
0.000452849
0.000438077
0.000423512
0.00040917
0.000395059
0.000381175
0.00036751
0.000354048
0.000340767
0.000327648
0.000314669
0.000301811
0.000289058
0.000276396
0.000263816
0.000251307
0.000238863
0.000226473
0.00021413
0.000201825
0.000189549
0.000177294
0.000165053
0.00015282
0.000140592
0.000128367
0.000116145
0.000103925
9.17079e-05
7.94921e-05
6.7277e-05
5.50605e-05
4.284e-05
3.06117e-05
1.83744e-05
6.12706e-06
-0.027003
-0.0210576
-0.0155197
-0.0108415
-0.00716775
-0.00444608
-0.00252328
-0.00121826
-0.000363358
0.000178194
0.000509493
0.000704046
0.000812138
0.000867039
0.00089014
0.000894832
0.000889271
0.000878274
0.000864589
0.000849702
0.00083437
0.00081893
0.000803506
0.000788108
0.000772708
0.000757265
0.000741744
0.00072612
0.000710379
0.000694519
0.000678544
0.000662464
0.000646295
0.000630055
0.000613763
0.000597441
0.000581113
0.000564806
0.000548546
0.000532364
0.000516289
0.000500353
0.000484588
0.000469021
0.000453678
0.000438582
0.000423746
0.000409177
0.000394877
0.000380837
0.000367044
0.000353479
0.00034012
0.000326943
0.000313926
0.000301048
0.00028829
0.000275637
0.000263076
0.000250593
0.00023818
0.000225825
0.000213519
0.000201253
0.000189016
0.000176801
0.000164601
0.000152409
0.000140223
0.00012804
0.000115858
0.000103677
9.14963e-05
7.93147e-05
6.71311e-05
5.49434e-05
4.27498e-05
3.05471e-05
1.8335e-05
6.11367e-06
-0.0257923
-0.0209021
-0.0161648
-0.0119767
-0.00851874
-0.00581255
-0.00378195
-0.00230802
-0.00126582
-0.000544031
-5.24286e-05
0.000277724
0.000496596
0.000639691
0.000731573
0.000788956
0.000823086
0.000841469
0.000849105
0.000849318
0.000844338
0.000835671
0.000824351
0.0008111
0.000796436
0.000780734
0.000764276
0.000747274
0.000729894
0.000712259
0.000694471
0.000676604
0.00065872
0.000640866
0.000623081
0.000605396
0.000587838
0.000570432
0.000553202
0.000536168
0.000519354
0.000502781
0.00048647
0.000470439
0.000454704
0.000439275
0.00042416
0.000409356
0.000394859
0.000380656
0.000366727
0.000353053
0.000339607
0.000326365
0.000313303
0.000300396
0.000287626
0.000274972
0.00026242
0.000249956
0.000237566
0.000225238
0.000212963
0.000200728
0.000188526
0.000176345
0.000164181
0.000152026
0.000139877
0.000127731
0.000115586
0.00010344
9.12935e-05
7.91435e-05
6.69893e-05
5.48291e-05
4.26614e-05
3.04836e-05
1.82963e-05
6.1005e-06
-0.0246543
-0.0205929
-0.0165252
-0.012787
-0.00956769
-0.0069318
-0.00485644
-0.00327106
-0.00208755
-0.00121919
-0.000590259
-0.000139201
0.000181684
0.000408195
0.000566621
0.000675992
0.00074997
0.000798325
0.000828052
0.000844167
0.000850296
0.000849077
0.000842447
0.000831839
0.000818325
0.000802709
0.000785601
0.000767461
0.000748637
0.000729393
0.000709928
0.000690388
0.000670885
0.000651498
0.000632287
0.000613294
0.000594552
0.000576085
0.000557914
0.000540053
0.000522518
0.000505322
0.000488475
0.000471986
0.000455861
0.000440102
0.000424707
0.000409668
0.000394973
0.000380603
0.000366537
0.00035275
0.000339214
0.000325903
0.00031279
0.00029985
0.00028706
0.000274399
0.000261849
0.000249395
0.000237021
0.000224715
0.000212463
0.000200255
0.000188081
0.000175931
0.000163798
0.000151675
0.000139559
0.000127446
0.000115333
0.000103219
9.1103e-05
7.89818e-05
6.68547e-05
5.472e-05
4.25766e-05
3.04226e-05
1.82591e-05
6.08787e-06
-0.0236276
-0.020214
-0.0166963
-0.0133546
-0.0103718
-0.00783529
-0.00575769
-0.00410462
-0.0028182
-0.00183386
-0.00109031
-0.000534312
-0.00012212
0.000180958
0.000401768
0.000560766
0.000673391
0.000751238
0.000802999
0.000835196
0.000852735
0.000859313
0.00085773
0.000850108
0.000838063
0.000822823
0.000805324
0.000786275
0.000766213
0.00074554
0.000724558
0.000703486
0.000682486
0.000661674
0.00064113
0.000620911
0.000601054
0.000581587
0.000562525
0.000543879
0.000525659
0.000507867
0.000490506
0.000473577
0.000457077
0.000440998
0.000425332
0.000410064
0.000395174
0.000380642
0.000366441
0.000352542
0.000338917
0.000325535
0.00031237
0.000299392
0.000286578
0.000273905
0.000261353
0.000248904
0.000236541
0.000224251
0.000212018
0.000199832
0.000187681
0.000175557
0.00016345
0.000151356
0.000139269
0.000127184
0.000115101
0.000103016
9.09264e-05
7.88312e-05
6.67289e-05
5.46176e-05
4.24966e-05
3.03649e-05
1.82239e-05
6.07597e-06
-0.0227299
-0.0198195
-0.016747
-0.013744
-0.0109806
-0.00855438
-0.00650075
-0.00481158
-0.00345292
-0.00237911
-0.0015422
-0.000897422
-0.000405696
-3.43443e-05
0.000243185
0.000448053
0.000596915
0.00070277
0.000775711
0.000823553
0.000852333
0.000866711
0.000870283
0.000865816
0.000855442
0.000840795
0.000823124
0.00080338
0.000782283
0.000760372
0.000738049
0.000715605
0.000693256
0.000671149
0.000649391
0.000628049
0.00060717
0.000586781
0.000566897
0.000547526
0.00052867
0.000510324
0.000492486
0.000475145
0.000458293
0.000441914
0.000425992
0.000410507
0.000395434
0.000380747
0.000366417
0.000352411
0.0003387
0.00032525
0.000312032
0.000299016
0.000286176
0.000273488
0.00026093
0.000248482
0.000236126
0.000223847
0.000211629
0.00019946
0.000187329
0.000175226
0.000163142
0.000151072
0.00013901
0.000126951
0.000114892
0.000102832
9.07665e-05
7.86944e-05
6.6614e-05
5.45237e-05
4.24231e-05
3.03116e-05
1.81914e-05
6.06506e-06
-0.021967
-0.0194446
-0.0167266
-0.0140051
-0.0114353
-0.00911776
-0.00710185
-0.00539801
-0.00399062
-0.0028495
-0.00193839
-0.00122043
-0.000661357
-0.000230941
9.65222e-05
0.000342373
0.000524025
0.000655511
0.000748039
0.000810494
0.000849886
0.000871718
0.000880296
0.000878971
0.000870344
0.000856421
0.000838746
0.000818493
0.000796555
0.000773598
0.000750119
0.000726481
0.000702946
0.000679697
0.000656861
0.000634521
0.00061273
0.000591517
0.000570898
0.000550875
0.000531446
0.000512602
0.000494331
0.000476618
0.000459446
0.000442794
0.000426639
0.000410956
0.000395715
0.000380887
0.000366438
0.000352334
0.000338543
0.000325029
0.000311761
0.000298708
0.000285843
0.000273139
0.000260573
0.000248123
0.000235771
0.000223499
0.000211293
0.000199138
0.000187023
0.000174938
0.000162874
0.000150823
0.000138782
0.000126745
0.000114708
0.000102669
9.06245e-05
7.85724e-05
6.65113e-05
5.44395e-05
4.2357e-05
3.02635e-05
1.81621e-05
6.05528e-06
-0.0213389
-0.0191113
-0.0166699
-0.0141755
-0.0117691
-0.00955029
-0.00757668
-0.00587143
-0.00443259
-0.0032422
-0.00227369
-0.00149718
-0.000882885
-0.000403117
-3.32852e-05
0.000247788
0.000457934
0.000611911
0.000721776
0.000797277
0.000846227
0.000874839
0.000888027
0.000889648
0.000882716
0.000869565
0.000851999
0.000831392
0.00080879
0.000784977
0.000760536
0.000735891
0.000711349
0.000687125
0.000663367
0.000640169
0.000617593
0.000595669
0.000574414
0.000553827
0.000533902
0.000514624
0.000495978
0.00047794
0.000460489
0.000443598
0.000427239
0.000411382
0.000395994
0.000381041
0.000366487
0.000352296
0.000338433
0.000324862
0.00031155
0.000298464
0.000285574
0.000272854
0.000260279
0.000247827
0.000235476
0.00022321
0.000211012
0.000198867
0.000186765
0.000174694
0.000162646
0.000150613
0.000138589
0.00012657
0.000114551
0.000102529
9.05025e-05
7.84674e-05
6.64226e-05
5.43666e-05
4.22996e-05
3.02216e-05
1.81367e-05
6.0468e-06
-0.0208426
-0.0188333
-0.0166012
-0.0142831
-0.0120078
-0.00987247
-0.00793914
-0.00623946
-0.00478132
-0.00355603
-0.00254468
-0.00172311
-0.0010654
-0.000546204
-0.000142081
0.000167808
0.000401479
0.000574175
0.000698577
0.000785091
0.000842165
0.000876585
0.000893761
0.000897965
0.000892554
0.000880139
0.000862738
0.000841898
0.000818795
0.00079431
0.000769099
0.000743642
0.000718284
0.000693266
0.000668753
0.000644853
0.000621632
0.000599124
0.000577345
0.000556293
0.000535958
0.000516322
0.000497364
0.000479057
0.000461374
0.000444284
0.000427756
0.000411753
0.000396242
0.000381185
0.000366544
0.00035228
0.000338358
0.000324738
0.000311388
0.000298273
0.000285362
0.000272628
0.000260045
0.000247588
0.000235238
0.000222975
0.000210783
0.000198647
0.000186555
0.000174496
0.00016246
0.00015044
0.00013843
0.000126425
0.000114421
0.000102414
9.04017e-05
7.83803e-05
6.6349e-05
5.43062e-05
4.2252e-05
3.0187e-05
1.81155e-05
6.03973e-06
-0.020474
-0.0186191
-0.0165372
-0.0143479
-0.0121709
-0.0101004
-0.00820076
-0.00650898
-0.00503971
-0.00379088
-0.00274924
-0.00189499
-0.00120525
-0.00065658
-0.000226556
0.000105285
0.00035701
0.000544161
0.000679852
0.000774967
0.000838419
0.000877426
0.000897773
0.000904053
0.000899884
0.000888092
0.000870866
0.000849883
0.000826421
0.000801441
0.000775656
0.000749587
0.00072361
0.000697989
0.000672901
0.000648465
0.00062475
0.000601795
0.000579614
0.000558205
0.000537555
0.000517644
0.000498445
0.000479931
0.000462069
0.000444826
0.000428166
0.000412051
0.000396445
0.000381307
0.000366597
0.000352277
0.000338308
0.000324651
0.00031127
0.000298132
0.000285205
0.000272459
0.000259869
0.000247409
0.000235058
0.000222797
0.00021061
0.00019848
0.000186395
0.000174344
0.000162317
0.000150307
0.000138308
0.000126314
0.000114321
0.000102325
9.03236e-05
7.83128e-05
6.62918e-05
5.42593e-05
4.22154e-05
3.01605e-05
1.80992e-05
6.03415e-06
-0.0202287
-0.0184736
-0.0164889
-0.0143838
-0.0122723
-0.010246
-0.00837032
-0.0066855
-0.00521035
-0.00394708
-0.00288614
-0.00201066
-0.00129984
-0.000731594
-0.000284235
6.23914e-05
0.000326338
0.00052332
0.000666721
0.000767732
0.000835574
0.000877751
0.0009003
0.000908031
0.000904741
0.0008934
0.000876314
0.000855252
0.000831562
0.000806256
0.000780089
0.000753611
0.000727219
0.000701191
0.000675717
0.000650918
0.00062687
0.000603612
0.000581159
0.000559508
0.000538645
0.000518546
0.000499185
0.00048053
0.000462546
0.000445198
0.000428449
0.000412258
0.000396586
0.000381392
0.000366637
0.000352278
0.000338276
0.000324593
0.000311192
0.000298038
0.000285099
0.000272344
0.000259749
0.000247286
0.000234935
0.000222675
0.00021049
0.000198364
0.000186284
0.000174238
0.000162218
0.000150215
0.000138224
0.000126237
0.000114252
0.000102264
9.02691e-05
7.82657e-05
6.62519e-05
5.42266e-05
4.21901e-05
3.01426e-05
1.80881e-05
6.03006e-06
-0.0201049
-0.0184
-0.0164633
-0.0143996
-0.0123207
-0.0103169
-0.00845369
-0.00677283
-0.0052952
-0.00402506
-0.00295474
-0.00206881
-0.00134754
-0.00076953
-0.000313486
4.05747e-05
0.000310686
0.000512642
0.000659953
0.000763961
0.00083404
0.000877836
0.000901513
0.000909991
0.000907156
0.000896053
0.000879046
0.00085795
0.000834148
0.000808681
0.000782324
0.000755642
0.000729042
0.000702809
0.00067714
0.000652159
0.000627943
0.000604532
0.000581942
0.000560168
0.000539197
0.000519004
0.00049956
0.000480834
0.000462789
0.000445388
0.000428592
0.000412362
0.000396658
0.000381436
0.000366656
0.000352277
0.000338259
0.000324563
0.000311151
0.000297988
0.000285043
0.000272284
0.000259685
0.000247221
0.000234869
0.00022261
0.000210426
0.000198302
0.000186224
0.000174182
0.000162165
0.000150165
0.000138177
0.000126195
0.000114214
0.00010223
9.02392e-05
7.82398e-05
6.623e-05
5.42087e-05
4.21762e-05
3.01331e-05
1.80819e-05
6.02743e-06
-0.158572
-0.154069
-0.145167
-0.132187
-0.115596
-0.0959756
-0.0739759
-0.050298
-0.0259393
-0.0037116
-0.12265
-0.120121
-0.115095
-0.107672
-0.0979875
-0.0862225
-0.0726402
-0.0577563
-0.0424228
-0.0278821
-0.0982854
-0.0968044
-0.0938336
-0.0893685
-0.0834206
-0.0760663
-0.0675183
-0.0581696
-0.048434
-0.0385614
-0.0808015
-0.0798202
-0.0778573
-0.0749239
-0.0710576
-0.0663506
-0.060957
-0.055048
-0.0487181
-0.0419283
-0.0677261
-0.0670416
-0.0656933
-0.0637181
-0.0611699
-0.058119
-0.0546376
-0.0507707
-0.0465199
-0.0417931
-0.0577719
-0.0572922
-0.0563624
-0.0550204
-0.0533098
-0.0512725
-0.0489377
-0.0463131
-0.043387
-0.0400513
-0.0501111
-0.0497726
-0.0491246
-0.0481951
-0.0470128
-0.0456018
-0.0439755
-0.0421347
-0.04007
-0.0376725
-0.04415
-0.0439053
-0.0434419
-0.0427784
-0.0419326
-0.0409187
-0.0397449
-0.0384123
-0.036915
-0.0351529
-0.039457
-0.0392742
-0.0389313
-0.0384406
-0.037813
-0.0370578
-0.036181
-0.0351846
-0.0340653
-0.0327369
-0.0357233
-0.0355813
-0.0353178
-0.0349413
-0.0344589
-0.0338766
-0.0331993
-0.0324295
-0.0315654
-0.0305362
-0.0327276
-0.0326135
-0.0324036
-0.0321044
-0.0317205
-0.0312563
-0.0307156
-0.030101
-0.029412
-0.0285918
-0.0303111
-0.0302161
-0.0300432
-0.0297975
-0.0294821
-0.0291003
-0.0286551
-0.0281488
-0.0275814
-0.0269088
-0.0283581
-0.0282769
-0.0281302
-0.0279221
-0.0276552
-0.0273316
-0.026954
-0.0265242
-0.0260428
-0.0254757
-0.0267837
-0.0267123
-0.0265843
-0.0264033
-0.0261712
-0.0258895
-0.0255605
-0.0251854
-0.024765
-0.024274
-0.0255249
-0.0254607
-0.0253462
-0.0251849
-0.0249779
-0.0247265
-0.0244323
-0.0240966
-0.0237201
-0.0232843
-0.0245349
-0.0244758
-0.0243711
-0.024224
-0.0240354
-0.023806
-0.023537
-0.0232295
-0.0228842
-0.022488
-0.0237792
-0.0237237
-0.023626
-0.0234893
-0.0233139
-0.0231002
-0.0228491
-0.0225614
-0.0222382
-0.0218701
-0.0232326
-0.0231793
-0.0230864
-0.0229571
-0.0227914
-0.0225889
-0.0223504
-0.0220762
-0.0217675
-0.0214178
-0.0228774
-0.0228251
-0.0227352
-0.0226114
-0.0224529
-0.0222584
-0.0220283
-0.0217628
-0.0214621
-0.021122
-0.0227024
-0.0226494
-0.022561
-0.0224418
-0.0222889
-0.0220995
-0.0218742
-0.0216128
-0.0213146
-0.0209763
0.0176656
0.0180243
0.0177428
0.0159331
0.0113405
0.00208772
-0.0146058
-0.0420195
-0.0807539
-0.117432
-0.010205
-0.0137189
-0.0186174
-0.0258582
-0.0367218
-0.0530323
-0.0772062
-0.111591
-0.15528
-0.19429
-0.0404364
-0.0475871
-0.0569983
-0.0694497
-0.0861918
-0.108923
-0.139668
-0.179958
-0.227758
-0.268866
-0.0714134
-0.0821315
-0.0957275
-0.11295
-0.134995
-0.163394
-0.199787
-0.245004
-0.296127
-0.338756
-0.101722
-0.115725
-0.133043
-0.154466
-0.181128
-0.214383
-0.255517
-0.304776
-0.358551
-0.402341
-0.129839
-0.146703
-0.16721
-0.192196
-0.222732
-0.260013
-0.305022
-0.357533
-0.413421
-0.458144
-0.154302
-0.173524
-0.196641
-0.224513
-0.258158
-0.29864
-0.346702
-0.40177
-0.459352
-0.504888
-0.173844
-0.194873
-0.219982
-0.250038
-0.286019
-0.32889
-0.379225
-0.436217
-0.495174
-0.541575
-0.187472
-0.20972
-0.236174
-0.267695
-0.305234
-0.349692
-0.401541
-0.45985
-0.519904
-0.567573
-0.194499
-0.217362
-0.244492
-0.276749
-0.315067
-0.360321
-0.412938
-0.471949
-0.532706
-0.581488
0.0870069
0.0989941
0.114508
0.133946
0.158501
0.189714
0.229432
0.279265
0.337808
0.386418
0.0889022
0.101144
0.11702
0.136933
0.162084
0.194023
0.234572
0.285065
0.342318
0.383614
0.0919677
0.104597
0.121017
0.141592
0.167476
0.200109
0.240956
0.290104
0.34029
0.366777
0.0949261
0.10788
0.124728
0.145704
0.171793
0.204091
0.243227
0.28722
0.325002
0.335048
0.0962266
0.109229
0.126084
0.146757
0.171937
0.20216
0.236916
0.272133
0.295034
0.291141
0.0943809
0.106997
0.123185
0.142534
0.165372
0.19158
0.219521
0.243683
0.251796
0.237248
0.0882931
0.100001
0.114652
0.131503
0.150543
0.171033
0.190471
0.202772
0.197627
0.175234
0.0774681
0.0876481
0.0997387
0.112942
0.126948
0.140511
0.150616
0.151348
0.135004
0.106946
0.0619943
0.0697785
0.0782643
0.0868959
0.0950183
0.101005
0.10167
0.0917795
0.0663057
0.0343697
0.0416193
0.0461596
0.0505098
0.0540881
0.0559147
0.0541778
0.0458104
0.0265278
-0.00625307
-0.0407694
0.00583602
0.00553913
0.00432643
0.00342967
0.00313059
0.00312466
0.00329805
0.0036194
0.00409399
0.00474831
0.00562803
0.0068032
0.0083798
0.0105189
0.0134654
0.0175913
0.0234826
0.0321773
0.0458256
0.066518
0.00571352
0.005428
0.00426902
0.00341272
0.00312973
0.00312973
0.00330643
0.00363139
0.00411096
0.00477215
0.00566115
0.00684854
0.00844097
0.0106009
0.0135775
0.0177553
0.0237451
0.0326184
0.0465175
0.0677539
0.0054732
0.00520996
0.00415699
0.00337962
0.00312731
0.00313858
0.00332179
0.00365396
0.00414343
0.00481833
0.00572585
0.00693775
0.00856212
0.010764
0.0137999
0.0180762
0.02425
0.0334519
0.0477926
0.0699264
0.00512632
0.00489561
0.00399756
0.00333332
0.00312338
0.00315018
0.00334278
0.0036856
0.00418972
0.00488486
0.00581984
0.0070684
0.00874106
0.0110065
0.0141302
0.0185439
0.0249622
0.0345855
0.0494418
0.0724678
0.00468975
0.00450063
0.00380097
0.00327769
0.00311773
0.00316296
0.00336747
0.00372415
0.00424726
0.00496862
0.00593936
0.0072361
0.00897304
0.0113238
0.0145625
0.019143
0.0258325
0.0358862
0.0511641
0.0745975
0.00418585
0.00404561
0.00357974
0.00321666
0.00310962
0.00317488
0.0033935
0.00376686
0.00431271
0.00506538
0.00607896
0.00743392
0.0092495
0.0117055
0.0150839
0.0198508
0.0268001
0.0371872
0.0525859
0.0754124
0.0036425
0.00355603
0.00334765
0.00315333
0.00309758
0.00318361
0.00341822
0.00381061
0.00438206
0.00516985
0.00623156
0.00765233
0.00955751
0.0121343
0.0156713
0.0206331
0.0277918
0.0383008
0.0532979
0.0740229
0.00309324
0.00306228
0.00311811
0.00308877
0.00307932
0.00318672
0.00343898
0.00385203
0.00445082
0.00527592
0.00638878
0.00787961
0.00988033
0.0125857
0.0162886
0.0214376
0.0287198
0.0390388
0.0529143
0.0697191
0.00257761
0.00260013
0.00290188
0.00302072
0.00305205
0.00318201
0.0034532
0.00388761
0.00451412
0.00537683
0.00654125
0.0081026
0.0101988
0.0130305
0.0168895
0.022193
0.0294833
0.0392509
0.0511442
0.06208
0.00214194
0.00221171
0.00270368
0.00294247
0.00301331
0.00316788
0.00345861
0.00391395
0.00456713
0.00546602
0.00668026
0.00830988
0.0104979
0.0134476
0.0174429
0.0228534
0.030048
0.0389527
0.047947
0.0510499
0.00156716
0.00169571
0.00232557
0.00273437
0.00290333
0.00309868
0.00340715
0.00387119
0.00452998
0.00543386
0.00665238
0.00828193
0.0104544
0.0133443
0.017165
0.0221136
0.0281183
0.0339536
0.0356862
0.024833
0.00133481
0.00146799
0.00194709
0.00237423
0.00265367
0.0029176
0.00325528
0.0037219
0.00436262
0.00522626
0.00637242
0.00787485
0.00981966
0.012291
0.0153231
0.0187651
0.0219264
0.0228004
0.0169211
-0.00246297
0.0012667
0.00137928
0.00171343
0.00207999
0.00239107
0.00269318
0.00304814
0.00350639
0.00411059
0.00490184
0.00592245
0.00721319
0.00880073
0.0106654
0.0126677
0.0143917
0.0148444
0.011992
0.00239831
-0.0175215
0.00121853
0.00130812
0.00154384
0.00183947
0.00213509
0.00243953
0.00278758
0.00321599
0.00375737
0.00443939
0.00528214
0.00628965
0.0074301
0.00859563
0.00952721
0.0096857
0.00806406
0.00301015
-0.0076654
-0.025477
0.00114696
0.00121713
0.00138874
0.00162203
0.00188053
0.00215974
0.0024756
0.00284967
0.00330094
0.00384065
0.00446577
0.00514685
0.00580572
0.00627727
0.00624889
0.00517729
0.00220539
-0.00383919
-0.0141819
-0.0292211
0.00104152
0.00109597
0.00122353
0.00140443
0.00161685
0.00185239
0.00211502
0.00241299
0.00275137
0.00312525
0.00351118
0.00385411
0.00404675
0.00389913
0.0030985
0.00116866
-0.0025427
-0.00878721
-0.0181563
-0.0305072
0.000902687
0.000943961
0.0010382
0.00117371
0.00133647
0.00151687
0.00171116
0.00191701
0.0021274
0.00232377
0.00246733
0.00248707
0.00226336
0.00160725
0.00023929
-0.00222055
-0.00622828
-0.0122196
-0.0204049
-0.030415
0.000734679
0.000764214
0.000830636
0.000925014
0.00103679
0.0011555
0.0012722
0.00137662
0.00145241
0.00147103
0.00138414
0.00111396
0.000541863
-0.000503301
-0.00225206
-0.0049864
-0.0090008
-0.0145142
-0.0215242
-0.0295977
0.000543257
0.000561833
0.000603213
0.000659009
0.000719738
0.00077391
0.000808915
0.00080893
0.000751198
0.000601088
0.000306107
-0.000210924
-0.00105867
-0.00238184
-0.00435891
-0.00718566
-0.011035
-0.0159867
-0.02193
-0.0284462
0.000334851
0.000342921
0.000360846
0.00037992
0.000390545
0.000380155
0.000333612
0.000231522
4.74054e-05
-0.000255996
-0.000730952
-0.00144894
-0.00250368
-0.00401085
-0.00610089
-0.00890012
-0.0124955
-0.0168824
-0.0219034
-0.0271865
0.00011634
0.000114295
0.000109947
9.40834e-05
5.65604e-05
-1.61632e-05
-0.000140834
-0.000338782
-0.000637981
-0.00107558
-0.00170053
-0.00257559
-0.00377766
-0.0053946
-0.00751609
-0.0102156
-0.0135222
-0.017384
-0.0216308
-0.0259473
-0.00010529
-0.000116987
-0.000142369
-0.000191069
-0.000273851
-0.000404958
-0.000601969
-0.000886876
-0.00128746
-0.00183885
-0.00258475
-0.0035779
-0.0048786
-0.00655014
-0.00864946
-0.0112117
-0.0142286
-0.0176244
-0.0212339
-0.0247963
-0.000323049
-0.000343786
-0.000388734
-0.000467741
-0.000592054
-0.000776316
-0.00103832
-0.00139977
-0.00188712
-0.00253225
-0.00337277
-0.00445128
-0.00581297
-0.00750056
-0.00954578
-0.0119569
-0.0147028
-0.017698
-0.0207907
-0.0237679
-0.000530249
-0.000559251
-0.000621984
-0.000728304
-0.000889764
-0.0011211
-0.00143985
-0.00186682
-0.00242642
-0.00314676
-0.00405919
-0.00519689
-0.006592
-0.00827072
-0.010246
-0.0125079
-0.0150123
-0.0176717
-0.0203505
-0.0228752
-0.000720614
-0.000756948
-0.000835396
-0.00096565
-0.00115938
-0.0014312
-0.00179807
-0.00227955
-0.00289771
-0.00367682
-0.00464235
-0.00581922
-0.00722879
-0.00888444
-0.0107855
-0.0129101
-0.0152072
-0.0175919
-0.0199439
-0.0221215
-0.000888523
-0.000931124
-0.00102296
-0.00117345
-0.00139427
-0.00169973
-0.00210608
-0.00263149
-0.00329573
-0.00411947
-0.00512304
-0.00632445
-0.00773654
-0.00936304
-0.0111937
-0.013199
-0.0153249
-0.0174904
-0.0195892
-0.021504
-0.00102909
-0.00107679
-0.00117948
-0.0013463
-0.00158884
-0.00192106
-0.00235844
-0.00291785
-0.00361697
-0.00447341
-0.00550327
-0.00671911
-0.00812728
-0.00972451
-0.011494
-0.0134016
-0.0153921
-0.0173891
-0.0192974
-0.0210182
-0.0011383
-0.00118985
-0.00130071
-0.00147981
-0.00173864
-0.00209078
-0.00255105
-0.00313521
-0.00385927
-0.00473844
-0.00578557
-0.00700924
-0.00841115
-0.00998322
-0.0117044
-0.0135377
-0.015428
-0.0173026
-0.0190746
-0.0206584
-0.00121306
-0.00126718
-0.0013834
-0.00157066
-0.00184035
-0.00220569
-0.00268102
-0.0032813
-0.00402137
-0.00491479
-0.00597229
-0.00719977
-0.00859599
-0.0101499
-0.0118378
-0.0136212
-0.0154454
-0.0172403
-0.0189244
-0.0204202
-0.00125119
-0.00130658
-0.00142533
-0.00161664
-0.00189177
-0.0022637
-0.00274648
-0.0033547
-0.00410259
-0.00500287
-0.00606519
-0.00729417
-0.0086871
-0.0102315
-0.0119025
-0.013661
-0.0154523
-0.0172079
-0.0188486
-0.0203007
-0.0037335
-0.0259261
-0.0500953
-0.0736502
-0.0955941
-0.115212
-0.131843
-0.144896
-0.153895
-0.158512
-0.027948
-0.0424729
-0.0576797
-0.0725002
-0.0860746
-0.0978551
-0.107564
-0.115016
-0.120072
-0.122634
-0.0385175
-0.0484264
-0.0581217
-0.0674347
-0.0759753
-0.0833422
-0.0893125
-0.0938002
-0.0967875
-0.0982802
-0.0418095
-0.0486633
-0.0550215
-0.0609314
-0.0663216
-0.07103
-0.0749038
-0.0778459
-0.0798139
-0.0807991
-0.0416462
-0.0464452
-0.0507577
-0.0546525
-0.0581417
-0.0611919
-0.0637373
-0.0657081
-0.0670497
-0.0677283
-0.0399009
-0.0433097
-0.0463115
-0.0489789
-0.0513306
-0.0533694
-0.055073
-0.0564024
-0.0573156
-0.0577791
-0.0375321
-0.0399985
-0.0421405
-0.0440294
-0.0456779
-0.0470934
-0.048268
-0.0491814
-0.0498073
-0.0501224
-0.0350283
-0.036853
-0.0384238
-0.0398043
-0.041002
-0.0420219
-0.0428606
-0.0435069
-0.0439457
-0.0441634
-0.0326323
-0.0340153
-0.0352007
-0.0362417
-0.0371416
-0.0379031
-0.0385242
-0.0389981
-0.0393163
-0.0394711
-0.0304536
-0.0315291
-0.0324507
-0.0332601
-0.0339584
-0.0345466
-0.035023
-0.0353834
-0.0356228
-0.0357372
-0.028533
-0.0293911
-0.0301284
-0.0307765
-0.031335
-0.0318041
-0.0321821
-0.0324662
-0.0326532
-0.032741
-0.0268746
-0.0275768
-0.0281833
-0.0287169
-0.0291766
-0.0295619
-0.0298713
-0.0301027
-0.0302539
-0.0303238
-0.0254663
-0.0260552
-0.0265667
-0.0270176
-0.0274061
-0.0277314
-0.0279921
-0.0281862
-0.0283124
-0.0283701
-0.0242886
-0.0247944
-0.0252365
-0.0256268
-0.0259632
-0.0262449
-0.0264703
-0.0266378
-0.0267461
-0.026795
-0.0233215
-0.0237658
-0.0241566
-0.0245021
-0.0248002
-0.0250498
-0.0252495
-0.0253976
-0.0254931
-0.0255358
-0.0225456
-0.022945
-0.0232981
-0.0236106
-0.0238805
-0.0241066
-0.0242875
-0.0244216
-0.0245077
-0.0245456
-0.0219447
-0.0223119
-0.0226378
-0.0229264
-0.0231759
-0.023385
-0.0235523
-0.0236761
-0.0237554
-0.0237899
-0.0215054
-0.0218509
-0.0221584
-0.0224307
-0.022666
-0.0228632
-0.0230208
-0.0231375
-0.0232118
-0.0232435
-0.0212174
-0.0215501
-0.0218469
-0.0221094
-0.022336
-0.0225254
-0.0226766
-0.0227885
-0.0228594
-0.0228889
-0.0210751
-0.0214037
-0.0216963
-0.0219542
-0.022176
-0.022361
-0.0225083
-0.0226175
-0.0226868
-0.0227151
-0.118032
-0.194957
-0.26957
-0.339457
-0.403009
-0.458753
-0.505417
-0.542003
-0.567884
-0.581669
-0.0813213
-0.155921
-0.228445
-0.296812
-0.359202
-0.414016
-0.459868
-0.495591
-0.520204
-0.532878
-0.042563
-0.112209
-0.180622
-0.245673
-0.305417
-0.35812
-0.402278
-0.436625
-0.460141
-0.472111
-0.0151227
-0.0778065
-0.140322
-0.200451
-0.256155
-0.305605
-0.347205
-0.379626
-0.401823
-0.413089
0.00159105
-0.0536232
-0.109574
-0.164058
-0.215021
-0.260594
-0.299138
-0.329284
-0.349964
-0.360462
0.0108617
-0.0373101
-0.0868482
-0.135665
-0.181768
-0.22331
-0.25865
-0.286405
-0.305497
-0.315199
0.015475
-0.0264446
-0.0701116
-0.113624
-0.155105
-0.192768
-0.224995
-0.250413
-0.267949
-0.276871
0.01732
-0.0191924
-0.057657
-0.0963983
-0.133675
-0.167772
-0.197111
-0.220345
-0.236417
-0.244606
0.0176813
-0.0142528
-0.0482248
-0.0827859
-0.116342
-0.147251
-0.173982
-0.195226
-0.209956
-0.21747
0.017543
-0.0105431
-0.0409575
-0.072001
-0.1023
-0.130365
-0.154748
-0.17419
-0.187703
-0.194603
0.386425
0.383616
0.366754
0.334983
0.291024
0.237065
0.174971
0.106596
0.0339317
-0.0412916
0.337794
0.342306
0.340269
0.324955
0.294944
0.251646
0.197402
0.134693
0.0659033
-0.00674143
0.27924
0.285042
0.290081
0.287184
0.272068
0.24357
0.202592
0.151086
0.0914238
0.0260738
0.229409
0.234553
0.24094
0.243207
0.236876
0.219443
0.190336
0.150401
0.101359
0.0453933
0.189707
0.194021
0.200113
0.204096
0.202155
0.191548
0.17095
0.140352
0.100742
0.0537947
0.158521
0.162111
0.167513
0.171836
0.171979
0.165398
0.150527
0.126856
0.0948111
0.0555698
0.134007
0.137002
0.141671
0.145791
0.146849
0.142623
0.131564
0.11293
0.0867536
0.0537884
0.114629
0.117146
0.121144
0.124854
0.12621
0.123315
0.114777
0.0998098
0.0781888
0.0502655
0.099196
0.101337
0.104774
0.108029
0.109347
0.107099
0.100116
0.0877629
0.0697616
0.0459812
0.0874244
0.0893055
0.0923415
0.0952451
0.0964639
0.0945277
0.0883761
0.077522
0.0619419
0.0414538
0.0648862
0.0660799
0.0682073
0.0707541
0.0729938
0.0740655
0.0730992
0.0693697
0.06238
0.0519796
0.0424728
0.0431179
0.044323
0.0459208
0.0476648
0.0492397
0.0502857
0.0504424
0.0494047
0.0470837
0.0282398
0.0286404
0.0294056
0.0304697
0.0317364
0.0330815
0.0343588
0.0354134
0.0361121
0.0364603
0.0195987
0.0198304
0.0202822
0.0209347
0.0217601
0.0227216
0.0237715
0.0248469
0.0258735
0.0268351
0.0139783
0.014121
0.0144055
0.0148292
0.0153869
0.0160693
0.0168587
0.0177243
0.0186211
0.0195278
0.0101781
0.0102752
0.0104714
0.0107676
0.0111633
0.0116546
0.0122313
0.0128756
0.0135631
0.0142836
0.00753649
0.00760722
0.00775018
0.00796591
0.00825372
0.00861039
0.00902911
0.00949939
0.0100084
0.0105515
0.00565711
0.00570968
0.00581565
0.0059748
0.00618599
0.00644649
0.00675168
0.0070952
0.00746976
0.0078729
0.00429516
0.00433429
0.00441301
0.00453077
0.00468638
0.00487765
0.00510139
0.00535354
0.00562954
0.00592773
0.0032949
0.00332402
0.00338258
0.00346996
0.0035851
0.0037263
0.0038913
0.0040773
0.00428119
0.00450163
0.00255396
0.00257569
0.00261938
0.0026845
0.00277013
0.00287496
0.0029973
0.00313513
0.00328612
0.00344911
0.00200301
0.0020193
0.00205206
0.00210083
0.00216487
0.00224312
0.00233426
0.00243674
0.00254875
0.00266922
0.00159331
0.00160556
0.00163023
0.00166694
0.00171505
0.00177372
0.00184188
0.00191827
0.00200143
0.00209036
0.00128977
0.00129902
0.00131769
0.00134544
0.00138173
0.00142587
0.00147697
0.00153398
0.00159568
0.00166113
0.00106637
0.00107336
0.00108753
0.00110857
0.00113604
0.00116933
0.0012077
0.00125025
0.00129593
0.00134388
0.000903664
0.000908976
0.000919767
0.000935782
0.000956629
0.000981788
0.00101061
0.00104233
0.00107603
0.00111088
0.000786803
0.000790834
0.00079907
0.000811287
0.000827143
0.000846181
0.000867834
0.000891431
0.000916159
0.000941247
0.000704516
0.000707586
0.0007139
0.000723256
0.000735351
0.000749779
0.000766037
0.000783531
0.000801534
0.000819325
0.000648026
0.000650361
0.000655209
0.000662392
0.000671638
0.000682585
0.000694784
0.000707702
0.000720688
0.00073306
0.000610681
0.000612467
0.000616215
0.000621761
0.000628861
0.000637186
0.000646333
0.00065582
0.000665059
0.000673407
0.000587241
0.000588603
0.000591507
0.000595805
0.000601276
0.000607624
0.000614481
0.000621411
0.000627877
0.000633273
0.000573794
0.000574845
0.000577119
0.000580483
0.000584731
0.000589594
0.000594737
0.000599761
0.000604174
0.000607406
0.000567234
0.000568039
0.000569827
0.000572473
0.000575793
0.000579539
0.000583404
0.000587021
0.000589941
0.000591621
0.00056531
0.000565938
0.000567367
0.000569481
0.000572109
0.000575021
0.000577936
0.000580516
0.000582344
0.000582912
0.000566211
0.000566698
0.000567845
0.000569547
0.000571646
0.000573933
0.000576146
0.000577974
0.00057903
0.000578833
0.000568698
0.000569085
0.000570028
0.000571428
0.000573137
0.000574961
0.000576658
0.000577939
0.000578443
0.000577721
0.000571742
0.000572046
0.000572824
0.000573986
0.000575395
0.000576873
0.000578193
0.000579088
0.000579222
0.000578171
0.000574707
0.000574956
0.000575618
0.000576608
0.000577799
0.000579024
0.000580071
0.000580692
0.000580574
0.000579318
0.000577032
0.000577232
0.000577796
0.000578647
0.000579668
0.000580703
0.000581556
0.000581994
0.000581726
0.000580374
0.000578436
0.000578606
0.000579105
0.000579859
0.000580759
0.000581659
0.000582374
0.00058269
0.00058233
0.000580944
0.000578636
0.000578775
0.000579215
0.000579887
0.00058069
0.000581488
0.000582111
0.000582355
0.000581961
0.000580603
0.000577555
0.000577679
0.000578082
0.0005787
0.000579438
0.000580167
0.000580727
0.000580929
0.00058053
0.000579223
0.000575071
0.000575176
0.000575542
0.000576111
0.000576794
0.000577472
0.000577995
0.000578184
0.000577813
0.000576594
0.000571226
0.000571324
0.000571671
0.000572211
0.00057286
0.000573505
0.000574007
0.000574198
0.000573865
0.000572738
0.000565991
0.000566077
0.000566401
0.000566911
0.00056753
0.000568152
0.000568647
0.000568856
0.000568581
0.000567567
0.000559475
0.000559559
0.000559873
0.000560369
0.000560971
0.000561583
0.000562079
0.000562311
0.000562094
0.000561189
0.000551703
0.00055178
0.000552079
0.000552556
0.000553143
0.000553746
0.000554251
0.000554517
0.000554368
0.000553584
0.000542822
0.0005429
0.000543196
0.000543667
0.000544248
0.000544851
0.000545367
0.000545666
0.000545582
0.000544907
0.000532892
0.000532966
0.000533252
0.000533711
0.000534283
0.000534886
0.000535418
0.000535754
0.000535739
0.00053518
0.000522082
0.000522159
0.000522445
0.000522902
0.000523473
0.00052408
0.000524627
0.000524996
0.000525041
0.000524583
0.000510472
0.000510547
0.000510826
0.000511275
0.00051184
0.000512449
0.000513009
0.000513412
0.00051352
0.000513163
0.000498242
0.000498323
0.000498604
0.000499052
0.000499616
0.000500227
0.000500799
0.000501228
0.000501385
0.000501112
0.000485483
0.000485563
0.000485838
0.000486278
0.000486834
0.000487443
0.000488023
0.000488476
0.000488681
0.000488489
0.000472368
0.000472454
0.00047273
0.000473167
0.000473719
0.000474325
0.000474907
0.000475375
0.000475612
0.000475481
0.000458976
0.000459061
0.00045933
0.000459756
0.000460295
0.000460892
0.000461472
0.00046195
0.000462217
0.000462145
0.000445453
0.000445543
0.00044581
0.000446229
0.000446758
0.000447343
0.000447916
0.000448394
0.000448678
0.000448646
0.000431843
0.000431931
0.000432188
0.000432592
0.000433102
0.00043367
0.00043423
0.000434707
0.000435005
0.000435013
0.000418245
0.000418335
0.000418588
0.00041898
0.000419475
0.000420024
0.000420569
0.000421037
0.000421339
0.000421373
0.000404657
0.000404742
0.000404982
0.000405355
0.000405828
0.000406355
0.000406883
0.000407342
0.000407652
0.000407717
0.000391129
0.000391214
0.000391446
0.000391805
0.000392259
0.000392767
0.000393277
0.000393725
0.000394037
0.000394124
0.000377623
0.000377701
0.000377919
0.000378259
0.000378691
0.000379178
0.000379671
0.000380113
0.000380433
0.00038055
0.000364164
0.00036424
0.00036445
0.000364776
0.000365192
0.000365661
0.000366139
0.000366574
0.000366899
0.000367042
0.000350706
0.000350774
0.000350971
0.000351279
0.000351676
0.000352128
0.000352594
0.000353026
0.000353364
0.000353541
0.000337274
0.00033734
0.000337529
0.000337827
0.00033821
0.000338648
0.000339105
0.000339533
0.000339881
0.000340086
0.000323836
0.000323896
0.000324073
0.000324356
0.000324723
0.000325148
0.000325595
0.000326024
0.000326385
0.000326623
0.000310432
0.000310491
0.000310663
0.000310937
0.000311293
0.000311705
0.000312143
0.000312569
0.000312938
0.000313201
0.000297046
0.0002971
0.000297263
0.000297523
0.000297864
0.000298263
0.000298692
0.000299116
0.000299494
0.000299782
0.000283724
0.000283779
0.000283938
0.00028419
0.000284519
0.000284906
0.000285323
0.00028574
0.000286121
0.000286425
0.000270454
0.000270506
0.000270656
0.000270895
0.000271209
0.000271581
0.000271985
0.000272396
0.000272779
0.0002731
0.000257276
0.000257329
0.000257475
0.000257705
0.000258008
0.000258365
0.000258755
0.000259155
0.000259535
0.000259863
0.000244167
0.000244217
0.000244355
0.000244573
0.00024486
0.0002452
0.000245577
0.000245967
0.000246345
0.000246683
0.000231156
0.000231207
0.000231341
0.000231551
0.000231825
0.000232151
0.000232513
0.000232891
0.000233262
0.000233603
0.000218211
0.00021826
0.000218386
0.000218583
0.000218842
0.000219152
0.000219499
0.000219867
0.000220235
0.000220582
0.000205354
0.000205404
0.000205526
0.000205715
0.000205962
0.000206258
0.000206591
0.000206946
0.000207306
0.000207652
0.000192552
0.000192599
0.000192713
0.000192889
0.000193122
0.000193403
0.000193721
0.000194065
0.000194419
0.000194769
0.000179825
0.000179873
0.000179984
0.000180152
0.000180374
0.00018064
0.000180943
0.000181273
0.000181616
0.00018196
0.000167145
0.00016719
0.000167293
0.000167449
0.000167656
0.000167906
0.000168193
0.000168508
0.000168841
0.000169181
0.000154535
0.000154582
0.00015468
0.000154829
0.000155023
0.000155257
0.000155526
0.000155823
0.000156138
0.000156464
0.000141968
0.000142012
0.000142103
0.000142239
0.000142416
0.000142632
0.000142881
0.000143158
0.000143456
0.000143769
0.000129468
0.000129513
0.0001296
0.000129727
0.00012989
0.000130088
0.000130315
0.000130568
0.000130842
0.000131131
0.000117004
0.000117047
0.000117125
0.000117238
0.000117384
0.00011756
0.000117764
0.000117993
0.000118243
0.00011851
0.000104601
0.000104644
0.000104717
0.00010482
0.00010495
0.000105105
0.000105285
0.000105486
0.000105706
0.000105944
9.22223e-05
9.22614e-05
9.23252e-05
9.2413e-05
9.25237e-05
9.26566e-05
9.28107e-05
9.29852e-05
9.31789e-05
9.33902e-05
7.98898e-05
7.99274e-05
7.99853e-05
8.0062e-05
8.01564e-05
8.02682e-05
8.0397e-05
8.05428e-05
8.07055e-05
8.08849e-05
6.75641e-05
6.75966e-05
6.76437e-05
6.77049e-05
6.77801e-05
6.78696e-05
6.79739e-05
6.80938e-05
6.82302e-05
6.83835e-05
5.5268e-05
5.52978e-05
5.53383e-05
5.53887e-05
5.54486e-05
5.55186e-05
5.55997e-05
5.56932e-05
5.58007e-05
5.59238e-05
4.29688e-05
4.29922e-05
4.30218e-05
4.30576e-05
4.31001e-05
4.31503e-05
4.32096e-05
4.32799e-05
4.33635e-05
4.34625e-05
3.07048e-05
3.07238e-05
3.07463e-05
3.07718e-05
3.08002e-05
3.08325e-05
3.08702e-05
3.09155e-05
3.09709e-05
3.10391e-05
1.84536e-05
1.84627e-05
1.84718e-05
1.84809e-05
1.84906e-05
1.85022e-05
1.85174e-05
1.85385e-05
1.8568e-05
1.8609e-05
6.17628e-06
6.17754e-06
6.1784e-06
6.17857e-06
6.17823e-06
6.17795e-06
6.17867e-06
6.18158e-06
6.18812e-06
6.19975e-06
0.0266712
-0.000535546
-0.0159238
-0.02425
-0.02831
-0.0298426
-0.0299313
-0.0292413
-0.0281747
-0.026969
-0.0257607
-0.0246249
-0.0236002
-0.0227043
-0.021943
-0.0213158
-0.0208199
-0.0204513
-0.0202076
-0.0200869
0.0361441
0.0185405
0.00451383
-0.00550379
-0.0121976
-0.0164288
-0.0189385
-0.0202907
-0.0208902
-0.0210178
-0.0208642
-0.0205567
-0.020179
-0.0197855
-0.0194111
-0.0190777
-0.0187992
-0.0185841
-0.018438
-0.0183642
0.0326413
0.0229847
0.013243
0.00484228
-0.00179114
-0.00674614
-0.0103011
-0.0127654
-0.0144158
-0.0154772
-0.0161234
-0.0164846
-0.0166562
-0.0167071
-0.0166865
-0.0166291
-0.0165593
-0.0164938
-0.016444
-0.0164171
0.0257503
0.0208695
0.0149543
0.00903188
0.00370938
-0.000760662
-0.00434716
-0.00713155
-0.00923887
-0.0108003
-0.0119354
-0.0127453
-0.0133122
-0.0137008
-0.0139607
-0.0141298
-0.0142358
-0.0142991
-0.0143338
-0.0143489
0.0193581
0.0169983
0.0136378
0.00981362
0.00598114
0.00243792
-0.000664095
-0.00327712
-0.00541661
-0.00713075
-0.00848052
-0.00952806
-0.0103305
-0.0109375
-0.0113904
-0.0117223
-0.0119595
-0.0121215
-0.0122222
-0.0122704
0.0144015
0.0132699
0.0114089
0.00904354
0.00644117
0.00383009
0.00137016
-0.000845412
-0.00277557
-0.00441491
-0.00577957
-0.00689688
-0.00779832
-0.00851527
-0.00907656
-0.0095072
-0.00982791
-0.0100549
-0.0102001
-0.0102708
0.0107371
0.0101956
0.00917123
0.00773561
0.00602328
0.00417957
0.00232942
0.000564928
-0.00105486
-0.00249858
-0.00375532
-0.00482785
-0.00572714
-0.00646826
-0.00706754
-0.00754076
-0.00790194
-0.00816268
-0.00833173
-0.00841486
0.00805192
0.00779681
0.00723364
0.00636911
0.00526128
0.00399246
0.00264718
0.00129874
3.47817e-06
-0.00119986
-0.00228787
-0.0032492
-0.00408112
-0.00478653
-0.00537156
-0.00584377
-0.00621081
-0.00647955
-0.00665555
-0.00674255
0.0060791
0.00596513
0.00565752
0.00513958
0.0044302
0.00357143
0.00261543
0.00161422
0.000613435
-0.000350691
-0.00125171
-0.00207207
-0.00280145
-0.00343504
-0.00397174
-0.00441286
-0.00476089
-0.00501872
-0.00518891
-0.00527347
0.00462279
0.004579
0.00441456
0.00410705
0.00365708
0.00308337
0.00241574
0.00168847
0.00093523
0.000185821
-0.000535301
-0.00120944
-0.0018232
-0.00236766
-0.00283739
-0.00322954
-0.00354293
-0.0037774
-0.00393331
-0.00401106
0.00354345
0.0035345
0.00345119
0.00327219
0.00299064
0.0026126
0.00215375
0.00163536
0.00108079
0.000512739
-4.84149e-05
-0.000585553
-0.001085
-0.0015364
-0.0019322
-0.00226719
-0.00253794
-0.00274232
-0.00287904
-0.00294751
0.00274157
0.00274958
0.00271268
0.00261281
0.00244078
0.00219633
0.00188665
0.00152417
0.00112432
0.00070351
0.000277648
-0.000138872
-0.000533651
-0.000896501
-0.00121933
-0.00149596
-0.00172181
-0.00189362
-0.00200924
-0.00206731
0.00214536
0.00216127
0.00215111
0.00210033
0.0019998
0.00184639
0.00164244
0.00139469
0.00111287
0.000808355
0.000493001
0.000178243
-0.000125456
-0.000408975
-0.000664628
-0.000886187
-0.00106875
-0.00120865
-0.00130325
-0.00135093
0.0017027
0.00172188
0.0017271
0.00170691
0.00165319
0.00156175
0.00143235
0.00126817
0.00107502
0.000860494
0.000633099
0.000401542
0.00017422
-4.11917e-05
-0.000237921
-0.000410242
-0.000553476
-0.000663962
-0.00073906
-0.000776991
0.00137518
0.00139528
0.0014092
0.00140806
0.00138498
0.00133565
0.00125853
0.00115468
0.00102731
0.000881272
0.000722456
0.00055726
0.000392159
0.000233322
8.64052e-05
-4.36502e-05
-0.000152667
-0.000237332
-0.00029511
-0.000324405
0.00113435
0.00115414
0.00117274
0.00118331
0.00118015
0.00115926
0.00111857
0.00105787
0.000978725
0.00088404
0.000777748
0.000664387
0.000548778
0.000435696
0.000329665
0.000234757
0.000154491
9.17532e-05
4.87015e-05
2.6848e-05
0.000958755
0.000977613
0.000998458
0.00101599
0.00102558
0.00102369
0.00100808
0.000977909
0.000933659
0.000876918
0.000810179
0.000736539
0.000659464
0.000582519
0.000509195
0.000442709
0.000385921
0.000341178
0.000310351
0.000294624
0.000832267
0.000849853
0.000871395
0.000892777
0.000910257
0.000920767
0.000922153
0.00091324
0.000893852
0.000864692
0.000827223
0.000783454
0.00073578
0.000686768
0.000639013
0.000594971
0.000556858
0.000526563
0.000505521
0.000494782
0.000742521
0.000758677
0.000779948
0.000803121
0.000825168
0.000843481
0.000856063
0.000861616
0.00085958
0.000850076
0.000833841
0.000812083
0.000786373
0.000758477
0.000730255
0.000703505
0.0006799
0.000660851
0.000647532
0.000640669
0.000680161
0.000694793
0.000715166
0.00073875
0.000763085
0.000785965
0.000805592
0.000820654
0.000830384
0.00083453
0.00083333
0.000827415
0.000817736
0.000805442
0.000791798
0.00077807
0.000765454
0.000755012
0.00074755
0.000743704
0.000637946
0.000651039
0.000670128
0.000693207
0.00071827
0.000743452
0.000767158
0.000788127
0.000805493
0.000818778
0.000827886
0.000833038
0.000834731
0.000833644
0.000830584
0.000826388
0.000821886
0.00081779
0.00081474
0.000813101
0.000610429
0.000621974
0.000639537
0.000661505
0.000686229
0.000712135
0.000737813
0.000762088
0.000784064
0.000803134
0.000818986
0.000831562
0.000841031
0.000847728
0.000852111
0.000854689
0.000855986
0.000856495
0.000856584
0.000856587
0.000593366
0.000603406
0.000619317
0.000639794
0.000663472
0.000689015
0.000715189
0.000740912
0.000765303
0.000787693
0.000807637
0.000824889
0.000839395
0.000851236
0.000860617
0.000867798
0.000873084
0.000876743
0.000879063
0.000880167
0.000583621
0.000592192
0.000606389
0.000625143
0.000647315
0.000671767
0.000697416
0.000723281
0.000748519
0.000772443
0.000794534
0.00081443
0.000831923
0.000846925
0.000859454
0.000869591
0.000877463
0.000883224
0.00088697
0.000888847
0.000578737
0.000585914
0.000598403
0.000615321
0.000635711
0.000658602
0.000683044
0.000708154
0.000733142
0.00075733
0.000780167
0.000801224
0.000820195
0.000836876
0.000851159
0.000862997
0.000872403
0.000879393
0.00088405
0.000886358
0.000576956
0.000582802
0.000593614
0.000608656
0.000627118
0.000648165
0.000670966
0.000694728
0.000718721
0.000742294
0.000764892
0.000786055
0.000805422
0.000822715
0.000837743
0.000850373
0.000860526
0.000868173
0.000873262
0.000875835
0.000576889
0.000581499
0.000590707
0.000603897
0.000620381
0.000639441
0.000660347
0.000682391
0.000704905
0.000727277
0.000748967
0.000769505
0.000788504
0.000805646
0.000820689
0.000833443
0.000843781
0.000851595
0.000856861
0.000859491
0.000577597
0.000581047
0.000588733
0.000600132
0.000614654
0.000631679
0.000650567
0.000670687
0.000691433
0.000712237
0.000732585
0.000752017
0.000770139
0.000786617
0.000801179
0.000813608
0.000823731
0.000831439
0.00083661
0.000839235
0.000578323
0.000580719
0.000586988
0.000596689
0.000609316
0.000624332
0.000641174
0.000659285
0.000678114
0.000697144
0.00071589
0.000733915
0.000750833
0.000766305
0.000780053
0.000791839
0.000801486
0.000808833
0.000813812
0.000816307
0.000578608
0.000580034
0.000584992
0.000593103
0.000603931
0.00061701
0.000631846
0.000647945
0.000664813
0.000681978
0.000698994
0.000715451
0.000730979
0.000745251
0.000757987
0.00076895
0.000777946
0.000784837
0.000789478
0.000791841
0.000578064
0.000578629
0.000582396
0.000589043
0.000598192
0.000609442
0.000622358
0.000636503
0.000651435
0.000666731
0.000681979
0.000696802
0.000710852
0.000723817
0.000735429
0.000745454
0.000753709
0.000760025
0.000764322
0.000766477
0.000576512
0.000576301
0.000578989
0.000584298
0.000591901
0.000601448
0.000612559
0.000624848
0.000637922
0.0006514
0.00066491
0.000678106
0.000690666
0.0007023
0.000712755
0.000721809
0.000729274
0.000735018
0.000738895
0.000740874
0.000573776
0.000572896
0.000574626
0.000578731
0.000584928
0.000592914
0.000602355
0.000612912
0.000624237
0.000635989
0.000647833
0.000659454
0.000670559
0.000680881
0.000690182
0.000698255
0.000704933
0.000710059
0.000713558
0.000715313
0.000569834
0.000568367
0.000569249
0.000572278
0.000577209
0.000583778
0.000591693
0.000600658
0.000610363
0.000620505
0.000630785
0.00064092
0.000650644
0.000659712
0.000667908
0.000675042
0.000680949
0.00068551
0.000688592
0.00069017
0.000564634
0.000562677
0.000562826
0.000564909
0.000568714
0.000574013
0.000580552
0.000588071
0.000596296
0.00060496
0.000613795
0.000622549
0.00063098
0.00063887
0.000646021
0.000652258
0.000657438
0.000661424
0.000664156
0.000665524
0.000558238
0.000555867
0.000555383
0.000556639
0.000559452
0.000563624
0.000568934
0.000575154
0.000582043
0.000589366
0.000596886
0.000604376
0.000611623
0.00061843
0.000624618
0.000630031
0.00063453
0.000638018
0.000640376
0.000641588
0.000550664
0.000547967
0.000546953
0.0005475
0.00054945
0.000552634
0.000556857
0.000561923
0.00056762
0.000573741
0.000580075
0.000586423
0.000592594
0.000598412
0.000603717
0.000608368
0.000612248
0.000615241
0.000617301
0.00061833
0.000542022
0.000539063
0.000537607
0.00053755
0.000538757
0.000541082
0.000544356
0.000548407
0.00055305
0.000558104
0.000563383
0.00056871
0.000573918
0.00057885
0.000583364
0.000587334
0.000590649
0.00059323
0.000594976
0.000595877
0.00053237
0.000529224
0.000527414
0.000526855
0.000527431
0.000529019
0.000531472
0.00053464
0.000538361
0.000542476
0.000546823
0.000551247
0.000555598
0.000559738
0.000563541
0.000566896
0.000569709
0.000571886
0.000573392
0.000574142
0.000521845
0.000518561
0.000516469
0.000515497
0.000515546
0.000516508
0.000518257
0.000520663
0.000523585
0.000526884
0.000530417
0.000534048
0.000537647
0.000541092
0.000544271
0.000547088
0.000549452
0.000551304
0.000552556
0.000553206
0.000510527
0.000507165
0.000504863
0.000503561
0.000503175
0.000503614
0.000504768
0.000506524
0.000508759
0.000511352
0.000514179
0.00051712
0.00052006
0.000522893
0.000525522
0.00052786
0.000529833
0.000531365
0.000532433
0.000532962
0.000498567
0.000495162
0.000492704
0.000491143
0.000490404
0.00049041
0.000491065
0.000492271
0.000493921
0.00049591
0.000498129
0.000500475
0.000502847
0.000505152
0.000507306
0.000509232
0.00051086
0.000512144
0.000513012
0.000513468
0.000486054
0.000482651
0.000480091
0.000478334
0.000477316
0.00047697
0.000477211
0.000477956
0.000479112
0.000480587
0.000482286
0.00048412
0.000486001
0.000487847
0.000489585
0.000491148
0.00049248
0.000493519
0.00049425
0.00049461
0.000473141
0.000469759
0.000467136
0.000465234
0.000463997
0.000463366
0.000463267
0.000463629
0.00046437
0.00046541
0.000466669
0.000468067
0.000469528
0.000470983
0.000472367
0.000473623
0.000474695
0.000475551
0.000476129
0.000476436
0.000459913
0.000456581
0.000453932
0.00045193
0.000450525
0.000449668
0.000449293
0.000449337
0.000449731
0.000450406
0.000451291
0.000452317
0.00045342
0.000454537
0.000455614
0.0004566
0.000457453
0.000458123
0.000458602
0.000458834
0.000446503
0.000443231
0.000440577
0.000438507
0.000436977
0.00043594
0.00043534
0.000435124
0.000435229
0.000435597
0.000436167
0.000436879
0.000437678
0.00043851
0.000439328
0.000440089
0.00044075
0.000441288
0.000441649
0.000441846
0.000432972
0.000429779
0.000427143
0.000425035
0.000423412
0.000422235
0.000421454
0.000421023
0.000420889
0.000421
0.000421304
0.00042175
0.000422289
0.000422877
0.00042347
0.000424033
0.000424533
0.000424931
0.000425224
0.000425362
0.000419419
0.000416307
0.000413702
0.000411574
0.000409883
0.000408596
0.00040767
0.000407062
0.000406729
0.000406626
0.000406707
0.000406929
0.00040725
0.000407632
0.000408038
0.000408438
0.000408798
0.000409101
0.000409304
0.00040942
0.000405866
0.000402851
0.000400292
0.000398161
0.000396425
0.000395054
0.00039401
0.000393259
0.00039276
0.000392478
0.000392372
0.000392405
0.00039254
0.000392746
0.00039299
0.000393245
0.000393488
0.000393687
0.000393844
0.000393914
0.000392367
0.000389451
0.000386944
0.000384823
0.000383058
0.000381624
0.000380487
0.000379619
0.000378986
0.000378555
0.000378293
0.000378168
0.000378149
0.000378208
0.000378319
0.000378457
0.000378599
0.000378733
0.00037882
0.000378877
0.000378906
0.000376105
0.000373664
0.000371567
0.00036979
0.000368311
0.000367104
0.000366144
0.000365401
0.000364849
0.000364458
0.000364201
0.000364052
0.000363986
0.000363981
0.000364015
0.000364074
0.00036413
0.000364187
0.000364208
0.000365504
0.000362821
0.000360455
0.000358394
0.000356618
0.000355113
0.000353855
0.000352824
0.000351995
0.000351346
0.00035085
0.000350486
0.000350231
0.000350064
0.000349966
0.000349919
0.000349906
0.000349918
0.000349923
0.000349937
0.000352127
0.000349578
0.0003473
0.000345289
0.000343533
0.000342019
0.00034073
0.000339649
0.000338755
0.00033803
0.000337452
0.000337002
0.000336659
0.000336407
0.00033623
0.000336111
0.000336041
0.000335995
0.000335983
0.000335968
0.000338785
0.000336372
0.000334192
0.000332244
0.000330521
0.000329016
0.000327714
0.000326603
0.000325665
0.000324885
0.000324244
0.000323727
0.000323317
0.000323
0.000322762
0.00032259
0.00032247
0.000322398
0.000322346
0.000322331
0.000325447
0.000323184
0.000321114
0.000319244
0.000317572
0.000316092
0.000314796
0.000313673
0.000312709
0.000311892
0.000311207
0.00031064
0.000310178
0.000309808
0.00030952
0.000309301
0.000309144
0.000309031
0.000308972
0.000308934
0.000312134
0.000310019
0.000308066
0.000306286
0.000304676
0.000303238
0.000301963
0.000300845
0.000299873
0.000299036
0.000298323
0.000297723
0.000297225
0.000296818
0.000296494
0.000296243
0.000296056
0.00029593
0.000295841
0.000295806
0.000298831
0.00029687
0.000295044
0.000293364
0.000291831
0.000290447
0.000289208
0.00028811
0.000287143
0.000286302
0.000285575
0.000284955
0.000284432
0.000283998
0.000283646
0.000283368
0.00028316
0.000283006
0.000282916
0.000282863
0.000285569
0.000283758
0.000282059
0.000280484
0.000279036
0.000277717
0.000276525
0.000275459
0.000274511
0.000273677
0.000272949
0.000272321
0.000271786
0.000271338
0.00027097
0.000270677
0.000270451
0.000270294
0.000270183
0.000270136
0.000272345
0.000270684
0.000269116
0.000267652
0.000266294
0.000265048
0.000263912
0.000262886
0.000261967
0.00026115
0.000260431
0.000259805
0.000259265
0.000258808
0.000258429
0.000258123
0.000257889
0.000257713
0.000257607
0.000257546
0.000259192
0.000257672
0.000256231
0.000254876
0.000253611
0.000252441
0.000251366
0.000250387
0.000249503
0.000248712
0.00024801
0.000247393
0.000246858
0.000246402
0.000246021
0.000245712
0.000245471
0.000245299
0.000245177
0.000245124
0.000246102
0.000244723
0.000243406
0.00024216
0.000240987
0.000239895
0.000238884
0.000237957
0.000237113
0.000236353
0.000235673
0.000235071
0.000234546
0.000234094
0.000233714
0.000233402
0.00023316
0.000232976
0.000232864
0.000232799
0.000233098
0.00023185
0.000230651
0.000229507
0.000228425
0.000227409
0.000226462
0.000225589
0.000224788
0.000224062
0.000223409
0.000222828
0.000222318
0.000221877
0.000221504
0.000221198
0.000220956
0.000220781
0.000220657
0.000220602
0.000220161
0.000219043
0.000217957
0.000216914
0.000215918
0.000214977
0.000214094
0.000213275
0.00021252
0.000211831
0.000211208
0.00021065
0.000210158
0.000209729
0.000209365
0.000209063
0.000208825
0.000208643
0.000208531
0.000208466
0.000207303
0.000206304
0.000205324
0.000204374
0.000203461
0.000202592
0.000201772
0.000201007
0.000200298
0.000199648
0.000199057
0.000198526
0.000198056
0.000197644
0.000197293
0.000197002
0.000196769
0.0001966
0.000196478
0.000196424
0.000194495
0.000193614
0.000192737
0.000191876
0.000191042
0.000190244
0.000189486
0.000188775
0.000188113
0.000187503
0.000186947
0.000186444
0.000185996
0.000185602
0.000185265
0.000184983
0.000184758
0.000184585
0.000184477
0.000184415
0.000181745
0.00018097
0.000180188
0.000179412
0.000178654
0.000177923
0.000177227
0.000176569
0.000175955
0.000175387
0.000174866
0.000174393
0.000173971
0.0001736
0.00017328
0.000173012
0.000172796
0.000172637
0.000172522
0.000172471
0.000169027
0.000168353
0.000167662
0.000166968
0.000166285
0.000165621
0.000164985
0.000164382
0.000163815
0.000163289
0.000162805
0.000162364
0.000161968
0.000161618
0.000161315
0.000161059
0.000160855
0.000160695
0.000160595
0.000160536
0.00015635
0.000155765
0.000155156
0.00015454
0.000153928
0.00015333
0.000152753
0.000152204
0.000151687
0.000151203
0.000150757
0.00015035
0.000149983
0.000149657
0.000149374
0.000149136
0.000148942
0.000148798
0.000148693
0.000148646
0.000143694
0.000143192
0.000142661
0.000142119
0.000141577
0.000141044
0.000140527
0.000140032
0.000139563
0.000139124
0.000138716
0.000138342
0.000138004
0.000137702
0.000137439
0.000137215
0.000137034
0.000136891
0.000136803
0.000136749
0.000131076
0.000130641
0.000130181
0.000129708
0.000129232
0.000128761
0.000128302
0.000127861
0.000127441
0.000127045
0.000126678
0.000126339
0.000126031
0.000125756
0.000125516
0.000125311
0.000125143
0.000125018
0.000124925
0.000124884
0.000118476
0.000118105
0.000117711
0.000117303
0.000116891
0.00011648
0.000116078
0.000115689
0.000115317
0.000114966
0.000114638
0.000114334
0.000114057
0.000113808
0.000113589
0.000113402
0.000113249
0.000113128
0.000113052
0.000113005
0.000105915
0.000105595
0.000105258
0.000104909
0.000104555
0.000104201
0.000103852
0.000103514
0.00010319
0.000102882
0.000102593
0.000102326
0.000102082
0.000101862
0.000101669
0.000101504
0.000101368
0.000101266
0.000101189
0.000101156
9.33722e-05
9.31029e-05
9.2819e-05
9.25246e-05
9.22243e-05
9.1923e-05
9.16251e-05
9.13348e-05
9.10553e-05
9.07898e-05
9.05404e-05
9.0309e-05
9.00975e-05
8.99069e-05
8.97395e-05
8.95956e-05
8.94792e-05
8.9385e-05
8.93285e-05
8.9291e-05
8.08661e-05
8.06375e-05
8.03991e-05
8.01522e-05
7.98999e-05
7.96461e-05
7.93943e-05
7.91485e-05
7.89114e-05
7.86861e-05
7.84748e-05
7.82793e-05
7.81017e-05
7.79433e-05
7.78055e-05
7.76895e-05
7.75945e-05
7.75268e-05
7.74731e-05
7.7452e-05
6.83753e-05
6.81889e-05
6.79931e-05
6.77892e-05
6.75798e-05
6.73686e-05
6.71585e-05
6.69531e-05
6.67549e-05
6.65669e-05
6.63911e-05
6.62295e-05
6.60839e-05
6.59558e-05
6.58466e-05
6.57567e-05
6.56878e-05
6.56332e-05
6.56053e-05
6.55827e-05
5.5917e-05
5.57651e-05
5.56045e-05
5.54369e-05
5.52646e-05
5.50907e-05
5.49176e-05
5.47484e-05
5.45855e-05
5.44313e-05
5.42879e-05
5.41576e-05
5.40424e-05
5.39445e-05
5.3865e-05
5.38047e-05
5.37604e-05
5.37359e-05
5.3713e-05
5.37066e-05
4.3468e-05
4.33524e-05
4.32255e-05
4.30916e-05
4.29535e-05
4.28139e-05
4.2675e-05
4.25391e-05
4.24081e-05
4.22843e-05
4.21695e-05
4.20661e-05
4.19761e-05
4.19019e-05
4.18454e-05
4.18067e-05
4.1785e-05
4.17692e-05
4.17649e-05
4.17477e-05
3.10435e-05
3.09557e-05
3.08584e-05
3.07562e-05
3.06512e-05
3.05453e-05
3.04399e-05
3.03367e-05
3.02369e-05
3.01424e-05
3.00544e-05
2.99752e-05
2.99068e-05
2.98524e-05
2.98137e-05
2.97924e-05
2.97828e-05
2.97825e-05
2.97644e-05
2.97367e-05
1.8617e-05
1.8563e-05
1.85008e-05
1.84347e-05
1.83664e-05
1.82976e-05
1.82287e-05
1.81611e-05
1.80951e-05
1.80321e-05
1.79724e-05
1.79175e-05
1.78685e-05
1.78275e-05
1.77961e-05
1.77757e-05
1.77659e-05
1.77542e-05
1.7743e-05
1.76978e-05
6.20342e-06
6.18481e-06
6.16315e-06
6.13981e-06
6.11551e-06
6.09095e-06
6.06631e-06
6.04206e-06
6.01825e-06
5.99531e-06
5.97327e-06
5.95268e-06
5.93377e-06
5.91748e-06
5.90413e-06
5.8951e-06
5.88859e-06
5.88805e-06
5.87692e-06
5.85252e-06
-0.158598
-0.122672
-0.0983026
-0.0808146
-0.0677363
-0.0577802
-0.050118
-0.0441557
-0.039462
-0.035728
-0.0327326
-0.0303169
-0.028365
-0.0267919
-0.0255347
-0.0245463
-0.023792
-0.0232464
-0.0228922
-0.0227184
-0.154084
-0.120135
-0.0968124
-0.0798225
-0.0670413
-0.0572913
-0.0497715
-0.043904
-0.0392727
-0.0355801
-0.032613
-0.030217
-0.0282794
-0.0267168
-0.0254675
-0.024485
-0.0237353
-0.023193
-0.0228408
-0.0226669
-0.145172
-0.115103
-0.0938321
-0.0778488
-0.0656829
-0.0563526
-0.0491157
-0.0434335
-0.0389233
-0.0353107
-0.0323977
-0.0300393
-0.0281284
-0.0265853
-0.0253504
-0.0243787
-0.0236371
-0.0231007
-0.0227524
-0.0225803
-0.132184
-0.107672
-0.0893571
-0.0749057
-0.0636993
-0.0550034
-0.0481797
-0.0427642
-0.0384272
-0.0349293
-0.0320941
-0.0297898
-0.0279174
-0.0264022
-0.0251878
-0.0242314
-0.0235011
-0.0229732
-0.022631
-0.0224636
-0.115586
-0.097978
-0.0833977
-0.0710297
-0.0611432
-0.0532861
-0.0469913
-0.0419127
-0.0377946
-0.0344423
-0.0317063
-0.0294711
-0.0276479
-0.0261683
-0.0249801
-0.024043
-0.0233271
-0.0228098
-0.0224751
-0.0223134
-0.0959579
-0.0861987
-0.0760297
-0.0663127
-0.0580845
-0.0512417
-0.0455738
-0.0408928
-0.037034
-0.0338552
-0.0312379
-0.0290858
-0.0273216
-0.0258848
-0.0247277
-0.0238137
-0.0231146
-0.0226096
-0.0222831
-0.0221264
-0.073947
-0.0725962
-0.0674669
-0.0609095
-0.0545954
-0.0489
-0.0439411
-0.0397133
-0.0361522
-0.0331735
-0.0306935
-0.0286373
-0.0269413
-0.0255536
-0.0244322
-0.0235445
-0.0228644
-0.022373
-0.0220547
-0.0219019
-0.050248
-0.057688
-0.0581043
-0.0549916
-0.0507212
-0.046269
-0.042095
-0.0383763
-0.0351521
-0.0324005
-0.0300761
-0.0281284
-0.0265092
-0.0251765
-0.0240949
-0.0232361
-0.0225767
-0.0220997
-0.0217896
-0.0216383
-0.0258569
-0.0423336
-0.0483584
-0.0486543
-0.0464646
-0.0433384
-0.040027
-0.0368767
-0.034031
-0.0315348
-0.0293853
-0.027559
-0.0260252
-0.0247532
-0.023715
-0.0228867
-0.0222487
-0.0217852
-0.0214829
-0.0213324
-0.00360359
-0.0277846
-0.0384814
-0.0418608
-0.0417351
-0.0400007
-0.0376282
-0.0351137
-0.0327018
-0.0305046
-0.0285636
-0.0268842
-0.0254551
-0.024258
-0.0232734
-0.0224828
-0.0218704
-0.0214229
-0.0211298
-0.0209829
0.0176077
-0.010285
-0.0405382
-0.0715214
-0.101827
-0.129937
-0.15439
-0.17392
-0.187534
-0.194546
0.0179564
-0.0138092
-0.0476926
-0.0822421
-0.115834
-0.146805
-0.173616
-0.194953
-0.209787
-0.217413
0.0176637
-0.0187126
-0.057106
-0.0958412
-0.133157
-0.167318
-0.19674
-0.22007
-0.236247
-0.244549
0.0158434
-0.0259616
-0.0695644
-0.113071
-0.154588
-0.192313
-0.224621
-0.250135
-0.267777
-0.276813
0.0112397
-0.0368362
-0.0863177
-0.135127
-0.181261
-0.222861
-0.258279
-0.286128
-0.305326
-0.315141
0.00197449
-0.0531603
-0.109063
-0.163541
-0.214531
-0.260156
-0.298774
-0.329011
-0.349796
-0.360405
-0.0147324
-0.0773497
-0.139826
-0.199951
-0.255682
-0.305181
-0.346852
-0.37936
-0.401658
-0.413033
-0.04216
-0.111751
-0.180134
-0.245187
-0.304958
-0.357709
-0.401935
-0.436366
-0.45998
-0.472057
-0.0809065
-0.155456
-0.227953
-0.296329
-0.35875
-0.413613
-0.459531
-0.495337
-0.520046
-0.532824
-0.117595
-0.194483
-0.269079
-0.338973
-0.402553
-0.458346
-0.505077
-0.541747
-0.567725
-0.581615
0.0870074
0.088902
0.0919679
0.0949261
0.0962245
0.0943741
0.0882788
0.0774432
0.0619449
0.0415602
0.0989941
0.101143
0.104598
0.10788
0.109226
0.106988
0.0999825
0.0876152
0.0697202
0.0460975
0.114508
0.117021
0.12102
0.12473
0.126081
0.123174
0.114628
0.0996982
0.0782042
0.0504423
0.133946
0.136937
0.141598
0.145707
0.146754
0.142521
0.131475
0.112897
0.086833
0.054012
0.158504
0.162091
0.167484
0.171797
0.171933
0.165356
0.15051
0.126898
0.0949491
0.0558289
0.189718
0.194031
0.200117
0.204093
0.202152
0.191558
0.170993
0.140452
0.100927
0.0540812
0.229435
0.234579
0.240961
0.243225
0.236902
0.21949
0.190421
0.150546
0.101581
0.045702
0.279268
0.285071
0.290105
0.28721
0.272108
0.24364
0.202709
0.151267
0.0916799
0.026408
0.337812
0.342322
0.340282
0.324977
0.294992
0.251737
0.197552
0.134914
0.066199
-0.00638142
0.386419
0.383609
0.366753
0.335005
0.291085
0.237179
0.175152
0.106854
0.0342643
-0.0409004
0.00583505
0.00571067
0.00546854
0.00511994
0.0046817
0.00417619
0.00363126
0.00308043
0.00256325
0.00212602
0.00553811
0.00542496
0.00520503
0.00488888
0.00449218
0.00403552
0.00354436
0.00304908
0.00258546
0.00219559
0.00432552
0.00426628
0.00415246
0.00399129
0.00379303
0.0035702
0.00333658
0.00310557
0.00288793
0.00268835
0.00342883
0.00341017
0.00337536
0.00332741
0.00327017
0.00320762
0.00314283
0.00307687
0.00300747
0.00292792
0.00312979
0.00312732
0.0031233
0.00311781
0.00311065
0.0031011
0.00308767
0.00306809
0.00303954
0.00299955
0.00312391
0.00312745
0.00313482
0.00314496
0.00315632
0.00316687
0.00317428
0.00317613
0.00317022
0.00315491
0.00329734
0.0033043
0.00331826
0.00333788
0.00336123
0.00338596
0.00340943
0.003429
0.00344207
0.00344638
0.00361874
0.0036294
0.00365065
0.003681
0.00371827
0.00375975
0.0038023
0.00384258
0.00387707
0.00390239
0.00409338
0.00410911
0.00414036
0.00418543
0.00424176
0.00430602
0.00437421
0.00444187
0.00450411
0.00455615
0.00474774
0.00477046
0.0048155
0.00488088
0.00496348
0.00505908
0.00516241
0.00526737
0.00536724
0.00545548
0.00562752
0.0056596
0.00572325
0.00581615
0.00593455
0.006073
0.00622444
0.00638053
0.00653193
0.00666998
0.00680272
0.00684709
0.00693529
0.00706489
0.00723148
0.00742814
0.00764535
0.00787143
0.00809327
0.00829953
0.00837931
0.00843949
0.0085596
0.00873747
0.00896832
0.00924359
0.00955033
0.00987185
0.0101891
0.010487
0.0105183
0.010599
0.0107609
0.0110022
0.0113183
0.0116988
0.0121263
0.0125762
0.0130195
0.0134353
0.0134644
0.0135746
0.0137952
0.014124
0.014555
0.0150752
0.0156611
0.0162769
0.0168761
0.0174278
0.0175897
0.0177506
0.0180689
0.0185345
0.0191318
0.0198382
0.020619
0.021422
0.0221755
0.0228339
0.0234805
0.0237391
0.0242402
0.024949
0.0258165
0.0267819
0.0277719
0.0286983
0.0294602
0.030023
0.0321751
0.0326121
0.0334411
0.0345701
0.0358664
0.0371637
0.0382745
0.0390105
0.0392214
0.0389224
0.0458236
0.0465118
0.0477829
0.0494279
0.0511459
0.0525634
0.0532714
0.0528846
0.0511126
0.0479142
0.0665174
0.0677514
0.0699224
0.0724628
0.074591
0.0754035
0.0740106
0.0697025
0.0620566
0.0510144
0.00154829
0.00131173
0.00123955
0.00118742
0.00111203
0.00100292
0.000860583
0.000689259
0.000494727
0.000283443
6.23055e-05
-0.000161669
-0.000381472
-0.000590387
-0.000782124
-0.000951042
-0.00109225
-0.00120174
-0.00127646
-0.00131435
0.00167683
0.00144502
0.0013523
0.00127725
0.0011825
0.00105774
0.000902284
0.000719286
0.000513856
0.000292127
6.09314e-05
-0.000172643
-0.000401441
-0.000618585
-0.00081763
-0.000992808
-0.00113913
-0.00125251
-0.00132985
-0.00136906
0.00230758
0.00192517
0.00168765
0.00151433
0.00135562
0.00118696
0.000998312
0.00078761
0.00055724
0.000312146
5.87514e-05
-0.000195796
-0.000444119
-0.000679028
-0.000893796
-0.0010824
-0.00123967
-0.00136137
-0.00144431
-0.00148632
0.00271723
0.00235337
0.00205547
0.00181139
0.0015905
0.00136957
0.00113566
0.000883924
0.000615057
0.000333313
4.504e-05
-0.000242299
-0.000520901
-0.000783115
-0.00102183
-0.00123073
-0.00140441
-0.00153851
-0.00162974
-0.00167591
0.00288709
0.00263384
0.00236775
0.00210836
0.00185045
0.00158354
0.00130005
0.000997394
0.000677534
0.000345731
9.34727e-06
-0.000323226
-0.000643343
-0.000942705
-0.00121371
-0.00144973
-0.00164517
-0.00179561
-0.00189773
-0.00194934
0.00308335
0.00289884
0.00267106
0.0024141
0.00213106
0.00182055
0.00148197
0.00111768
0.000733327
0.000336997
-6.16894e-05
-0.000452622
-0.000825877
-0.00117231
-0.0014838
-0.00175347
-0.00197569
-0.00214606
-0.00226139
-0.00231957
0.0033927
0.00323754
0.00302715
0.00276338
0.00244821
0.00208452
0.00167764
0.0012358
0.000769782
0.00029194
-0.000184841
-0.000648081
-0.0010863
-0.00148945
-0.00184905
-0.00215819
-0.00241142
-0.00260468
-0.00273505
-0.00280069
0.00385752
0.00370509
0.00348641
0.00319285
0.00282339
0.00238363
0.00188465
0.00134141
0.000771025
0.000191116
-0.000381478
-0.000931629
-0.00144635
-0.00191497
-0.00232903
-0.00268206
-0.00296927
-0.00318726
-0.00333373
-0.0034073
0.00451699
0.00434659
0.00409144
0.00373508
0.00327551
0.00272288
0.00209594
0.00141812
0.000714249
8.00749e-06
-0.000679609
-0.00133108
-0.00193249
-0.00247329
-0.00294586
-0.0033449
-0.00366694
-0.00390983
-0.00407229
-0.00415366
0.00542137
0.00521077
0.00488324
0.00441765
0.00381577
0.0030973
0.00229287
0.00143733
0.000564781
-0.000294684
-0.00111642
-0.00188158
-0.00257664
-0.00319255
-0.00372379
-0.00416739
-0.00452207
-0.00478762
-0.0049643
-0.00505252
0.00664012
0.00635715
0.00590405
0.00526056
0.00444104
0.00348338
0.00243659
0.00135065
0.000270087
-0.000769258
-0.00174087
-0.00262686
-0.00341641
-0.00410411
-0.00468834
-0.00516986
-0.00555074
-0.0058335
-0.0060205
-0.00611352
0.0082695
0.00785936
0.00719451
0.00626776
0.00512179
0.00382599
0.00245605
0.00108027
-0.00024705
-0.00148722
-0.00261576
-0.00361968
-0.00449443
-0.00524116
-0.00586439
-0.00637033
-0.00676553
-0.00705603
-0.00724679
-0.00734128
0.0104412
0.00980329
0.00878112
0.00740728
0.00577974
0.00401775
0.00223154
0.000507473
-0.00109535
-0.00254234
-0.003818
-0.00492034
-0.00585586
-0.0066358
-0.00727331
-0.00778161
-0.00817274
-0.00845689
-0.00864189
-0.00873306
0.0133294
0.0122728
0.010644
0.00857107
0.00624963
0.00386856
0.00157397
-0.000538976
-0.00241959
-0.00405032
-0.00543549
-0.00659214
-0.00754343
-0.00831424
-0.00892844
-0.00940738
-0.00976908
-0.0100279
-0.0101947
-0.0102763
0.0171469
0.0153019
0.0126434
0.00949992
0.00621867
0.0030655
0.000203771
-0.00228973
-0.00439833
-0.00614168
-0.00755791
-0.00869201
-0.00958884
-0.0102894
-0.0108291
-0.0112374
-0.0115377
-0.0117481
-0.0118814
-0.0119461
0.0220907
0.0187393
0.0143633
0.00965459
0.00514344
0.0011322
-0.00225927
-0.0050269
-0.00722744
-0.00894276
-0.0102588
-0.0112551
-0.0120003
-0.0125513
-0.0129533
-0.013242
-0.0134444
-0.0135803
-0.0136637
-0.0137033
0.0280892
0.021895
0.0148108
0.00802804
0.00216671
-0.0025838
-0.00627125
-0.00904498
-0.0110798
-0.0125404
-0.0135671
-0.0142732
-0.0147469
-0.0150559
-0.0152503
-0.0153674
-0.0154342
-0.0154697
-0.0154868
-0.0154935
0.0339179
0.022763
0.0119524
0.00296784
-0.00388418
-0.00883426
-0.0122678
-0.0145627
-0.016035
-0.01693
-0.0174308
-0.0176702
-0.017743
-0.0177158
-0.0176351
-0.0175329
-0.0174309
-0.0173438
-0.0172811
-0.0172484
0.0356482
0.016878
0.00234986
-0.00771706
-0.0142353
-0.0182105
-0.0204586
-0.0215769
-0.0219814
-0.0219533
-0.0216793
-0.0212811
-0.0208367
-0.0203953
-0.0199876
-0.019632
-0.0193394
-0.0191159
-0.0189652
-0.018889
0.0248035
-0.00251347
-0.0175824
-0.0255396
-0.0292818
-0.0305653
-0.0304705
-0.0296509
-0.0284972
-0.0272357
-0.0259949
-0.0248427
-0.0238131
-0.0229194
-0.0221648
-0.0215465
-0.0210598
-0.0206993
-0.0204605
-0.0203406
-0.00379374
-0.0280057
-0.038577
-0.0418683
-0.0417012
-0.0399515
-0.0375789
-0.0350725
-0.0326745
-0.0304946
-0.028573
-0.0269139
-0.025505
-0.0243269
-0.0233591
-0.0225827
-0.0219813
-0.0215414
-0.0212532
-0.021111
-0.0260041
-0.0425355
-0.048483
-0.0487166
-0.0464938
-0.0433535
-0.0400387
-0.0368909
-0.0340517
-0.0315648
-0.0294262
-0.0276117
-0.0260898
-0.0248287
-0.0237998
-0.0229786
-0.022345
-0.0218836
-0.0215827
-0.0214365
-0.0501853
-0.0577507
-0.0581787
-0.0550701
-0.0507994
-0.0463478
-0.0421733
-0.0384548
-0.035231
-0.0324809
-0.0301585
-0.0282136
-0.0265971
-0.0252669
-0.0241868
-0.023328
-0.0226673
-0.0221875
-0.0218759
-0.0217255
-0.0737412
-0.0725736
-0.0674939
-0.0609787
-0.0546906
-0.0490104
-0.044057
-0.0398303
-0.0362673
-0.0332859
-0.0308027
-0.0287436
-0.0270445
-0.0256538
-0.0245291
-0.0236373
-0.0229527
-0.0224565
-0.022135
-0.0219798
-0.0956814
-0.0861442
-0.0760343
-0.0663688
-0.0581786
-0.0513598
-0.0457025
-0.0410246
-0.0371638
-0.0339808
-0.031358
-0.0292001
-0.02743
-0.0259873
-0.0248243
-0.0239043
-0.0231993
-0.0226888
-0.0223583
-0.0221982
-0.115294
-0.0979177
-0.0833981
-0.0710763
-0.0612282
-0.0533976
-0.0471164
-0.0420424
-0.0379229
-0.0345665
-0.0318245
-0.0295827
-0.0277526
-0.0262663
-0.0250713
-0.0241277
-0.0234056
-0.0228831
-0.0225448
-0.0223799
-0.131917
-0.107619
-0.0893631
-0.0749475
-0.0637725
-0.0551005
-0.0482902
-0.0428799
-0.0385424
-0.0350409
-0.0322003
-0.0298899
-0.028011
-0.0264894
-0.0252686
-0.0243063
-0.0235705
-0.0230383
-0.0226934
-0.0225246
-0.14496
-0.115063
-0.0938446
-0.0778859
-0.0657415
-0.056429
-0.049203
-0.0435254
-0.0390152
-0.0353999
-0.0324826
-0.0301192
-0.0282031
-0.0266549
-0.0254148
-0.0244385
-0.0236926
-0.0231531
-0.0228034
-0.0226316
-0.153948
-0.120111
-0.0968243
-0.0798477
-0.0670786
-0.0573393
-0.0498268
-0.0439624
-0.0393313
-0.0356371
-0.0326672
-0.030268
-0.0283269
-0.026761
-0.0255083
-0.0245229
-0.0237704
-0.0232263
-0.0228733
-0.0227
-0.158552
-0.122664
-0.0983072
-0.0808231
-0.0677488
-0.0577962
-0.0501365
-0.0441754
-0.0394819
-0.0357473
-0.032751
-0.0303341
-0.028381
-0.0268068
-0.0255484
-0.024559
-0.0238037
-0.0232575
-0.022903
-0.0227292
)
;

boundaryField
{
    down
    {
        type            symmetryPlane;
    }
    right
    {
        type            fixedValue;
        value           uniform 0;
    }
    up
    {
        type            symmetryPlane;
    }
    left
    {
        type            zeroGradient;
    }
    cylinder
    {
        type            symmetry;
    }
    defaultFaces
    {
        type            empty;
    }
}


// ************************************************************************* //
