/*--------------------------------*- C++ -*----------------------------------*\
  =========                 |
  \\      /  F ield         | OpenFOAM: The Open Source CFD Toolbox
   \\    /   O peration     | Website:  https://openfoam.org
    \\  /    A nd           | Version:  10
     \\/     M anipulation  |
\*---------------------------------------------------------------------------*/
FoamFile
{
    format      ascii;
    class       volScalarField;
    location    "0";
    object      Phi;
}
// * * * * * * * * * * * * * * * * * * * * * * * * * * * * * * * * * * * * * //

dimensions      [0 2 -1 0 0 0 0];

internalField   nonuniform List<scalar> 
7600
(
31.3526
31.3319
31.2987
31.2572
31.21
31.1589
31.1047
31.0482
30.99
30.9303
31.4128
31.394
31.3637
31.3259
31.2829
31.2363
31.1869
31.1354
31.0823
31.0278
31.4769
31.4601
31.433
31.399
31.3605
31.3186
31.2743
31.2282
31.1806
31.1319
31.5445
31.5298
31.5059
31.4761
31.4422
31.4055
31.3665
31.326
31.2842
31.2414
31.6151
31.6026
31.5822
31.5567
31.5277
31.4962
31.4629
31.4281
31.3924
31.3558
31.6885
31.6782
31.6613
31.6402
31.6163
31.5902
31.5627
31.534
31.5045
31.4743
31.764
31.7559
31.7427
31.7262
31.7074
31.6871
31.6655
31.643
31.6199
31.5962
31.8412
31.8355
31.826
31.8142
31.8007
31.786
31.7706
31.7544
31.7378
31.7208
31.9197
31.9163
31.9106
31.9035
31.8954
31.8866
31.8773
31.8676
31.8576
31.8474
31.999
31.9979
31.996
31.9936
31.991
31.9881
31.985
31.9818
31.9785
31.9751
31.0288
30.9981
30.949
30.8879
30.8186
30.7435
30.664
30.5812
30.4959
30.4086
31.035
31.0046
30.9558
30.8951
30.8262
30.7515
30.6724
30.5901
30.5053
30.4186
31.0475
31.0174
30.9692
30.9093
30.8412
30.7674
30.6893
30.608
30.5242
30.4384
31.0661
31.0365
30.9892
30.9304
30.8636
30.7911
30.7144
30.6346
30.5523
30.468
31.0907
31.0619
31.0157
30.9583
30.8932
30.8225
30.7478
30.6698
30.5895
30.5072
31.1211
31.0932
31.0485
30.993
30.9299
30.8615
30.789
30.7136
30.6357
30.5559
31.1571
31.1303
31.0874
31.034
30.9734
30.9077
30.838
30.7655
30.6906
30.6139
31.1986
31.173
31.1322
31.0813
31.0235
30.9608
30.8945
30.8253
30.754
30.6808
31.2452
31.2211
31.1825
31.1345
31.0799
31.0207
30.958
30.8927
30.8253
30.7564
31.2966
31.2742
31.2381
31.1932
31.1422
31.0869
31.0282
30.9672
30.9042
30.8397
30.195
29.8404
29.4775
29.1097
28.7386
28.3652
27.99
27.6136
27.2362
26.858
26.4793
26.1001
25.7206
25.3408
24.9608
24.5806
24.2002
23.8197
23.4391
23.0584
22.6777
22.2969
21.916
21.5351
21.1542
20.7732
20.3922
20.0112
19.6302
19.2491
18.868
18.4869
18.1058
17.7247
17.3436
16.9625
16.5814
16.2002
15.8191
15.4379
15.0568
14.6756
14.2945
13.9133
13.5321
13.151
12.7698
12.3886
12.0074
11.6262
11.245
10.8639
10.4827
10.1015
9.72031
9.33912
8.95793
8.57675
8.19556
7.81437
7.43318
7.05199
6.6708
6.28962
5.90843
5.52724
5.14605
4.76487
4.38368
4.00249
3.62131
3.24012
2.85893
2.47775
2.09656
1.71538
1.33419
0.953006
0.571821
0.190636
30.2046
29.8496
29.4866
29.1186
28.7474
28.3738
27.9985
27.6219
27.2444
26.8661
26.4873
26.108
25.7284
25.3485
24.9683
24.588
24.2075
23.8269
23.4462
23.0654
22.6846
22.3036
21.9227
21.5416
21.1606
20.7795
20.3984
20.0172
19.6361
19.2549
18.8737
18.4925
18.1113
17.7301
17.3489
16.9676
16.5864
16.2051
15.8239
15.4426
15.0613
14.6801
14.2988
13.9175
13.5362
13.1549
12.7736
12.3923
12.011
11.6297
11.2485
10.8672
10.4859
10.1045
9.72325
9.34194
8.96064
8.57934
8.19803
7.81673
7.43543
7.05412
6.67282
6.29152
5.91021
5.52891
5.14761
4.76631
4.385
4.0037
3.6224
3.2411
2.8598
2.47849
2.09719
1.71589
1.33459
0.953291
0.571991
0.190691
30.2239
29.868
29.5045
29.1363
28.7648
28.3909
28.0154
27.6386
27.2608
26.8823
26.5033
26.1238
25.7439
25.3638
24.9834
24.6028
24.2221
23.8413
23.4603
23.0793
22.6982
22.3171
21.9359
21.5546
21.1733
20.792
20.4107
20.0293
19.6479
19.2665
18.8851
18.5037
18.1223
17.7408
17.3593
16.9779
16.5964
16.2149
15.8334
15.4519
15.0704
14.6889
14.3074
13.9259
13.5444
13.1629
12.7813
12.3998
12.0183
11.6368
11.2552
10.8737
10.4922
10.1106
9.72911
9.34757
8.96604
8.58451
8.20298
7.82144
7.43991
7.05837
6.67684
6.29531
5.91377
5.53224
5.15071
4.76918
4.38764
4.00611
3.62458
3.24305
2.86152
2.47998
2.09845
1.71692
1.33539
0.953861
0.572331
0.1908
30.2525
29.8955
29.5313
29.1626
28.7907
28.4165
28.0406
27.6635
27.2854
26.9065
26.5271
26.1473
25.7671
25.3866
25.0059
24.625
24.2439
23.8627
23.4814
23.1001
22.7186
22.3371
21.9556
21.574
21.1924
20.8107
20.429
20.0473
19.6656
19.2839
18.9021
18.5203
18.1385
17.7568
17.375
16.9931
16.6113
16.2295
15.8477
15.4658
15.084
14.7021
14.3203
13.9384
13.5566
13.1747
12.7928
12.411
12.0291
11.6472
11.2654
10.8835
10.5016
10.1197
9.73785
9.35598
8.9741
8.59222
8.21035
7.82847
7.44659
7.06472
6.68284
6.30096
5.91909
5.53721
5.15533
4.77346
4.39158
4.00971
3.62783
3.24596
2.86408
2.48221
2.10033
1.71846
1.33659
0.954711
0.572838
0.190964
30.2905
29.9318
29.5668
29.1976
28.8251
28.4504
28.074
27.6964
27.3178
26.9385
26.5586
26.1783
25.7977
25.4167
25.0356
24.6542
24.2727
23.8911
23.5094
23.1275
22.7457
22.3637
21.9817
21.5997
21.2176
20.8355
20.4533
20.0712
19.689
19.3068
18.9246
18.5424
18.1601
17.7779
17.3956
17.0133
16.6311
16.2488
15.8665
15.4842
15.1019
14.7196
14.3373
13.955
13.5727
13.1904
12.808
12.4257
12.0434
11.6611
11.2787
10.8964
10.5141
10.1318
9.74943
9.3671
8.98477
8.60244
8.22011
7.83778
7.45544
7.07311
6.69078
6.30845
5.92612
5.54379
5.16146
4.77913
4.3968
4.01447
3.63214
3.24981
2.86748
2.48515
2.10282
1.72049
1.33817
0.955837
0.573509
0.191181
30.3376
29.9769
29.6109
29.2408
28.8677
28.4923
28.1153
27.7371
27.3579
26.9781
26.5977
26.2168
25.8356
25.4541
25.0724
24.6905
24.3084
23.9262
23.5439
23.1616
22.7791
22.3966
22.014
21.6314
21.2488
20.8661
20.4834
20.1007
19.718
19.3352
18.9524
18.5696
18.1868
17.804
17.4212
17.0384
16.6555
16.2727
15.8898
15.507
15.1241
14.7413
14.3584
13.9755
13.5926
13.2098
12.8269
12.444
12.0611
11.6782
11.2953
10.9124
10.5296
10.1467
9.76377
9.38087
8.99798
8.61509
8.23219
7.8493
7.46641
7.08351
6.70062
6.31772
5.93483
5.55194
5.16904
4.78615
4.40326
4.02037
3.63747
3.25458
2.87169
2.4888
2.10591
1.72301
1.34012
0.957231
0.57434
0.191449
30.3937
30.0304
29.6632
29.2921
28.9181
28.542
28.1643
27.7854
27.4055
27.025
26.6439
26.2624
25.8806
25.4984
25.116
24.7335
24.3507
23.9679
23.5849
23.2019
22.8188
22.4356
22.0524
21.6691
21.2858
20.9025
20.5191
20.1357
19.7523
19.3689
18.9854
18.602
18.2185
17.835
17.4516
17.0681
16.6846
16.301
15.9175
15.534
15.1505
14.7669
14.3834
13.9999
13.6163
13.2328
12.8492
12.4657
12.0821
11.6986
11.315
10.9315
10.5479
10.1643
9.78077
9.39721
9.01365
8.63009
8.24653
7.86297
7.47941
7.09585
6.71229
6.32872
5.94516
5.5616
5.17804
4.79448
4.41092
4.02736
3.6438
3.26024
2.87668
2.49312
2.10956
1.726
1.34244
0.958885
0.575326
0.191767
30.4587
30.0923
29.7234
29.3511
28.9761
28.5991
28.2205
27.8408
27.4603
27.079
26.6972
26.3149
25.9323
25.5494
25.1662
24.7829
24.3994
24.0158
23.6321
23.2483
22.8644
22.4805
22.0965
21.7125
21.3284
20.9443
20.5602
20.176
19.7918
19.4077
19.0234
18.6392
18.255
17.8707
17.4865
17.1022
16.718
16.3337
15.9494
15.5651
15.1808
14.7965
14.4122
14.0279
13.6436
13.2593
12.8749
12.4906
12.1063
11.722
11.3377
10.9533
10.569
10.1847
9.80035
9.41602
9.03169
8.64736
8.26303
7.8787
7.49437
7.11004
6.72571
6.34138
5.95705
5.57273
5.1884
4.80407
4.41974
4.03541
3.65108
3.26675
2.88243
2.4981
2.11377
1.72944
1.34512
0.960788
0.57646
0.192133
30.5327
30.1622
29.7912
29.4174
29.0412
28.6632
28.2838
27.9032
27.5218
27.1397
26.757
26.3739
25.9904
25.6067
25.2227
24.8385
24.4542
24.0697
23.6851
23.3005
22.9158
22.531
22.1461
21.7612
21.3763
20.9913
20.6064
20.2213
19.8363
19.4512
19.0662
18.6811
18.296
17.9109
17.5258
17.1406
16.7555
16.3704
15.9852
15.6001
15.2149
14.8297
14.4446
14.0594
13.6742
13.2891
12.9039
12.5187
12.1335
11.7483
11.3631
10.9779
10.5927
10.2076
9.82236
9.43717
9.05198
8.66679
8.28159
7.8964
7.51121
7.12601
6.74082
6.35563
5.97043
5.58524
5.20005
4.81485
4.42966
4.04447
3.65927
3.27408
2.88889
2.5037
2.11851
1.73331
1.34812
0.962928
0.577736
0.192544
30.6154
30.2395
29.8657
29.4902
29.1128
28.7338
28.3533
27.9719
27.5895
27.2065
26.8229
26.4389
26.0545
25.6698
25.2849
24.8998
24.5146
24.1292
23.7437
23.3581
22.9724
22.5867
22.2009
21.815
21.4292
21.0433
20.6573
20.2714
19.8854
19.4994
19.1134
18.7273
18.3413
17.9552
17.5692
17.1831
16.797
16.4109
16.0248
15.6387
15.2526
14.8665
14.4804
14.0942
13.7081
13.322
12.9358
12.5497
12.1636
11.7774
11.3913
11.0051
10.619
10.2328
9.84669
9.46054
9.0744
8.68825
8.3021
7.91595
7.5298
7.14366
6.75751
6.37136
5.98521
5.59906
5.21292
4.82677
4.44062
4.05447
3.66833
3.28218
2.89603
2.50988
2.12374
1.73759
1.35144
0.965294
0.579147
0.192999
30.6734
30.2902
29.9111
29.5325
29.153
28.7726
28.3911
28.0087
27.6257
27.242
26.8578
26.4732
26.0883
25.7031
25.3176
24.932
24.5462
24.1603
23.7743
23.3883
23.0021
22.6159
22.2296
21.8432
21.4569
21.0705
20.684
20.2976
19.9111
19.5246
19.1381
18.7516
18.365
17.9785
17.5919
17.2053
16.8188
16.4322
16.0456
15.659
15.2724
14.8857
14.4991
14.1125
13.7259
13.3393
12.9526
12.566
12.1793
11.7927
11.4061
11.0194
10.6328
10.2461
9.85949
9.47285
9.0862
8.69956
8.31291
7.92626
7.53962
7.15297
6.76632
6.37967
5.99303
5.60638
5.21973
4.83309
4.44644
4.05979
3.67314
3.2865
2.89985
2.5132
2.12656
1.73991
1.35326
0.966617
0.57997
0.193323
30.6966
30.3075
29.9233
29.541
29.1591
28.7769
28.3942
28.011
27.6274
27.2433
26.8588
26.4739
26.0888
25.7035
25.3179
24.9323
24.5464
24.1605
23.7744
23.3883
23.0021
22.6159
22.2296
21.8432
21.4568
21.0704
20.684
20.2975
19.9111
19.5246
19.138
18.7515
18.365
17.9784
17.5919
17.2053
16.8187
16.4321
16.0455
15.6589
15.2723
14.8857
14.4991
14.1125
13.7259
13.3392
12.9526
12.566
12.1793
11.7927
11.4061
11.0194
10.6328
10.2461
9.85948
9.47284
9.08619
8.69955
8.3129
7.92626
7.53961
7.15296
6.76632
6.37967
5.99302
5.60638
5.21973
4.83308
4.44644
4.05979
3.67314
3.2865
2.89985
2.5132
2.12656
1.73991
1.35326
0.966616
0.57997
0.193323
30.7141
30.322
29.9345
29.5493
29.1652
28.7815
28.3977
28.0137
27.6294
27.2448
26.8599
26.4748
26.0895
25.704
25.3184
24.9326
24.5467
24.1607
23.7746
23.3884
23.0022
22.6159
22.2296
21.8432
21.4568
21.0704
20.684
20.2975
19.911
19.5245
19.138
18.7515
18.3649
17.9784
17.5918
17.2053
16.8187
16.4321
16.0455
15.6589
15.2723
14.8857
14.4991
14.1125
13.7258
13.3392
12.9526
12.5659
12.1793
11.7927
11.406
11.0194
10.6328
10.2461
9.85947
9.47283
9.08618
8.69954
8.3129
7.92625
7.5396
7.15296
6.76631
6.37967
5.99302
5.60637
5.21973
4.83308
4.44643
4.05979
3.67314
3.28649
2.89985
2.5132
2.12655
1.73991
1.35326
0.966616
0.579969
0.193323
30.7272
30.3338
29.9442
29.557
29.1712
28.7861
28.4013
28.0164
27.6315
27.2465
26.8612
26.4759
26.0903
25.7047
25.3189
24.933
24.547
24.1609
23.7747
23.3885
23.0023
22.616
22.2296
21.8433
21.4569
21.0704
20.684
20.2975
19.911
19.5245
19.138
18.7515
18.3649
17.9784
17.5918
17.2052
16.8186
16.4321
16.0455
15.6589
15.2723
14.8857
14.499
14.1124
13.7258
13.3392
12.9526
12.5659
12.1793
11.7927
11.406
11.0194
10.6327
10.2461
9.85946
9.47282
9.08618
8.69953
8.31289
7.92624
7.5396
7.15295
6.76631
6.37966
5.99302
5.60637
5.21972
4.83308
4.44643
4.05978
3.67314
3.28649
2.89985
2.5132
2.12655
1.73991
1.35326
0.966615
0.579969
0.193323
30.7371
30.3432
29.9525
29.5639
29.1769
28.7906
28.4048
28.0193
27.6338
27.2483
26.8627
26.477
26.0912
25.7054
25.3194
24.9334
24.5473
24.1612
23.775
23.3887
23.0024
22.6161
22.2297
21.8433
21.4569
21.0704
20.684
20.2975
19.911
19.5245
19.138
18.7514
18.3649
17.9783
17.5918
17.2052
16.8186
16.432
16.0454
15.6588
15.2722
14.8856
14.499
14.1124
13.7258
13.3392
12.9525
12.5659
12.1793
11.7926
11.406
11.0194
10.6327
10.2461
9.85945
9.47281
9.08617
8.69953
8.31288
7.92624
7.53959
7.15295
6.7663
6.37966
5.99301
5.60637
5.21972
4.83307
4.44643
4.05978
3.67314
3.28649
2.89984
2.5132
2.12655
1.73991
1.35326
0.966615
0.579969
0.193323
30.7447
30.3508
29.9595
29.57
29.182
28.7948
28.4083
28.0221
27.636
27.2501
26.8641
26.4782
26.0922
25.7062
25.3201
24.9339
24.5477
24.1615
23.7752
23.3889
23.0026
22.6162
22.2298
21.8434
21.4569
21.0705
20.684
20.2975
19.911
19.5245
19.1379
18.7514
18.3649
17.9783
17.5917
17.2052
16.8186
16.432
16.0454
15.6588
15.2722
14.8856
14.499
14.1124
13.7258
13.3391
12.9525
12.5659
12.1793
11.7926
11.406
11.0194
10.6327
10.2461
9.85944
9.4728
9.08616
8.69952
8.31288
7.92623
7.53959
7.15294
6.7663
6.37965
5.99301
5.60636
5.21972
4.83307
4.44643
4.05978
3.67313
3.28649
2.89984
2.5132
2.12655
1.73991
1.35326
0.966614
0.579969
0.193323
30.7506
30.357
29.9653
29.5753
29.1866
28.7987
28.4115
28.0248
27.6383
27.2519
26.8656
26.4794
26.0932
25.707
25.3207
24.9345
24.5482
24.1618
23.7755
23.3891
23.0027
22.6163
22.2299
21.8434
21.457
21.0705
20.684
20.2975
19.911
19.5245
19.1379
18.7514
18.3648
17.9783
17.5917
17.2051
16.8186
16.432
16.0454
15.6588
15.2722
14.8856
14.499
14.1124
13.7258
13.3391
12.9525
12.5659
12.1792
11.7926
11.406
11.0194
10.6327
10.2461
9.85944
9.4728
9.08615
8.69951
8.31287
7.92623
7.53958
7.15294
6.76629
6.37965
5.99301
5.60636
5.21971
4.83307
4.44642
4.05978
3.67313
3.28649
2.89984
2.5132
2.12655
1.73991
1.35326
0.966614
0.579968
0.193323
30.7553
30.3619
29.9702
29.5798
29.1906
28.8023
28.4146
28.0273
27.6404
27.2537
26.8671
26.4806
26.0942
25.7078
25.3214
24.935
24.5486
24.1622
23.7758
23.3894
23.0029
22.6165
22.23
21.8435
21.457
21.0706
20.684
20.2975
19.911
19.5245
19.1379
18.7514
18.3648
17.9783
17.5917
17.2051
16.8186
16.432
16.0454
15.6588
15.2722
14.8856
14.499
14.1124
13.7257
13.3391
12.9525
12.5659
12.1792
11.7926
11.406
11.0193
10.6327
10.2461
9.85943
9.47279
9.08615
8.69951
8.31286
7.92622
7.53958
7.15294
6.76629
6.37965
5.993
5.60636
5.21971
4.83307
4.44642
4.05978
3.67313
3.28649
2.89984
2.5132
2.12655
1.7399
1.35326
0.966613
0.579968
0.193323
30.7589
30.366
29.9743
29.5837
29.1942
28.8054
28.4173
28.0297
27.6424
27.2554
26.8685
26.4818
26.0952
25.7086
25.3221
24.9356
24.5491
24.1626
23.7761
23.3896
23.0031
22.6166
22.2301
21.8436
21.4571
21.0706
20.6841
20.2976
19.911
19.5245
19.1379
18.7514
18.3648
17.9783
17.5917
17.2051
16.8185
16.432
16.0454
15.6588
15.2722
14.8856
14.4989
14.1123
13.7257
13.3391
12.9525
12.5659
12.1792
11.7926
11.406
11.0193
10.6327
10.2461
9.85942
9.47278
9.08614
8.6995
8.31286
7.92622
7.53957
7.15293
6.76629
6.37964
5.993
5.60635
5.21971
4.83307
4.44642
4.05978
3.67313
3.28648
2.89984
2.51319
2.12655
1.7399
1.35326
0.966613
0.579968
0.193323
30.7618
30.3692
29.9776
29.587
29.1972
28.8082
28.4198
28.0319
27.6443
27.257
26.8699
26.4829
26.0961
25.7094
25.3227
24.9361
24.5495
24.1629
23.7764
23.3898
23.0033
22.6168
22.2303
21.8437
21.4572
21.0707
20.6841
20.2976
19.911
19.5245
19.1379
18.7514
18.3648
17.9783
17.5917
17.2051
16.8185
16.4319
16.0453
15.6587
15.2721
14.8855
14.4989
14.1123
13.7257
13.3391
12.9525
12.5658
12.1792
11.7926
11.406
11.0193
10.6327
10.2461
9.85941
9.47278
9.08614
8.6995
8.31286
7.92621
7.53957
7.15293
6.76628
6.37964
5.993
5.60635
5.21971
4.83306
4.44642
4.05977
3.67313
3.28648
2.89984
2.51319
2.12655
1.7399
1.35326
0.966613
0.579968
0.193323
30.7642
30.3719
29.9804
29.5898
29.1999
28.8107
28.422
28.0338
27.646
27.2585
26.8711
26.484
26.097
25.7102
25.3234
24.9366
24.5499
24.1633
23.7767
23.3901
23.0035
22.6169
22.2304
21.8438
21.4573
21.0707
20.6842
20.2976
19.9111
19.5245
19.138
18.7514
18.3648
17.9783
17.5917
17.2051
16.8185
16.4319
16.0453
15.6587
15.2721
14.8855
14.4989
14.1123
13.7257
13.3391
12.9525
12.5658
12.1792
11.7926
11.4059
11.0193
10.6327
10.246
9.85941
9.47277
9.08613
8.69949
8.31285
7.92621
7.53957
7.15292
6.76628
6.37964
5.99299
5.60635
5.21971
4.83306
4.44642
4.05977
3.67313
3.28648
2.89984
2.51319
2.12655
1.7399
1.35326
0.966612
0.579967
0.193322
30.7661
30.3741
29.9828
29.5921
29.2022
28.8128
28.424
28.0356
27.6475
27.2598
26.8723
26.485
26.0979
25.7109
25.324
24.9371
24.5504
24.1636
23.777
23.3903
23.0037
22.6171
22.2305
21.8439
21.4574
21.0708
20.6842
20.2977
19.9111
19.5245
19.138
18.7514
18.3648
17.9783
17.5917
17.2051
16.8185
16.4319
16.0453
15.6587
15.2721
14.8855
14.4989
14.1123
13.7257
13.3391
12.9524
12.5658
12.1792
11.7926
11.4059
11.0193
10.6327
10.246
9.8594
9.47277
9.08613
8.69949
8.31285
7.92621
7.53956
7.15292
6.76628
6.37964
5.99299
5.60635
5.2197
4.83306
4.44642
4.05977
3.67313
3.28648
2.89984
2.51319
2.12655
1.7399
1.35326
0.966612
0.579967
0.193322
30.7676
30.3759
29.9847
29.5941
29.2041
28.8146
28.4256
28.0371
27.6489
27.261
26.8733
26.4859
26.0986
25.7115
25.3245
24.9376
24.5507
24.164
23.7772
23.3905
23.0039
22.6172
22.2306
21.844
21.4574
21.0708
20.6843
20.2977
19.9111
19.5246
19.138
18.7514
18.3648
17.9783
17.5917
17.2051
16.8185
16.4319
16.0453
15.6587
15.2721
14.8855
14.4989
14.1123
13.7257
13.3391
12.9524
12.5658
12.1792
11.7926
11.4059
11.0193
10.6327
10.246
9.8594
9.47276
9.08612
8.69948
8.31284
7.9262
7.53956
7.15292
6.76628
6.37963
5.99299
5.60635
5.2197
4.83306
4.44641
4.05977
3.67312
3.28648
2.89984
2.51319
2.12655
1.7399
1.35326
0.966612
0.579967
0.193322
30.7688
30.3773
29.9863
29.5957
29.2057
28.8162
28.4271
28.0384
27.6501
27.262
26.8743
26.4867
26.0993
25.7121
25.325
24.938
24.5511
24.1643
23.7775
23.3907
23.004
22.6174
22.2307
21.8441
21.4575
21.0709
20.6843
20.2977
19.9111
19.5246
19.138
18.7514
18.3648
17.9783
17.5917
17.2051
16.8185
16.4319
16.0453
15.6587
15.2721
14.8855
14.4989
14.1123
13.7257
13.3391
12.9524
12.5658
12.1792
11.7926
11.4059
11.0193
10.6327
10.246
9.85939
9.47276
9.08612
8.69948
8.31284
7.9262
7.53956
7.15292
6.76627
6.37963
5.99299
5.60634
5.2197
4.83306
4.44641
4.05977
3.67312
3.28648
2.89983
2.51319
2.12655
1.7399
1.35326
0.966612
0.579967
0.193322
30.7698
30.3785
29.9875
29.5971
29.207
28.8175
28.4283
28.0395
27.6511
27.2629
26.8751
26.4874
26.0999
25.7126
25.3254
24.9384
24.5514
24.1645
23.7777
23.3909
23.0042
22.6175
22.2308
21.8442
21.4576
21.071
20.6844
20.2978
19.9112
19.5246
19.138
18.7514
18.3648
17.9783
17.5917
17.2051
16.8185
16.4319
16.0453
15.6587
15.2721
14.8855
14.4989
14.1123
13.7257
13.339
12.9524
12.5658
12.1792
11.7926
11.4059
11.0193
10.6327
10.246
9.85939
9.47275
9.08612
8.69948
8.31284
7.9262
7.53956
7.15291
6.76627
6.37963
5.99299
5.60634
5.2197
4.83306
4.44641
4.05977
3.67312
3.28648
2.89983
2.51319
2.12655
1.7399
1.35326
0.966611
0.579967
0.193322
30.7705
30.3794
29.9885
29.5981
29.2081
28.8185
28.4293
28.0404
27.6519
27.2637
26.8757
26.488
26.1004
25.7131
25.3258
24.9387
24.5517
24.1647
23.7779
23.3911
23.0043
22.6176
22.2309
21.8443
21.4576
21.071
20.6844
20.2978
19.9112
19.5246
19.138
18.7514
18.3648
17.9783
17.5917
17.2051
16.8185
16.4319
16.0453
15.6587
15.2721
14.8855
14.4989
14.1123
13.7257
13.339
12.9524
12.5658
12.1792
11.7925
11.4059
11.0193
10.6327
10.246
9.85939
9.47275
9.08611
8.69947
8.31283
7.92619
7.53955
7.15291
6.76627
6.37963
5.99298
5.60634
5.2197
4.83305
4.44641
4.05977
3.67312
3.28648
2.89983
2.51319
2.12654
1.7399
1.35326
0.966611
0.579967
0.193322
30.7711
30.3801
29.9893
29.5989
29.2089
28.8193
28.4301
28.0412
27.6526
27.2643
26.8763
26.4885
26.1008
25.7134
25.3261
24.939
24.5519
24.1649
23.778
23.3912
23.0044
22.6177
22.231
21.8443
21.4577
21.071
20.6844
20.2978
19.9112
19.5246
19.138
18.7514
18.3648
17.9783
17.5917
17.2051
16.8185
16.4319
16.0453
15.6587
15.2721
14.8855
14.4989
14.1123
13.7257
13.339
12.9524
12.5658
12.1792
11.7925
11.4059
11.0193
10.6327
10.246
9.85938
9.47275
9.08611
8.69947
8.31283
7.92619
7.53955
7.15291
6.76627
6.37963
5.99298
5.60634
5.2197
4.83305
4.44641
4.05977
3.67312
3.28648
2.89983
2.51319
2.12654
1.7399
1.35326
0.966611
0.579967
0.193322
30.7715
30.3806
29.9899
29.5995
29.2095
28.8199
28.4306
28.0417
27.6531
27.2647
26.8767
26.4888
26.1012
25.7137
25.3264
24.9392
24.5521
24.1651
23.7782
23.3913
23.0045
22.6178
22.231
21.8444
21.4577
21.0711
20.6844
20.2978
19.9112
19.5246
19.138
18.7514
18.3648
17.9783
17.5917
17.2051
16.8185
16.4319
16.0453
15.6587
15.2721
14.8855
14.4989
14.1123
13.7256
13.339
12.9524
12.5658
12.1792
11.7925
11.4059
11.0193
10.6326
10.246
9.85938
9.47275
9.08611
8.69947
8.31283
7.92619
7.53955
7.15291
6.76627
6.37963
5.99298
5.60634
5.2197
4.83305
4.44641
4.05977
3.67312
3.28648
2.89983
2.51319
2.12654
1.7399
1.35326
0.966611
0.579967
0.193322
30.7718
30.3809
29.9903
29.5999
29.2099
28.8203
28.431
28.0421
27.6534
27.265
26.8769
26.489
26.1014
25.7139
25.3265
24.9393
24.5522
24.1652
23.7782
23.3914
23.0046
22.6178
22.2311
21.8444
21.4577
21.0711
20.6845
20.2978
19.9112
19.5246
19.138
18.7514
18.3648
17.9783
17.5917
17.2051
16.8185
16.4319
16.0453
15.6587
15.2721
14.8855
14.4989
14.1123
13.7256
13.339
12.9524
12.5658
12.1792
11.7925
11.4059
11.0193
10.6326
10.246
9.85938
9.47274
9.08611
8.69947
8.31283
7.92619
7.53955
7.15291
6.76627
6.37962
5.99298
5.60634
5.2197
4.83305
4.44641
4.05976
3.67312
3.28648
2.89983
2.51319
2.12654
1.7399
1.35326
0.966611
0.579967
0.193322
30.772
30.3811
29.9904
29.6001
29.2101
28.8205
28.4312
28.0422
27.6536
27.2652
26.8771
26.4892
26.1015
25.714
25.3266
24.9394
24.5522
24.1652
23.7783
23.3914
23.0046
22.6178
22.2311
21.8444
21.4577
21.0711
20.6845
20.2978
19.9112
19.5246
19.138
18.7514
18.3648
17.9783
17.5917
17.2051
16.8185
16.4319
16.0453
15.6587
15.2721
14.8855
14.4989
14.1123
13.7256
13.339
12.9524
12.5658
12.1792
11.7925
11.4059
11.0193
10.6326
10.246
9.85938
9.47274
9.08611
8.69947
8.31283
7.92619
7.53955
7.15291
6.76627
6.37962
5.99298
5.60634
5.2197
4.83305
4.44641
4.05976
3.67312
3.28648
2.89983
2.51319
2.12654
1.7399
1.35326
0.966611
0.579967
0.193322
31.9749
31.8463
31.7189
31.5933
31.4702
31.3505
31.2348
31.1236
31.0176
30.9174
31.9767
31.8516
31.7275
31.605
31.4849
31.3679
31.2547
31.146
31.0422
30.9437
31.9781
31.8555
31.7338
31.6137
31.4959
31.381
31.2696
31.1622
31.0593
30.9614
31.9792
31.8585
31.7388
31.6205
31.5044
31.3909
31.2806
31.1741
31.0718
30.9741
31.9801
31.861
31.7427
31.6259
31.511
31.3986
31.2891
31.1832
31.0812
30.9835
31.9809
31.8631
31.746
31.6303
31.5164
31.4048
31.296
31.1904
31.0885
30.9908
31.9816
31.8648
31.7488
31.634
31.5209
31.41
31.3016
31.1963
31.0944
30.9964
31.9822
31.8664
31.7513
31.6373
31.5249
31.4144
31.3065
31.2013
31.0993
31.0009
31.9827
31.8678
31.7535
31.6402
31.5284
31.4184
31.3107
31.2056
31.1034
31.0045
31.9832
31.8691
31.7555
31.6429
31.5316
31.4221
31.3145
31.2094
31.1069
31.0075
31.9836
31.8703
31.7574
31.6454
31.5347
31.4254
31.318
31.2128
31.11
31.0099
31.984
31.8714
31.7592
31.6478
31.5375
31.4285
31.3212
31.2159
31.1127
31.012
31.9844
31.8725
31.7609
31.6501
31.5402
31.4315
31.3242
31.2187
31.1151
31.0137
31.9848
31.8735
31.7626
31.6522
31.5427
31.4343
31.3271
31.2214
31.1174
31.0152
31.9852
31.8745
31.7642
31.6543
31.5452
31.437
31.3298
31.2239
31.1194
31.0165
31.9855
31.8755
31.7657
31.6564
31.5476
31.4395
31.3324
31.2262
31.1213
31.0176
31.9858
31.8764
31.7672
31.6583
31.5499
31.442
31.3349
31.2285
31.123
31.0186
31.9862
31.8774
31.7687
31.6603
31.5522
31.4445
31.3373
31.2306
31.1247
31.0195
31.9865
31.8783
31.7701
31.6622
31.5544
31.4468
31.3396
31.2327
31.1262
31.0202
31.9868
31.8791
31.7715
31.664
31.5565
31.4491
31.3418
31.2347
31.1276
31.0208
33.1473
33.0876
33.0293
32.9728
32.9186
32.8674
32.8202
32.7787
32.7454
32.7248
33.0498
32.9953
32.9422
32.8907
32.8412
32.7945
32.7515
32.7137
32.6834
32.6646
32.9459
32.8971
32.8495
32.8033
32.7589
32.717
32.6785
32.6445
32.6173
32.6005
32.8364
32.7936
32.7518
32.7112
32.6722
32.6354
32.6014
32.5716
32.5477
32.533
32.7222
32.6855
32.6497
32.6149
32.5815
32.55
32.5209
32.4953
32.4749
32.4623
32.6039
32.5735
32.5439
32.5151
32.4875
32.4614
32.4374
32.4163
32.3994
32.3891
32.482
32.4582
32.435
32.4124
32.3908
32.3703
32.3514
32.3349
32.3216
32.3136
32.3575
32.3404
32.3236
32.3074
32.2918
32.2771
32.2635
32.2516
32.2421
32.2364
32.231
32.2206
32.2105
32.2007
32.1913
32.1824
32.1742
32.167
32.1613
32.1579
32.1032
32.0997
32.0963
32.093
32.0898
32.0868
32.0841
32.0816
32.0797
32.0786
33.6684
33.5811
33.4958
33.413
33.3336
33.2584
33.1891
33.128
33.079
33.0483
33.6585
33.5717
33.4869
33.4046
33.3256
33.2509
33.182
33.1213
33.0725
33.0421
33.6386
33.5529
33.469
33.3877
33.3097
33.2359
33.1678
33.1079
33.0597
33.0296
33.609
33.5248
33.4425
33.3626
33.286
33.2135
33.1467
33.0879
33.0406
33.0111
33.5699
33.4876
33.4073
33.3293
33.2546
33.1839
33.1188
33.0614
33.0153
32.9865
33.5213
33.4415
33.3636
33.2881
33.2157
33.1473
33.0842
33.0287
32.984
32.9561
33.4634
33.3866
33.3117
33.2392
33.1696
33.1038
33.0432
32.9898
32.9469
32.9201
33.3966
33.3234
33.252
33.1828
33.1164
33.0537
32.996
32.9451
32.9042
32.8787
33.3212
33.2521
33.1847
33.1193
33.0566
32.9974
32.9428
32.8948
32.8562
32.8321
33.2378
33.1733
33.1103
33.0492
32.9905
32.9351
32.8841
32.8392
32.8031
32.7807
39.9333
39.6098
39.2857
38.9614
38.6372
38.313
37.9889
37.6651
37.3415
37.0183
36.6956
36.3734
36.0519
35.7314
35.4121
35.0944
34.7789
34.4665
34.1583
33.857
39.9332
39.6092
39.2846
38.9599
38.6351
38.3104
37.9859
37.6616
37.3376
37.0139
36.6907
36.368
36.0461
35.7251
35.4053
35.0872
34.7712
34.4582
34.1495
33.8474
39.933
39.6079
39.2824
38.9567
38.631
38.3054
37.9799
37.6547
37.3298
37.0052
36.681
36.3574
36.0345
35.7125
35.3918
35.0727
34.7558
34.4418
34.1319
33.8284
39.9327
39.6061
39.279
38.9519
38.6248
38.2978
37.971
37.6444
37.318
36.9921
36.6665
36.3415
36.0172
35.6938
35.3716
35.0511
34.7327
34.4172
34.1057
33.7999
39.9322
39.6036
39.2746
38.9456
38.6167
38.2878
37.9592
37.6307
37.3025
36.9747
36.6473
36.3204
35.9943
35.669
35.345
35.0225
34.7022
34.3847
34.0709
33.7623
39.9317
39.6005
39.2691
38.9378
38.6066
38.2754
37.9445
37.6138
37.2834
36.9533
36.6236
36.2944
35.966
35.6384
35.312
34.9871
34.6644
34.3444
34.0279
33.7157
39.931
39.5968
39.2626
38.9285
38.5946
38.2608
37.9271
37.5937
37.2606
36.9278
36.5954
36.2636
35.9324
35.6021
35.2729
34.9452
34.6196
34.2965
33.9768
33.6603
39.9301
39.5925
39.255
38.9178
38.5807
38.2438
37.9071
37.5706
37.2344
36.8985
36.5631
36.2281
35.8938
35.5604
35.228
34.8971
34.5681
34.2415
33.9179
33.5962
39.9292
39.5875
39.2465
38.9057
38.5652
38.2248
37.8846
37.5447
37.205
36.8656
36.5267
36.1883
35.8505
35.5136
35.1777
34.8432
34.5103
34.1796
33.8514
33.5233
39.9281
39.582
39.237
38.8924
38.548
38.2038
37.8598
37.516
37.1725
36.8293
36.4866
36.1444
35.8028
35.462
35.1223
34.7838
34.4469
34.1116
33.7778
33.442
39.9266
39.5788
39.2317
38.885
38.5385
38.1923
37.8462
37.5004
37.1548
36.8095
36.4647
36.1203
35.7764
35.4333
35.091
34.7495
34.409
34.0691
33.7286
33.3843
39.9256
39.5784
39.2314
38.8846
38.538
38.1917
37.8455
37.4995
37.1537
36.8082
36.463
36.1182
35.7737
35.4297
35.0861
34.7429
34.3999
34.0563
33.7109
33.3611
39.9248
39.5777
39.2308
38.884
38.5374
38.1909
37.8446
37.4984
37.1525
36.8067
36.4611
36.1158
35.7707
35.4258
35.081
34.7363
34.3911
34.0448
33.6964
33.344
39.924
39.5771
39.2302
38.8833
38.5366
38.1901
37.8436
37.4973
37.151
36.805
36.459
36.1132
35.7675
35.4218
35.076
34.7299
34.3831
34.035
33.6848
33.3313
39.9233
39.5763
39.2294
38.8826
38.5358
38.1891
37.8425
37.496
37.1495
36.8032
36.4568
36.1105
35.7642
35.4178
35.0711
34.724
34.376
34.0267
33.6755
33.3218
39.9225
39.5756
39.2287
38.8818
38.5349
38.1881
37.8414
37.4947
37.148
36.8013
36.4546
36.1079
35.7611
35.414
35.0666
34.7187
34.3699
34.0198
33.6682
33.3145
39.9218
39.5748
39.2279
38.8809
38.534
38.1871
37.8402
37.4933
37.1464
36.7995
36.4525
36.1054
35.7581
35.4105
35.0625
34.714
34.3646
34.0142
33.6624
33.309
39.921
39.574
39.227
38.88
38.533
38.186
37.839
37.4919
37.1448
36.7977
36.4504
36.1029
35.7553
35.4073
35.0589
34.7099
34.3602
34.0095
33.6577
33.3046
39.9202
39.5732
39.2262
38.8792
38.5321
38.185
37.8378
37.4906
37.1433
36.7959
36.4484
36.1007
35.7527
35.4044
35.0557
34.7064
34.3564
34.0056
33.6539
33.3012
39.9195
39.5725
39.2254
38.8783
38.5312
38.184
37.8367
37.4894
37.1419
36.7943
36.4466
36.0986
35.7504
35.4018
35.0528
34.7033
34.3532
34.0024
33.6508
33.2985
39.9188
39.5717
39.2247
38.8775
38.5303
38.183
37.8357
37.4882
37.1406
36.7928
36.4449
36.0967
35.7483
35.3995
35.0504
34.7007
34.3506
33.9998
33.6484
33.2963
39.9181
39.571
39.2239
38.8768
38.5295
38.1821
37.8347
37.4871
37.1394
36.7915
36.4434
36.0951
35.7465
35.3975
35.0483
34.6985
34.3483
33.9976
33.6464
33.2946
39.9175
39.5704
39.2233
38.876
38.5287
38.1813
37.8338
37.4861
37.1383
36.7902
36.442
36.0936
35.7449
35.3958
35.0464
34.6967
34.3465
33.9958
33.6447
33.2932
39.9169
39.5698
39.2227
38.8754
38.528
38.1806
37.8329
37.4852
37.1373
36.7892
36.4409
36.0923
35.7435
35.3944
35.0449
34.6951
34.3449
33.9944
33.6434
33.2921
39.9164
39.5693
39.2221
38.8748
38.5274
38.1799
37.8322
37.4844
37.1364
36.7882
36.4399
36.0912
35.7423
35.3932
35.0437
34.6939
34.3437
33.9932
33.6423
33.2912
39.9159
39.5689
39.2217
38.8744
38.5269
38.1794
37.8316
37.4838
37.1357
36.7875
36.439
36.0903
35.7414
35.3922
35.0427
34.6928
34.3427
33.9922
33.6415
33.2905
39.9156
39.5685
39.2213
38.874
38.5265
38.1789
37.8312
37.4832
37.1352
36.7869
36.4384
36.0896
35.7406
35.3914
35.0419
34.692
34.3419
33.9915
33.6409
33.29
39.9153
39.5682
39.221
38.8737
38.5262
38.1786
37.8308
37.4829
37.1347
36.7864
36.4379
36.0891
35.7401
35.3908
35.0413
34.6915
34.3414
33.991
33.6404
33.2896
39.9151
39.5681
39.2208
38.8735
38.526
38.1783
37.8306
37.4826
37.1344
36.7861
36.4375
36.0887
35.7397
35.3904
35.0409
34.6911
34.341
33.9907
33.6401
33.2893
39.9151
39.568
39.2207
38.8734
38.5259
38.1782
37.8304
37.4825
37.1343
36.7859
36.4374
36.0886
35.7395
35.3902
35.0407
34.6909
34.3408
33.9905
33.6399
33.2892
33.1602
33.0602
32.9544
32.8434
32.7278
32.6081
32.4852
32.3597
32.2323
32.1038
33.1345
33.036
32.9324
32.8238
32.7108
32.5938
32.4738
32.3514
32.2273
32.1022
33.1173
33.0194
32.9167
32.8094
32.698
32.5832
32.4654
32.3454
32.2237
32.1011
33.105
33.0074
32.9052
32.7987
32.6885
32.575
32.4589
32.3407
32.2209
32.1002
33.0959
32.9984
32.8964
32.7905
32.6811
32.5687
32.4538
32.337
32.2187
32.0996
33.089
32.9913
32.8895
32.784
32.6752
32.5636
32.4497
32.334
32.2169
32.099
33.0836
32.9857
32.8838
32.7786
32.6702
32.5593
32.4462
32.3314
32.2154
32.0986
33.0794
32.981
32.8791
32.7739
32.6659
32.5555
32.4431
32.3291
32.214
32.0982
33.076
32.9771
32.875
32.7698
32.6621
32.5522
32.4403
32.3271
32.2128
32.0978
33.0732
32.9738
32.8713
32.7662
32.6586
32.5491
32.4378
32.3252
32.2116
32.0975
33.0709
32.9708
32.8681
32.7628
32.6554
32.5462
32.4354
32.3234
32.2105
32.0972
33.0689
32.9682
32.8651
32.7597
32.6524
32.5434
32.4331
32.3217
32.2095
32.0969
33.0673
32.9659
32.8623
32.7568
32.6495
32.5408
32.4309
32.3201
32.2085
32.0965
33.0658
32.9637
32.8597
32.754
32.6468
32.5383
32.4288
32.3185
32.2075
32.0962
33.0646
32.9617
32.8572
32.7513
32.6442
32.5359
32.4268
32.3169
32.2066
32.0959
33.0635
32.9599
32.8549
32.7488
32.6416
32.5336
32.4248
32.3154
32.2056
32.0956
33.0626
32.9582
32.8527
32.7463
32.6391
32.5313
32.4228
32.3139
32.2047
32.0953
33.0618
32.9565
32.8506
32.7439
32.6367
32.529
32.4209
32.3125
32.2038
32.095
33.0611
32.955
32.8485
32.7416
32.6344
32.5268
32.419
32.3111
32.2029
32.0947
33.0605
32.9536
32.8466
32.7394
32.6321
32.5247
32.4172
32.3097
32.202
32.0944
31.3524
31.4126
31.4767
31.5443
31.615
31.6883
31.7638
31.841
31.9195
31.9988
31.3318
31.3939
31.46
31.5296
31.6025
31.678
31.7558
31.8353
31.9161
31.9977
31.2985
31.3636
31.4328
31.5058
31.582
31.6611
31.7426
31.8258
31.9104
31.9958
31.257
31.3257
31.3989
31.4759
31.5565
31.64
31.726
31.814
31.9033
31.9935
31.2099
31.2828
31.3603
31.442
31.5275
31.6161
31.7072
31.8005
31.8952
31.9908
31.1587
31.2361
31.3184
31.4053
31.496
31.59
31.6868
31.7858
31.8864
31.9878
31.1045
31.1867
31.2741
31.3663
31.4626
31.5625
31.6653
31.7703
31.877
31.9848
31.048
31.1352
31.228
31.3258
31.4279
31.5338
31.6428
31.7542
31.8673
31.9815
30.9898
31.0821
31.1804
31.284
31.3921
31.5042
31.6196
31.7376
31.8573
31.9782
30.9301
31.0276
31.1316
31.2412
31.3555
31.474
31.5959
31.7205
31.8471
31.9748
31.0288
31.035
31.0475
31.066
31.0906
31.121
31.157
31.1985
31.2451
31.2965
30.9981
31.0046
31.0174
31.0365
31.0618
31.0931
31.1302
31.1729
31.221
31.274
30.949
30.9558
30.9692
30.9892
31.0157
31.0484
31.0873
31.1321
31.1824
31.238
30.8879
30.8951
30.9092
30.9303
30.9583
30.9929
31.0339
31.0812
31.1343
31.1931
30.8186
30.8262
30.8412
30.8635
30.8932
30.9298
30.9733
31.0234
31.0798
31.1421
30.7434
30.7514
30.7673
30.7911
30.8225
30.8614
30.9076
30.9607
31.0206
31.0867
30.664
30.6724
30.6893
30.7144
30.7477
30.7889
30.8379
30.8944
30.9579
31.0281
30.5812
30.5901
30.6079
30.6345
30.6698
30.7135
30.7654
30.8252
30.8926
30.967
30.4959
30.5053
30.5241
30.5522
30.5894
30.6356
30.6905
30.7539
30.8252
30.904
30.4086
30.4186
30.4384
30.4679
30.5071
30.5558
30.6138
30.6807
30.7562
30.8396
30.195
30.2046
30.2238
30.2525
30.2904
30.3375
30.3936
30.4586
30.5326
30.6152
29.8404
29.8496
29.8679
29.8954
29.9317
29.9768
30.0303
30.0921
30.162
30.2393
29.4775
29.4865
29.5045
29.5313
29.5668
29.6108
29.6631
29.7233
29.7911
29.8656
29.1097
29.1186
29.1362
29.1626
29.1975
29.2407
29.292
29.351
29.4173
29.4901
28.7386
28.7473
28.7647
28.7907
28.8251
28.8676
28.918
28.976
29.0411
29.1128
28.3652
28.3738
28.3909
28.4165
28.4503
28.4922
28.5419
28.599
28.6631
28.7337
27.99
27.9985
28.0154
28.0406
28.074
28.1153
28.1642
28.2205
28.2837
28.3533
27.6136
27.6219
27.6386
27.6634
27.6963
27.737
27.7853
27.8408
27.9032
27.9718
27.2361
27.2444
27.2608
27.2853
27.3178
27.3579
27.4055
27.4602
27.5217
27.5895
26.858
26.8661
26.8823
26.9065
26.9385
26.9781
27.025
27.079
27.1396
27.2065
26.4793
26.4873
26.5033
26.5271
26.5586
26.5976
26.6439
26.6971
26.757
26.8229
26.1001
26.108
26.1238
26.1472
26.1783
26.2168
26.2624
26.3149
26.3739
26.4389
25.7206
25.7284
25.7439
25.767
25.7977
25.8356
25.8805
25.9323
25.9904
26.0545
25.3408
25.3485
25.3638
25.3866
25.4167
25.4541
25.4984
25.5494
25.6066
25.6698
24.9608
24.9683
24.9834
25.0058
25.0356
25.0724
25.116
25.1662
25.2227
25.2849
24.5806
24.588
24.6028
24.6249
24.6542
24.6905
24.7334
24.7829
24.8385
24.8998
24.2002
24.2075
24.2221
24.2439
24.2727
24.3084
24.3507
24.3994
24.4542
24.5145
23.8197
23.8269
23.8413
23.8627
23.8911
23.9262
23.9679
24.0158
24.0697
24.1292
23.4391
23.4462
23.4603
23.4814
23.5094
23.5439
23.5849
23.6321
23.6851
23.7437
23.0584
23.0654
23.0793
23.1001
23.1275
23.1616
23.2019
23.2483
23.3005
23.3581
22.6777
22.6845
22.6982
22.7186
22.7457
22.7791
22.8188
22.8644
22.9158
22.9724
22.2969
22.3036
22.3171
22.3371
22.3637
22.3966
22.4356
22.4805
22.531
22.5867
21.916
21.9226
21.9359
21.9556
21.9817
22.014
22.0524
22.0965
22.1461
22.2009
21.5351
21.5416
21.5546
21.574
21.5997
21.6314
21.6691
21.7125
21.7612
21.815
21.1542
21.1606
21.1733
21.1924
21.2176
21.2488
21.2858
21.3284
21.3763
21.4292
20.7732
20.7795
20.792
20.8107
20.8355
20.8661
20.9025
20.9443
20.9913
21.0433
20.3922
20.3984
20.4107
20.429
20.4533
20.4834
20.5191
20.5602
20.6063
20.6573
20.0112
20.0172
20.0293
20.0473
20.0712
20.1007
20.1357
20.176
20.2213
20.2714
19.6302
19.6361
19.6479
19.6656
19.689
19.718
19.7523
19.7918
19.8363
19.8854
19.2491
19.2549
19.2665
19.2839
19.3068
19.3352
19.3689
19.4076
19.4512
19.4994
18.868
18.8737
18.8851
18.9021
18.9246
18.9524
18.9854
19.0234
19.0662
19.1134
18.4869
18.4925
18.5037
18.5203
18.5424
18.5696
18.602
18.6392
18.6811
18.7273
18.1058
18.1113
18.1222
18.1385
18.1601
18.1868
18.2185
18.255
18.296
18.3413
17.7247
17.7301
17.7408
17.7568
17.7779
17.804
17.835
17.8707
17.9109
17.9552
17.3436
17.3489
17.3593
17.3749
17.3956
17.4212
17.4516
17.4865
17.5258
17.5692
16.9625
16.9676
16.9779
16.9931
17.0133
17.0384
17.0681
17.1022
17.1406
17.1831
16.5814
16.5864
16.5964
16.6113
16.6311
16.6555
16.6846
16.7179
16.7555
16.797
16.2002
16.2051
16.2149
16.2295
16.2488
16.2727
16.301
16.3337
16.3704
16.4109
15.8191
15.8239
15.8334
15.8477
15.8665
15.8898
15.9175
15.9494
15.9852
16.0248
15.4379
15.4426
15.4519
15.4658
15.4842
15.507
15.534
15.5651
15.6001
15.6387
15.0568
15.0613
15.0704
15.084
15.1019
15.1241
15.1505
15.1808
15.2149
15.2526
14.6756
14.6801
14.6889
14.7021
14.7196
14.7413
14.7669
14.7965
14.8298
14.8665
14.2945
14.2988
14.3074
14.3203
14.3373
14.3584
14.3834
14.4122
14.4446
14.4804
13.9133
13.9175
13.9259
13.9384
13.955
13.9755
13.9999
14.0279
14.0594
14.0942
13.5321
13.5362
13.5444
13.5566
13.5727
13.5926
13.6163
13.6436
13.6742
13.7081
13.151
13.1549
13.1629
13.1747
13.1904
13.2098
13.2328
13.2593
13.2891
13.322
12.7698
12.7736
12.7813
12.7928
12.808
12.8269
12.8492
12.875
12.9039
12.9358
12.3886
12.3923
12.3998
12.411
12.4257
12.444
12.4657
12.4906
12.5187
12.5497
12.0074
12.011
12.0183
12.0291
12.0434
12.0611
12.0821
12.1063
12.1335
12.1636
11.6262
11.6298
11.6368
11.6472
11.6611
11.6782
11.6986
11.722
11.7483
11.7774
11.2451
11.2485
11.2552
11.2654
11.2788
11.2953
11.315
11.3377
11.3631
11.3913
10.8639
10.8672
10.8737
10.8835
10.8964
10.9124
10.9315
10.9533
10.9779
11.0051
10.4827
10.4859
10.4922
10.5016
10.5141
10.5296
10.5479
10.569
10.5928
10.619
10.1015
10.1046
10.1106
10.1197
10.1318
10.1467
10.1643
10.1847
10.2076
10.2328
9.72031
9.72325
9.72911
9.73786
9.74944
9.76377
9.78078
9.80036
9.82238
9.8467
9.33912
9.34195
9.34758
9.35598
9.36711
9.38088
9.39722
9.41603
9.43718
9.46056
8.95793
8.96064
8.96605
8.97411
8.98478
8.99799
9.01366
9.0317
9.05199
9.07441
8.57675
8.57934
8.58451
8.59223
8.60245
8.6151
8.6301
8.64737
8.6668
8.68826
8.19556
8.19804
8.20298
8.21035
8.22011
8.2322
8.24654
8.26304
8.28161
8.30211
7.81437
7.81673
7.82145
7.82848
7.83778
7.84931
7.86298
7.87871
7.89641
7.91597
7.43318
7.43543
7.43991
7.4466
7.45545
7.46641
7.47942
7.49438
7.51122
7.52982
7.05199
7.05413
7.05838
7.06472
7.07312
7.08352
7.09586
7.11005
7.12602
7.14367
6.67081
6.67282
6.67684
6.68285
6.69079
6.70063
6.71229
6.72572
6.74083
6.75752
6.28962
6.29152
6.29531
6.30097
6.30846
6.31773
6.32873
6.34139
6.35564
6.37137
5.90843
5.91022
5.91378
5.91909
5.92613
5.93484
5.94517
5.95706
5.97044
5.98522
5.52724
5.52891
5.53224
5.53722
5.5438
5.55194
5.56161
5.57274
5.58525
5.59908
5.14605
5.14761
5.15071
5.15534
5.16147
5.16905
5.17805
5.18841
5.20006
5.21293
4.76487
4.76631
4.76918
4.77346
4.77913
4.78616
4.79449
4.80408
4.81486
4.82678
4.38368
4.385
4.38765
4.39159
4.3968
4.40326
4.41093
4.41975
4.42967
4.44063
4.00249
4.0037
4.00611
4.00971
4.01447
4.02037
4.02737
4.03542
4.04448
4.05448
3.62131
3.6224
3.62458
3.62784
3.63214
3.63748
3.64381
3.65109
3.65928
3.66833
3.24012
3.2411
3.24305
3.24596
3.24981
3.25459
3.26025
3.26676
3.27409
3.28219
2.85893
2.8598
2.86152
2.86409
2.86748
2.87169
2.87669
2.88243
2.8889
2.89604
2.47775
2.4785
2.47999
2.48221
2.48515
2.4888
2.49313
2.4981
2.5037
2.50989
2.09656
2.09719
2.09845
2.10034
2.10283
2.10591
2.10957
2.11377
2.11851
2.12374
1.71538
1.71589
1.71692
1.71846
1.7205
1.72302
1.72601
1.72945
1.73332
1.73759
1.33419
1.33459
1.33539
1.33659
1.33817
1.34012
1.34245
1.34512
1.34812
1.35144
0.953006
0.953292
0.953862
0.954712
0.955838
0.957232
0.958886
0.96079
0.962931
0.965296
0.571821
0.571991
0.572331
0.572838
0.573509
0.574341
0.575327
0.576461
0.577738
0.579148
0.190636
0.190691
0.190801
0.190964
0.191181
0.191449
0.191767
0.192133
0.192545
0.193
30.6732
30.6964
30.7139
30.727
30.7369
30.7445
30.7504
30.755
30.7586
30.7615
30.7638
30.7657
30.7672
30.7684
30.7694
30.7701
30.7707
30.7711
30.7713
30.7715
30.29
30.3074
30.3218
30.3336
30.343
30.3506
30.3567
30.3617
30.3657
30.3689
30.3716
30.3737
30.3755
30.3769
30.3781
30.379
30.3796
30.3801
30.3804
30.3806
29.911
29.9232
29.9343
29.944
29.9523
29.9593
29.9651
29.97
29.974
29.9774
29.9802
29.9825
29.9844
29.9859
29.9872
29.9882
29.9889
29.9895
29.9898
29.99
29.5324
29.5409
29.5492
29.5569
29.5638
29.5699
29.5751
29.5796
29.5835
29.5868
29.5895
29.5919
29.5938
29.5954
29.5967
29.5978
29.5986
29.5992
29.5996
29.5997
29.153
29.159
29.1651
29.1711
29.1767
29.1818
29.1864
29.1905
29.194
29.1971
29.1997
29.2019
29.2038
29.2054
29.2068
29.2078
29.2086
29.2092
29.2096
29.2098
28.7725
28.7768
28.7814
28.786
28.7905
28.7947
28.7986
28.8021
28.8053
28.8081
28.8105
28.8126
28.8144
28.8159
28.8172
28.8182
28.819
28.8196
28.82
28.8202
28.391
28.3942
28.3976
28.4012
28.4047
28.4082
28.4114
28.4145
28.4172
28.4197
28.4219
28.4238
28.4255
28.4269
28.4281
28.4291
28.4298
28.4304
28.4308
28.431
28.0087
28.011
28.0136
28.0164
28.0192
28.022
28.0247
28.0272
28.0296
28.0317
28.0337
28.0354
28.0369
28.0382
28.0393
28.0403
28.041
28.0415
28.0419
28.042
27.6256
27.6273
27.6293
27.6315
27.6337
27.636
27.6382
27.6403
27.6423
27.6442
27.6459
27.6474
27.6488
27.6499
27.6509
27.6518
27.6524
27.6529
27.6532
27.6534
27.2419
27.2432
27.2447
27.2464
27.2482
27.25
27.2519
27.2536
27.2553
27.2569
27.2584
27.2597
27.2609
27.2619
27.2628
27.2636
27.2642
27.2646
27.2649
27.265
26.8578
26.8587
26.8599
26.8612
26.8626
26.8641
26.8656
26.8671
26.8685
26.8698
26.8711
26.8722
26.8733
26.8742
26.875
26.8756
26.8762
26.8765
26.8768
26.8769
26.4732
26.4739
26.4748
26.4758
26.477
26.4782
26.4794
26.4806
26.4818
26.4829
26.484
26.485
26.4858
26.4866
26.4873
26.4879
26.4884
26.4887
26.489
26.4891
26.0882
26.0888
26.0895
26.0903
26.0912
26.0922
26.0932
26.0942
26.0951
26.0961
26.097
26.0978
26.0986
26.0993
26.0999
26.1004
26.1008
26.1011
26.1013
26.1014
25.703
25.7035
25.704
25.7046
25.7054
25.7061
25.7069
25.7078
25.7086
25.7094
25.7101
25.7108
25.7115
25.7121
25.7126
25.713
25.7134
25.7136
25.7138
25.7139
25.3176
25.3179
25.3184
25.3189
25.3194
25.3201
25.3207
25.3214
25.322
25.3227
25.3233
25.3239
25.3245
25.325
25.3254
25.3258
25.3261
25.3263
25.3265
25.3265
24.932
24.9322
24.9326
24.933
24.9334
24.9339
24.9344
24.935
24.9355
24.9361
24.9366
24.9371
24.9376
24.938
24.9384
24.9387
24.9389
24.9391
24.9393
24.9393
24.5462
24.5464
24.5467
24.547
24.5473
24.5477
24.5482
24.5486
24.5491
24.5495
24.5499
24.5504
24.5507
24.5511
24.5514
24.5517
24.5519
24.5521
24.5522
24.5522
24.1603
24.1605
24.1607
24.1609
24.1612
24.1615
24.1618
24.1622
24.1626
24.1629
24.1633
24.1636
24.164
24.1643
24.1645
24.1647
24.1649
24.1651
24.1652
24.1652
23.7743
23.7744
23.7746
23.7747
23.775
23.7752
23.7755
23.7758
23.7761
23.7764
23.7767
23.777
23.7772
23.7775
23.7777
23.7779
23.778
23.7782
23.7782
23.7783
23.3883
23.3883
23.3884
23.3885
23.3887
23.3889
23.3891
23.3894
23.3896
23.3899
23.3901
23.3903
23.3906
23.3908
23.3909
23.3911
23.3912
23.3913
23.3914
23.3914
23.0021
23.0021
23.0022
23.0023
23.0024
23.0026
23.0027
23.0029
23.0031
23.0033
23.0035
23.0037
23.0039
23.0041
23.0042
23.0043
23.0044
23.0045
23.0046
23.0046
22.6159
22.6159
22.6159
22.616
22.6161
22.6162
22.6163
22.6165
22.6166
22.6168
22.617
22.6171
22.6173
22.6174
22.6175
22.6176
22.6177
22.6178
22.6178
22.6178
22.2296
22.2296
22.2296
22.2296
22.2297
22.2298
22.2299
22.23
22.2301
22.2303
22.2304
22.2305
22.2306
22.2308
22.2309
22.2309
22.231
22.2311
22.2311
22.2311
21.8432
21.8432
21.8432
21.8433
21.8433
21.8434
21.8435
21.8435
21.8436
21.8437
21.8438
21.8439
21.844
21.8441
21.8442
21.8443
21.8443
21.8444
21.8444
21.8444
21.4569
21.4568
21.4568
21.4569
21.4569
21.4569
21.457
21.4571
21.4571
21.4572
21.4573
21.4574
21.4575
21.4575
21.4576
21.4576
21.4577
21.4577
21.4578
21.4578
21.0705
21.0704
21.0704
21.0704
21.0704
21.0705
21.0705
21.0706
21.0706
21.0707
21.0707
21.0708
21.0709
21.0709
21.071
21.071
21.0711
21.0711
21.0711
21.0711
20.684
20.684
20.684
20.684
20.684
20.684
20.684
20.6841
20.6841
20.6841
20.6842
20.6842
20.6843
20.6843
20.6844
20.6844
20.6844
20.6845
20.6845
20.6845
20.2976
20.2975
20.2975
20.2975
20.2975
20.2975
20.2975
20.2975
20.2976
20.2976
20.2976
20.2977
20.2977
20.2978
20.2978
20.2978
20.2978
20.2979
20.2979
20.2979
19.9111
19.9111
19.911
19.911
19.911
19.911
19.911
19.911
19.911
19.9111
19.9111
19.9111
19.9111
19.9112
19.9112
19.9112
19.9112
19.9113
19.9113
19.9113
19.5246
19.5246
19.5245
19.5245
19.5245
19.5245
19.5245
19.5245
19.5245
19.5245
19.5245
19.5246
19.5246
19.5246
19.5246
19.5246
19.5246
19.5247
19.5247
19.5247
19.1381
19.138
19.138
19.138
19.138
19.138
19.138
19.138
19.138
19.138
19.138
19.138
19.138
19.138
19.138
19.138
19.1381
19.1381
19.1381
19.1381
18.7516
18.7515
18.7515
18.7515
18.7514
18.7514
18.7514
18.7514
18.7514
18.7514
18.7514
18.7514
18.7514
18.7514
18.7514
18.7515
18.7515
18.7515
18.7515
18.7515
18.365
18.365
18.3649
18.3649
18.3649
18.3649
18.3649
18.3649
18.3648
18.3648
18.3648
18.3649
18.3649
18.3649
18.3649
18.3649
18.3649
18.3649
18.3649
18.3649
17.9785
17.9784
17.9784
17.9784
17.9783
17.9783
17.9783
17.9783
17.9783
17.9783
17.9783
17.9783
17.9783
17.9783
17.9783
17.9783
17.9783
17.9783
17.9783
17.9783
17.5919
17.5919
17.5918
17.5918
17.5918
17.5918
17.5917
17.5917
17.5917
17.5917
17.5917
17.5917
17.5917
17.5917
17.5917
17.5917
17.5917
17.5917
17.5917
17.5917
17.2053
17.2053
17.2053
17.2052
17.2052
17.2052
17.2052
17.2051
17.2051
17.2051
17.2051
17.2051
17.2051
17.2051
17.2051
17.2051
17.2051
17.2051
17.2051
17.2051
16.8188
16.8187
16.8187
16.8186
16.8186
16.8186
16.8186
16.8186
16.8186
16.8185
16.8185
16.8185
16.8185
16.8185
16.8185
16.8185
16.8185
16.8185
16.8185
16.8185
16.4322
16.4321
16.4321
16.4321
16.432
16.432
16.432
16.432
16.432
16.432
16.432
16.4319
16.4319
16.4319
16.4319
16.4319
16.4319
16.4319
16.4319
16.4319
16.0456
16.0455
16.0455
16.0455
16.0454
16.0454
16.0454
16.0454
16.0454
16.0454
16.0454
16.0454
16.0453
16.0453
16.0453
16.0453
16.0453
16.0453
16.0453
16.0453
15.659
15.6589
15.6589
15.6589
15.6589
15.6588
15.6588
15.6588
15.6588
15.6588
15.6588
15.6588
15.6588
15.6587
15.6587
15.6587
15.6587
15.6587
15.6587
15.6587
15.2724
15.2723
15.2723
15.2723
15.2723
15.2722
15.2722
15.2722
15.2722
15.2722
15.2722
15.2722
15.2722
15.2721
15.2721
15.2721
15.2721
15.2721
15.2721
15.2721
14.8857
14.8857
14.8857
14.8857
14.8856
14.8856
14.8856
14.8856
14.8856
14.8856
14.8856
14.8856
14.8855
14.8855
14.8855
14.8855
14.8855
14.8855
14.8855
14.8855
14.4991
14.4991
14.4991
14.4991
14.499
14.499
14.499
14.499
14.499
14.499
14.499
14.4989
14.4989
14.4989
14.4989
14.4989
14.4989
14.4989
14.4989
14.4989
14.1125
14.1125
14.1125
14.1124
14.1124
14.1124
14.1124
14.1124
14.1124
14.1124
14.1123
14.1123
14.1123
14.1123
14.1123
14.1123
14.1123
14.1123
14.1123
14.1123
13.7259
13.7259
13.7258
13.7258
13.7258
13.7258
13.7258
13.7258
13.7258
13.7257
13.7257
13.7257
13.7257
13.7257
13.7257
13.7257
13.7257
13.7257
13.7257
13.7257
13.3393
13.3392
13.3392
13.3392
13.3392
13.3392
13.3392
13.3391
13.3391
13.3391
13.3391
13.3391
13.3391
13.3391
13.3391
13.3391
13.3391
13.3391
13.3391
13.3391
12.9526
12.9526
12.9526
12.9526
12.9526
12.9525
12.9525
12.9525
12.9525
12.9525
12.9525
12.9525
12.9525
12.9525
12.9525
12.9525
12.9525
12.9525
12.9525
12.9525
12.566
12.566
12.566
12.5659
12.5659
12.5659
12.5659
12.5659
12.5659
12.5659
12.5659
12.5659
12.5659
12.5659
12.5659
12.5659
12.5659
12.5659
12.5659
12.5659
12.1794
12.1793
12.1793
12.1793
12.1793
12.1793
12.1793
12.1793
12.1793
12.1793
12.1793
12.1792
12.1792
12.1792
12.1792
12.1792
12.1792
12.1792
12.1792
12.1792
11.7927
11.7927
11.7927
11.7927
11.7927
11.7927
11.7927
11.7926
11.7926
11.7926
11.7926
11.7926
11.7926
11.7926
11.7926
11.7926
11.7926
11.7926
11.7926
11.7926
11.4061
11.4061
11.4061
11.406
11.406
11.406
11.406
11.406
11.406
11.406
11.406
11.406
11.406
11.406
11.406
11.406
11.406
11.406
11.406
11.406
11.0194
11.0194
11.0194
11.0194
11.0194
11.0194
11.0194
11.0194
11.0194
11.0194
11.0194
11.0194
11.0194
11.0194
11.0194
11.0194
11.0194
11.0194
11.0194
11.0193
10.6328
10.6328
10.6328
10.6328
10.6328
10.6328
10.6327
10.6327
10.6327
10.6327
10.6327
10.6327
10.6327
10.6327
10.6327
10.6327
10.6327
10.6327
10.6327
10.6327
10.2462
10.2461
10.2461
10.2461
10.2461
10.2461
10.2461
10.2461
10.2461
10.2461
10.2461
10.2461
10.2461
10.2461
10.2461
10.2461
10.2461
10.2461
10.2461
10.2461
9.85951
9.8595
9.85949
9.85949
9.85948
9.85948
9.85947
9.85947
9.85947
9.85946
9.85946
9.85946
9.85946
9.85946
9.85945
9.85945
9.85945
9.85945
9.85945
9.85945
9.47286
9.47286
9.47285
9.47285
9.47284
9.47284
9.47283
9.47283
9.47283
9.47282
9.47282
9.47282
9.47282
9.47282
9.47282
9.47282
9.47282
9.47282
9.47282
9.47282
9.08622
9.08621
9.08621
9.0862
9.0862
9.0862
9.08619
9.08619
9.08619
9.08619
9.08618
9.08618
9.08618
9.08618
9.08618
9.08618
9.08618
9.08618
9.08618
9.08618
8.69957
8.69957
8.69956
8.69956
8.69956
8.69955
8.69955
8.69955
8.69955
8.69955
8.69954
8.69954
8.69954
8.69954
8.69954
8.69954
8.69954
8.69954
8.69954
8.69954
8.31292
8.31292
8.31292
8.31292
8.31291
8.31291
8.31291
8.31291
8.3129
8.3129
8.3129
8.3129
8.3129
8.3129
8.3129
8.3129
8.3129
8.3129
8.3129
8.3129
7.92628
7.92628
7.92627
7.92627
7.92627
7.92627
7.92626
7.92626
7.92626
7.92626
7.92626
7.92626
7.92626
7.92626
7.92626
7.92626
7.92626
7.92626
7.92626
7.92626
7.53963
7.53963
7.53963
7.53962
7.53962
7.53962
7.53962
7.53962
7.53962
7.53962
7.53962
7.53962
7.53962
7.53962
7.53962
7.53962
7.53962
7.53962
7.53962
7.53962
7.15298
7.15298
7.15298
7.15298
7.15298
7.15298
7.15298
7.15298
7.15297
7.15297
7.15297
7.15298
7.15298
7.15298
7.15298
7.15298
7.15298
7.15298
7.15298
7.15298
6.76634
6.76633
6.76633
6.76633
6.76633
6.76633
6.76633
6.76633
6.76633
6.76633
6.76633
6.76633
6.76633
6.76633
6.76633
6.76633
6.76634
6.76634
6.76634
6.76634
6.37969
6.37969
6.37969
6.37969
6.37969
6.37969
6.37968
6.37969
6.37969
6.37969
6.37969
6.37969
6.37969
6.37969
6.37969
6.37969
6.37969
6.37969
6.37969
6.37969
5.99304
5.99304
5.99304
5.99304
5.99304
5.99304
5.99304
5.99304
5.99304
5.99304
5.99304
5.99304
5.99304
5.99304
5.99304
5.99305
5.99305
5.99305
5.99305
5.99305
5.60639
5.60639
5.60639
5.60639
5.60639
5.60639
5.60639
5.60639
5.60639
5.60639
5.6064
5.6064
5.6064
5.6064
5.6064
5.6064
5.6064
5.6064
5.6064
5.6064
5.21975
5.21975
5.21975
5.21975
5.21975
5.21975
5.21975
5.21975
5.21975
5.21975
5.21975
5.21975
5.21975
5.21975
5.21975
5.21976
5.21976
5.21976
5.21976
5.21976
4.8331
4.8331
4.8331
4.8331
4.8331
4.8331
4.8331
4.8331
4.8331
4.8331
4.8331
4.8331
4.8331
4.83311
4.83311
4.83311
4.83311
4.83311
4.83311
4.83311
4.44645
4.44645
4.44645
4.44645
4.44645
4.44645
4.44645
4.44645
4.44645
4.44645
4.44646
4.44646
4.44646
4.44646
4.44646
4.44646
4.44646
4.44646
4.44646
4.44647
4.0598
4.0598
4.0598
4.0598
4.0598
4.0598
4.0598
4.05981
4.05981
4.05981
4.05981
4.05981
4.05981
4.05981
4.05981
4.05981
4.05982
4.05982
4.05982
4.05982
3.67315
3.67315
3.67316
3.67316
3.67316
3.67316
3.67316
3.67316
3.67316
3.67316
3.67316
3.67316
3.67316
3.67316
3.67317
3.67317
3.67317
3.67317
3.67317
3.67317
3.28651
3.28651
3.28651
3.28651
3.28651
3.28651
3.28651
3.28651
3.28651
3.28651
3.28651
3.28651
3.28652
3.28652
3.28652
3.28652
3.28652
3.28652
3.28652
3.28652
2.89986
2.89986
2.89986
2.89986
2.89986
2.89986
2.89986
2.89986
2.89986
2.89986
2.89987
2.89987
2.89987
2.89987
2.89987
2.89987
2.89987
2.89987
2.89987
2.89987
2.51321
2.51321
2.51321
2.51321
2.51321
2.51321
2.51321
2.51321
2.51322
2.51322
2.51322
2.51322
2.51322
2.51322
2.51322
2.51322
2.51322
2.51322
2.51322
2.51322
2.12656
2.12656
2.12656
2.12656
2.12656
2.12657
2.12657
2.12657
2.12657
2.12657
2.12657
2.12657
2.12657
2.12657
2.12657
2.12657
2.12657
2.12657
2.12658
2.12658
1.73992
1.73992
1.73992
1.73992
1.73992
1.73992
1.73992
1.73992
1.73992
1.73992
1.73992
1.73992
1.73992
1.73992
1.73992
1.73992
1.73992
1.73993
1.73993
1.73993
1.35327
1.35327
1.35327
1.35327
1.35327
1.35327
1.35327
1.35327
1.35327
1.35327
1.35327
1.35327
1.35327
1.35327
1.35327
1.35327
1.35328
1.35328
1.35328
1.35328
0.96662
0.96662
0.96662
0.96662
0.96662
0.966621
0.966621
0.966621
0.966622
0.966622
0.966623
0.966623
0.966623
0.966624
0.966624
0.966625
0.966626
0.966626
0.966626
0.966626
0.579972
0.579972
0.579972
0.579972
0.579972
0.579972
0.579973
0.579973
0.579973
0.579973
0.579974
0.579974
0.579974
0.579974
0.579975
0.579975
0.579975
0.579976
0.579976
0.579976
0.193324
0.193324
0.193324
0.193324
0.193324
0.193324
0.193324
0.193324
0.193324
0.193324
0.193325
0.193325
0.193325
0.193325
0.193325
0.193325
0.193325
0.193325
0.193325
0.193325
31.9746
31.9764
31.9778
31.9789
31.9798
31.9805
31.9812
31.9817
31.9823
31.9827
31.9832
31.9836
31.9839
31.9843
31.9847
31.985
31.9853
31.9856
31.9859
31.9862
31.846
31.8513
31.8552
31.8582
31.8606
31.8627
31.8644
31.8659
31.8673
31.8686
31.8698
31.8709
31.872
31.873
31.874
31.875
31.8759
31.8768
31.8777
31.8786
31.7186
31.7272
31.7335
31.7384
31.7424
31.7456
31.7484
31.7508
31.753
31.7551
31.757
31.7587
31.7605
31.7621
31.7637
31.7652
31.7667
31.7682
31.7696
31.771
31.593
31.6047
31.6134
31.6202
31.6255
31.6299
31.6336
31.6369
31.6398
31.6425
31.645
31.6474
31.6496
31.6518
31.6539
31.6559
31.6578
31.6598
31.6616
31.6635
31.47
31.4846
31.4956
31.504
31.5106
31.516
31.5205
31.5245
31.528
31.5312
31.5342
31.537
31.5397
31.5423
31.5447
31.5471
31.5494
31.5517
31.5538
31.556
31.3503
31.3676
31.3807
31.3906
31.3982
31.4044
31.4096
31.4141
31.418
31.4217
31.425
31.4281
31.431
31.4338
31.4365
31.4391
31.4415
31.444
31.4463
31.4486
31.2345
31.2544
31.2693
31.2803
31.2888
31.2956
31.3013
31.3061
31.3103
31.3141
31.3176
31.3208
31.3238
31.3266
31.3293
31.3319
31.3344
31.3368
31.3391
31.3413
31.1234
31.1457
31.1619
31.1738
31.1829
31.1901
31.196
31.2009
31.2052
31.209
31.2124
31.2154
31.2183
31.2209
31.2234
31.2258
31.228
31.2301
31.2322
31.2341
31.0174
31.042
31.0591
31.0715
31.0809
31.0882
31.0941
31.099
31.103
31.1065
31.1096
31.1123
31.1147
31.1169
31.119
31.1208
31.1226
31.1242
31.1257
31.1271
30.9172
30.9435
30.9611
30.9738
30.9833
30.9905
30.9961
31.0006
31.0042
31.0071
31.0095
31.0116
31.0133
31.0148
31.0161
31.0172
31.0181
31.019
31.0197
31.0203
33.1472
33.0496
32.9457
32.8362
32.722
32.6036
32.4818
32.3573
32.2307
32.103
33.0875
32.9952
32.8969
32.7934
32.6853
32.5733
32.458
32.3401
32.2204
32.0995
33.0292
32.942
32.8493
32.7516
32.6495
32.5437
32.4348
32.3234
32.2103
32.0961
32.9727
32.8905
32.8031
32.711
32.6147
32.5149
32.4122
32.3072
32.2005
32.0928
32.9185
32.8411
32.7588
32.672
32.5814
32.4874
32.3906
32.2916
32.1911
32.0896
32.8673
32.7944
32.7169
32.6352
32.5498
32.4613
32.3701
32.2769
32.1822
32.0866
32.8201
32.7514
32.6784
32.6013
32.5208
32.4373
32.3513
32.2634
32.1741
32.0839
32.7786
32.7136
32.6444
32.5715
32.4952
32.4161
32.3347
32.2515
32.1669
32.0815
32.7453
32.6833
32.6172
32.5476
32.4748
32.3993
32.3215
32.242
32.1611
32.0796
32.7247
32.6645
32.6005
32.5329
32.4622
32.3889
32.3134
32.2362
32.1577
32.0784
33.6684
33.6584
33.6386
33.609
33.5698
33.5212
33.4634
33.3965
33.3211
33.2377
33.5811
33.5717
33.5528
33.5248
33.4876
33.4414
33.3866
33.3233
33.252
33.1732
33.4958
33.4869
33.469
33.4424
33.4072
33.3636
33.3117
33.2519
33.1846
33.1102
33.413
33.4046
33.3877
33.3626
33.3293
33.2881
33.2391
33.1827
33.1192
33.0491
33.3336
33.3256
33.3097
33.2859
33.2545
33.2157
33.1695
33.1164
33.0565
32.9904
33.2584
33.2508
33.2358
33.2135
33.1839
33.1472
33.1037
33.0537
32.9973
32.935
33.1891
33.182
33.1678
33.1467
33.1188
33.0842
33.0431
32.9959
32.9428
32.884
33.128
33.1213
33.1079
33.0879
33.0614
33.0286
32.9898
32.945
32.8947
32.8391
33.079
33.0725
33.0597
33.0406
33.0153
32.984
32.9469
32.9042
32.8561
32.8031
33.0483
33.0421
33.0296
33.011
32.9865
32.9561
32.9201
32.8786
32.8321
32.7806
39.9333
39.9332
39.933
39.9326
39.9322
39.9316
39.9309
39.93
39.929
39.9279
39.6098
39.6091
39.6079
39.606
39.6035
39.6004
39.5967
39.5924
39.5874
39.5819
39.2857
39.2846
39.2823
39.279
39.2745
39.269
39.2625
39.2549
39.2464
39.2369
38.9614
38.9598
38.9566
38.9519
38.9455
38.9377
38.9284
38.9177
38.9056
38.8923
38.6372
38.6351
38.6309
38.6248
38.6166
38.6065
38.5945
38.5806
38.5651
38.5479
38.313
38.3104
38.3053
38.2978
38.2878
38.2754
38.2607
38.2437
38.2247
38.2037
37.9889
37.9859
37.9799
37.9709
37.9591
37.9444
37.927
37.907
37.8845
37.8597
37.6651
37.6616
37.6547
37.6443
37.6307
37.6137
37.5936
37.5705
37.5446
37.5159
37.3415
37.3376
37.3297
37.318
37.3025
37.2833
37.2605
37.2343
37.2049
37.1724
37.0183
37.0139
37.0051
36.992
36.9746
36.9532
36.9277
36.8984
36.8655
36.8292
36.6956
36.6907
36.6809
36.6664
36.6472
36.6235
36.5953
36.563
36.5266
36.4865
36.3734
36.368
36.3573
36.3414
36.3204
36.2943
36.2635
36.228
36.1882
36.1442
36.0519
36.0461
36.0344
36.0171
35.9942
35.9659
35.9323
35.8937
35.8504
35.8027
35.7314
35.7251
35.7125
35.6937
35.669
35.6383
35.602
35.5603
35.5135
35.4619
35.4121
35.4053
35.3918
35.3716
35.3449
35.3119
35.2728
35.2279
35.1776
35.1222
35.0944
35.0871
35.0727
35.051
35.0224
34.9871
34.9452
34.897
34.843
34.7837
34.7789
34.7712
34.7557
34.7327
34.7021
34.6643
34.6195
34.568
34.5102
34.4467
34.4665
34.4582
34.4417
34.4172
34.3846
34.3443
34.2965
34.2414
34.1795
34.1115
34.1583
34.1495
34.1319
34.1056
34.0709
34.0278
33.9767
33.9178
33.8512
33.7777
33.857
33.8474
33.8283
33.7999
33.7622
33.7156
33.6602
33.5961
33.5232
33.4419
39.9264
39.9254
39.9245
39.9238
39.923
39.9222
39.9214
39.9206
39.9198
39.919
39.9183
39.9176
39.9169
39.9163
39.9158
39.9154
39.915
39.9147
39.9145
39.9144
39.5786
39.5781
39.5775
39.5768
39.576
39.5752
39.5744
39.5736
39.5728
39.572
39.5712
39.5705
39.5699
39.5693
39.5687
39.5683
39.5679
39.5676
39.5674
39.5673
39.2315
39.2311
39.2306
39.2299
39.2291
39.2283
39.2275
39.2266
39.2258
39.2249
39.2242
39.2234
39.2227
39.2221
39.2215
39.2211
39.2207
39.2204
39.2202
39.2201
38.8848
38.8844
38.8838
38.8831
38.8823
38.8814
38.8805
38.8796
38.8787
38.8779
38.877
38.8762
38.8755
38.8748
38.8743
38.8738
38.8734
38.8731
38.8729
38.8728
38.5384
38.5378
38.5372
38.5364
38.5355
38.5346
38.5336
38.5326
38.5317
38.5307
38.5298
38.529
38.5282
38.5275
38.5269
38.5263
38.5259
38.5256
38.5254
38.5253
38.1921
38.1915
38.1907
38.1898
38.1888
38.1878
38.1867
38.1856
38.1845
38.1835
38.1825
38.1816
38.1808
38.18
38.1793
38.1788
38.1783
38.178
38.1777
38.1776
37.846
37.8453
37.8444
37.8433
37.8422
37.841
37.8398
37.8386
37.8374
37.8362
37.8352
37.8341
37.8332
37.8324
37.8317
37.8311
37.8306
37.8302
37.8299
37.8298
37.5002
37.4993
37.4982
37.497
37.4957
37.4943
37.4929
37.4915
37.4902
37.4889
37.4877
37.4866
37.4855
37.4846
37.4838
37.4832
37.4826
37.4822
37.482
37.4818
37.1546
37.1535
37.1522
37.1508
37.1492
37.1476
37.146
37.1444
37.1429
37.1414
37.1401
37.1388
37.1377
37.1367
37.1359
37.1351
37.1346
37.1341
37.1338
37.1337
36.8094
36.808
36.8064
36.8047
36.8028
36.801
36.7991
36.7973
36.7955
36.7939
36.7923
36.7909
36.7897
36.7886
36.7877
36.7869
36.7863
36.7858
36.7855
36.7853
36.4645
36.4628
36.4609
36.4587
36.4565
36.4543
36.4521
36.45
36.448
36.4461
36.4444
36.4429
36.4415
36.4403
36.4393
36.4384
36.4378
36.4373
36.4369
36.4368
36.1201
36.118
36.1155
36.1129
36.1102
36.1076
36.105
36.1025
36.1002
36.0981
36.0962
36.0945
36.093
36.0918
36.0907
36.0898
36.089
36.0885
36.0881
36.088
35.7763
35.7735
35.7704
35.7672
35.7639
35.7607
35.7577
35.7549
35.7523
35.7499
35.7478
35.746
35.7443
35.7429
35.7418
35.7408
35.7401
35.7395
35.7391
35.7389
35.4331
35.4295
35.4255
35.4215
35.4175
35.4137
35.4101
35.4069
35.404
35.4013
35.399
35.397
35.3953
35.3938
35.3926
35.3916
35.3908
35.3902
35.3898
35.3897
35.0908
35.0859
35.0808
35.0757
35.0708
35.0663
35.0622
35.0585
35.0552
35.0524
35.0499
35.0477
35.0459
35.0444
35.0431
35.0421
35.0413
35.0407
35.0403
35.0401
34.7494
34.7427
34.736
34.7296
34.7237
34.7183
34.7136
34.7095
34.7059
34.7029
34.7002
34.698
34.6961
34.6946
34.6933
34.6923
34.6915
34.6909
34.6905
34.6903
34.4089
34.3997
34.3908
34.3828
34.3757
34.3695
34.3642
34.3597
34.356
34.3528
34.3501
34.3478
34.3459
34.3444
34.3431
34.3421
34.3414
34.3408
34.3404
34.3402
34.0689
34.0561
34.0446
34.0347
34.0264
34.0195
34.0138
34.0091
34.0052
34.002
33.9993
33.9971
33.9953
33.9938
33.9926
33.9917
33.991
33.9904
33.9901
33.9899
33.7284
33.7107
33.6961
33.6845
33.6752
33.6678
33.662
33.6573
33.6535
33.6504
33.6479
33.6459
33.6442
33.6429
33.6418
33.641
33.6403
33.6398
33.6395
33.6394
33.3841
33.3609
33.3437
33.331
33.3214
33.3142
33.3086
33.3042
33.3008
33.298
33.2959
33.2941
33.2927
33.2916
33.2907
33.2899
33.2894
33.289
33.2888
33.2886
33.1601
33.1343
33.117
33.1047
33.0955
33.0886
33.0832
33.0789
33.0755
33.0727
33.0704
33.0684
33.0667
33.0653
33.0641
33.063
33.062
33.0612
33.0605
33.0599
33.06
33.0358
33.0191
33.0071
32.998
32.9909
32.9853
32.9806
32.9767
32.9733
32.9704
32.9677
32.9654
32.9632
32.9612
32.9593
32.9576
32.956
32.9545
32.953
32.9542
32.9322
32.9164
32.9048
32.896
32.8891
32.8834
32.8786
32.8745
32.8709
32.8676
32.8646
32.8618
32.8592
32.8567
32.8544
32.8521
32.85
32.848
32.846
32.8432
32.8236
32.8091
32.7983
32.7901
32.7836
32.7781
32.7735
32.7694
32.7657
32.7623
32.7592
32.7563
32.7535
32.7508
32.7482
32.7458
32.7434
32.7411
32.7388
32.7275
32.7105
32.6977
32.6881
32.6807
32.6748
32.6698
32.6655
32.6617
32.6582
32.6549
32.6519
32.649
32.6463
32.6436
32.6411
32.6386
32.6362
32.6338
32.6316
32.6079
32.5936
32.5829
32.5747
32.5683
32.5632
32.5589
32.5551
32.5517
32.5486
32.5457
32.5429
32.5403
32.5378
32.5354
32.533
32.5307
32.5285
32.5263
32.5242
32.4849
32.4735
32.4651
32.4586
32.4535
32.4493
32.4458
32.4427
32.4399
32.4373
32.4349
32.4326
32.4304
32.4283
32.4262
32.4242
32.4223
32.4204
32.4185
32.4167
32.3594
32.3511
32.345
32.3403
32.3366
32.3336
32.331
32.3287
32.3266
32.3247
32.3229
32.3212
32.3195
32.318
32.3164
32.3149
32.3134
32.3119
32.3105
32.3091
32.232
32.227
32.2234
32.2206
32.2183
32.2165
32.2149
32.2136
32.2123
32.2112
32.2101
32.209
32.208
32.207
32.2061
32.2051
32.2042
32.2033
32.2024
32.2015
32.1035
32.1019
32.1007
32.0999
32.0992
32.0986
32.0982
32.0978
32.0974
32.097
32.0967
32.0964
32.096
32.0957
32.0954
32.0951
32.0948
32.0945
32.0942
32.0939
)
;

boundaryField
{
    down
    {
        type            symmetryPlane;
    }
    right
    {
        type            fixedValue;
        value           uniform 0;
    }
    up
    {
        type            symmetryPlane;
    }
    left
    {
        type            zeroGradient;
    }
    cylinder
    {
        type            symmetry;
    }
    defaultFaces
    {
        type            empty;
    }
}


// ************************************************************************* //
