/*--------------------------------*- C++ -*----------------------------------*\
| =========                 |                                                 |
| \\      /  F ield         | OpenFOAM: The Open Source CFD Toolbox           |
|  \\    /   O peration     | Version:  2406                                  |
|   \\  /    A nd           | Website:  www.openfoam.com                      |
|    \\/     M anipulation  |                                                 |
\*---------------------------------------------------------------------------*/
FoamFile
{
    version     2.0;
    format      ascii;
    arch        "LSB;label=32;scalar=64";
    class       volScalarField;
    location    "2.64e-05";
    object      CH4;
}
// * * * * * * * * * * * * * * * * * * * * * * * * * * * * * * * * * * * * * //

dimensions      [0 0 0 0 0 0 0];

internalField   nonuniform List<scalar> 
4000
(
0.139859
0.0214707
0.0030543
0.000408632
5.2586e-05
6.59396e-06
8.11765e-07
9.85787e-08
1.18468e-08
1.41212e-09
1.67234e-10
1.97021e-11
2.3113e-12
2.70203e-13
3.15001e-14
3.66323e-15
4.25163e-16
4.92633e-17
5.70091e-18
6.58919e-19
7.60917e-20
8.77998e-21
1.01234e-21
1.16657e-22
1.34368e-23
1.54696e-24
1.78034e-25
2.04832e-26
2.35603e-27
2.70936e-28
3.11508e-29
3.58094e-30
4.11589e-31
4.73005e-32
5.43499e-33
6.24427e-34
7.17334e-35
8.23979e-36
9.46372e-37
1.08685e-37
1.24805e-38
1.43301e-39
1.64523e-40
1.88868e-41
2.16796e-42
2.48835e-43
2.8559e-44
3.27754e-45
3.76121e-46
4.316e-47
4.9524e-48
5.68236e-49
6.51968e-50
7.48003e-51
8.58183e-52
9.84547e-53
1.12948e-53
1.2957e-54
1.48635e-55
1.70502e-56
1.9558e-57
2.24348e-58
2.57361e-59
2.95221e-60
3.38646e-61
3.88467e-62
4.45611e-63
5.11175e-64
5.86447e-65
6.72784e-66
7.71827e-67
8.85502e-68
1.01597e-68
1.16573e-69
1.33765e-70
1.53504e-71
1.76156e-72
2.02198e-73
2.32066e-74
2.66382e-75
3.05805e-76
3.51131e-77
4.03141e-78
4.62874e-79
5.31684e-80
6.10638e-81
7.01388e-82
8.05712e-83
9.25661e-84
1.06361e-84
1.22228e-85
1.40522e-86
1.61505e-87
1.85697e-88
2.13557e-89
2.45705e-90
2.82591e-91
3.24529e-92
3.69256e-93
3.90336e-94
0.13778
0.0220581
0.00330986
0.000463811
6.20396e-05
8.03826e-06
1.01812e-06
1.26809e-07
1.5594e-08
1.89863e-09
2.29341e-10
2.7526e-11
3.28655e-12
3.90699e-13
4.62716e-14
5.46347e-15
6.43389e-16
7.55856e-17
8.87256e-18
1.03958e-18
1.21612e-19
1.42067e-20
1.65757e-21
1.93196e-22
2.24761e-23
2.61457e-24
3.03681e-25
3.52677e-26
4.09271e-27
4.74629e-28
5.50063e-29
6.37131e-30
7.37276e-31
8.52723e-32
9.85751e-33
1.13933e-33
1.31586e-34
1.51937e-35
1.75354e-36
2.02287e-37
2.33227e-38
2.68786e-39
3.09635e-40
3.56536e-41
4.10412e-42
4.7236e-43
5.43523e-44
6.25357e-45
7.19295e-46
8.27176e-47
9.51256e-48
1.09349e-48
1.25712e-49
1.44455e-50
1.66015e-51
1.90771e-52
2.19094e-53
2.51572e-54
2.88813e-55
3.31506e-56
3.80419e-57
4.36699e-58
5.01204e-59
5.75186e-60
6.59442e-61
7.56486e-62
8.66864e-63
9.93992e-64
1.13956e-64
1.30626e-65
1.49528e-66
1.71315e-67
1.96222e-68
2.24688e-69
2.57233e-70
2.94467e-71
3.36467e-72
3.84969e-73
4.39534e-74
5.02572e-75
5.7452e-76
6.55246e-77
7.46894e-78
8.50636e-79
9.71213e-80
1.10489e-80
1.25624e-81
1.42692e-82
1.61916e-83
1.83517e-84
2.07693e-85
2.34674e-86
2.64734e-87
2.979e-88
3.34222e-89
3.73462e-90
4.15137e-91
4.57796e-92
4.9724e-93
4.90297e-94
0.137842
0.0222963
0.00340525
0.000487052
6.65427e-05
8.80194e-06
1.13697e-06
1.44245e-07
1.80453e-08
2.23245e-09
2.73704e-10
3.33096e-11
4.02871e-12
4.8474e-13
5.80682e-14
6.93e-15
8.24309e-16
9.7769e-17
1.1567e-17
1.36532e-18
1.61079e-19
1.8974e-20
2.23098e-21
2.61942e-22
3.06636e-23
3.58969e-24
4.19707e-25
4.90203e-26
5.7128e-27
6.65832e-28
7.74551e-29
9.01007e-30
1.04643e-30
1.21431e-31
1.40883e-32
1.63322e-33
1.89166e-34
2.18949e-35
2.53231e-36
2.92663e-37
3.37989e-38
3.90049e-39
4.49804e-40
5.18326e-41
5.96998e-42
6.87505e-43
7.91605e-44
9.11122e-45
1.04841e-45
1.20653e-46
1.38771e-47
1.59566e-48
1.83523e-49
2.11038e-50
2.42632e-51
2.78916e-52
3.20317e-53
3.67745e-54
4.22462e-55
4.85202e-56
5.57182e-57
6.3901e-58
7.3258e-59
8.408e-60
9.63485e-61
1.10376e-61
1.26388e-62
1.44915e-63
1.66132e-64
1.90042e-65
2.17256e-66
2.48858e-67
2.8434e-68
3.24677e-69
3.71514e-70
4.24903e-71
4.85928e-72
5.53681e-73
6.32183e-74
7.22168e-75
8.2125e-76
9.37181e-77
1.06445e-77
1.2072e-78
1.37534e-79
1.55729e-80
1.76097e-81
1.98853e-82
2.24199e-83
2.52329e-84
2.83447e-85
3.17662e-86
3.55019e-87
3.95554e-88
4.39037e-89
4.85163e-90
5.33286e-91
5.81979e-92
6.27258e-93
6.13391e-94
0.137871
0.0223908
0.00344616
0.000497954
6.88461e-05
9.22468e-06
1.20755e-06
1.55259e-07
1.96798e-08
2.46589e-09
3.06051e-10
3.76833e-11
4.6087e-12
5.60407e-13
6.78072e-14
8.16867e-15
9.80345e-16
1.17255e-16
1.39794e-17
1.66734e-18
1.97748e-19
2.34667e-20
2.77166e-21
3.27454e-22
3.86207e-23
4.53785e-24
5.33304e-25
6.25763e-26
7.33177e-27
8.5785e-28
1.00251e-28
1.16865e-29
1.36225e-30
1.58619e-31
1.84319e-32
2.1414e-33
2.48345e-34
2.87897e-35
3.33402e-36
3.8571e-37
4.45785e-38
5.14593e-39
5.93562e-40
6.8395e-41
7.87631e-42
9.06767e-43
1.04386e-43
1.20144e-44
1.38253e-45
1.59056e-46
1.82856e-47
2.1029e-48
2.4179e-49
2.77952e-50
3.19477e-51
3.66768e-52
4.2089e-53
4.83433e-54
5.55198e-55
6.36588e-56
7.29572e-57
8.37221e-58
9.60498e-59
1.10157e-59
1.26292e-60
1.4475e-61
1.65844e-62
1.89994e-63
2.17028e-64
2.47817e-65
2.82738e-66
3.23433e-67
3.69841e-68
4.22733e-69
4.83181e-70
5.49684e-71
6.27468e-72
7.15905e-73
8.16381e-74
9.30458e-75
1.06039e-75
1.2002e-76
1.36632e-77
1.54272e-78
1.75368e-79
1.97632e-80
2.22382e-81
2.49825e-82
2.80102e-83
3.13426e-84
3.49927e-85
3.89646e-86
4.32626e-87
4.78742e-88
5.2791e-89
5.79766e-90
6.3376e-91
6.88602e-92
7.40322e-93
7.22285e-94
0.137885
0.0224387
0.00346765
0.000503928
7.01675e-05
9.47862e-06
1.25188e-06
1.62475e-07
2.07939e-08
2.63091e-09
3.29696e-10
4.09819e-11
5.05871e-12
6.20662e-13
7.57473e-14
9.20094e-15
1.11295e-15
1.34063e-16
1.6164e-17
1.93527e-18
2.30977e-19
2.75833e-20
3.28635e-21
3.89406e-22
4.61682e-23
5.46334e-24
6.4381e-25
7.57234e-26
8.90873e-27
1.04632e-27
1.22685e-28
1.43621e-29
1.67873e-30
1.9593e-31
2.28369e-32
2.65534e-33
3.08659e-34
3.58054e-35
4.14861e-36
4.80335e-37
5.55286e-38
6.41207e-39
7.3959e-40
8.52099e-41
9.81017e-42
1.12927e-42
1.29971e-43
1.4949e-44
1.71972e-45
1.9779e-46
2.27451e-47
2.61264e-48
3.00286e-49
3.45089e-50
3.95969e-51
4.54793e-52
5.22222e-53
5.99602e-54
6.86991e-55
7.88297e-56
9.03935e-57
1.03662e-57
1.18865e-58
1.35922e-59
1.55315e-60
1.77946e-61
2.03215e-62
2.31976e-63
2.64561e-64
3.0275e-65
3.4488e-66
3.94176e-67
4.50335e-68
5.14183e-69
5.86835e-70
6.69631e-71
7.59129e-72
8.64893e-73
9.84807e-74
1.12066e-74
1.27411e-75
1.44754e-76
1.64428e-77
1.84885e-78
2.09699e-79
2.35317e-80
2.63627e-81
2.948e-82
3.29025e-83
3.66446e-84
4.07111e-85
4.51163e-86
4.98597e-87
5.49303e-88
6.03203e-89
6.60001e-90
7.19279e-91
7.79719e-92
8.37279e-93
8.16153e-94
0.137893
0.0224668
0.00348047
0.000507571
7.09937e-05
9.64173e-06
1.28115e-06
1.67375e-07
2.15711e-08
2.74906e-09
3.47058e-10
4.34618e-11
5.40465e-12
6.67967e-13
8.21033e-14
1.00426e-14
1.22297e-15
1.48265e-16
1.79989e-17
2.16783e-18
2.60317e-19
3.11591e-20
3.73438e-21
4.44691e-22
5.29955e-23
6.30046e-24
7.47437e-25
8.82584e-26
1.03997e-26
1.22609e-27
1.43997e-28
1.6884e-29
1.97655e-30
2.31022e-31
2.69617e-32
3.1415e-33
3.65902e-34
4.25101e-35
4.93574e-36
5.71837e-37
6.61837e-38
7.64908e-39
8.82713e-40
1.01701e-40
1.17096e-41
1.34757e-42
1.55085e-43
1.7834e-44
2.05127e-45
2.3571e-46
2.70989e-47
3.11506e-48
3.57565e-49
4.10217e-50
4.71128e-51
5.40937e-52
6.20919e-53
7.1253e-54
8.17357e-55
9.37281e-56
1.07441e-56
1.23158e-57
1.40744e-58
1.60756e-59
1.83471e-60
2.09987e-61
2.40215e-62
2.74794e-63
3.12821e-64
3.57458e-65
4.08407e-66
4.63961e-67
5.2965e-68
6.00776e-69
6.85325e-70
7.76643e-71
8.7884e-72
1.00028e-72
1.13755e-73
1.29384e-74
1.45748e-75
1.65584e-76
1.86264e-77
2.08988e-78
2.36906e-79
2.65243e-80
2.96425e-81
3.30637e-82
3.68033e-83
4.08768e-84
4.52956e-85
5.00666e-86
5.51845e-87
6.06564e-88
6.64684e-89
7.25936e-90
7.90068e-91
8.55839e-92
9.18927e-93
8.95654e-94
0.137898
0.0224849
0.0034888
0.000509963
7.15442e-05
9.75221e-06
1.30134e-06
1.70815e-07
2.21271e-08
2.83522e-09
3.59948e-10
4.53364e-11
5.67072e-12
7.04948e-13
8.71546e-14
1.07218e-14
1.31303e-15
1.60132e-16
1.9446e-17
2.36464e-18
2.86598e-19
3.44561e-20
4.14873e-21
4.95977e-22
5.93498e-23
7.0855e-24
8.40931e-25
9.98981e-26
1.18051e-26
1.39568e-27
1.6464e-28
1.93813e-29
2.27733e-30
2.66566e-31
3.12004e-32
3.64008e-33
4.23939e-34
4.93425e-35
5.73297e-36
6.6496e-37
7.69549e-38
8.89211e-39
1.02589e-39
1.18168e-40
1.36016e-41
1.56482e-42
1.79959e-43
2.06863e-44
2.37865e-45
2.73469e-46
3.13958e-47
3.60788e-48
4.13906e-49
4.74554e-50
5.44801e-51
6.25267e-52
7.17365e-53
8.22989e-54
9.41592e-55
1.07676e-55
1.23044e-56
1.40967e-57
1.61493e-58
1.84229e-59
2.10913e-60
2.404e-61
2.73721e-62
3.12878e-63
3.57456e-64
4.08406e-65
4.63635e-66
5.29148e-67
5.99606e-68
6.83198e-69
7.78011e-70
8.85406e-71
1.00747e-71
1.13677e-72
1.28047e-73
1.45365e-74
1.64876e-75
1.86861e-76
2.11733e-77
2.36726e-78
2.67793e-79
2.98792e-80
3.32778e-81
3.69927e-82
4.10434e-83
4.54394e-84
5.01932e-85
5.53106e-86
6.08017e-87
6.66573e-88
7.28765e-89
7.94404e-90
8.63243e-91
9.34095e-92
1.00232e-92
9.76464e-94
0.137901
0.0224972
0.0034945
0.000511616
7.1928e-05
9.83005e-06
1.31572e-06
1.73299e-07
2.25339e-08
2.89907e-09
3.69637e-10
4.67647e-11
5.87616e-12
7.33888e-13
9.1156e-14
1.12662e-14
1.38608e-15
1.69809e-16
2.07133e-17
2.532e-18
3.06826e-19
3.70644e-20
4.46443e-21
5.36169e-22
6.41995e-23
7.69794e-24
9.17072e-25
1.09372e-25
1.2969e-26
1.5389e-27
1.81678e-28
2.1453e-29
2.52801e-30
2.96632e-31
3.48036e-32
4.06859e-33
4.74738e-34
5.52881e-35
6.43369e-36
7.46556e-37
8.6526e-38
1.00088e-38
1.15552e-39
1.33128e-40
1.53261e-41
1.76387e-42
2.02942e-43
2.33445e-44
2.68208e-45
3.08315e-46
3.54309e-47
4.07108e-48
4.66884e-49
5.3507e-50
6.14109e-51
7.04728e-52
8.06377e-53
9.2467e-54
1.0596e-54
1.21038e-55
1.3862e-56
1.58699e-57
1.81618e-58
2.07757e-59
2.37645e-60
2.70479e-61
3.07516e-62
3.51173e-63
4.00829e-64
4.5709e-65
5.18318e-66
5.87301e-67
6.64395e-68
7.56377e-69
8.60591e-70
9.79361e-71
1.1035e-71
1.25279e-72
1.42081e-73
1.60983e-74
1.82271e-75
2.06444e-76
2.30918e-77
2.57573e-78
2.91047e-79
3.24011e-80
3.60069e-81
3.99408e-82
4.42176e-83
4.8852e-84
5.38557e-85
5.92394e-86
6.50061e-87
7.11604e-88
7.76933e-89
8.46053e-90
9.18609e-91
9.93464e-92
1.0659e-92
1.03838e-93
0.137902
0.0225059
0.00349858
0.000512802
7.22051e-05
9.88666e-06
1.32627e-06
1.75136e-07
2.28376e-08
2.94723e-09
3.77016e-10
4.7863e-11
6.03577e-12
7.56596e-13
9.43284e-14
1.17023e-14
1.44514e-15
1.77594e-16
2.18819e-17
2.67047e-18
3.24588e-19
3.95176e-20
4.79611e-21
5.77353e-22
6.95959e-23
8.36349e-24
1.00211e-24
1.19742e-25
1.42732e-26
1.69142e-27
2.00525e-28
2.37134e-29
2.79759e-30
3.2925e-31
3.86674e-32
4.5228e-33
5.28704e-34
6.16736e-35
7.17117e-36
8.32176e-37
9.64458e-38
1.11541e-38
1.28729e-39
1.48231e-40
1.7054e-41
1.9618e-42
2.25607e-43
2.59376e-44
2.98141e-45
3.42161e-46
3.93013e-47
4.51368e-48
5.17319e-49
5.92628e-50
6.78557e-51
7.7639e-52
8.9013e-53
1.02043e-53
1.16537e-54
1.33495e-55
1.52255e-56
1.74209e-57
1.99235e-58
2.27849e-59
2.59273e-60
2.947e-61
3.36482e-62
3.83834e-63
4.3526e-64
4.96647e-65
5.62575e-66
6.36792e-67
7.19524e-68
8.187e-69
9.30982e-70
1.0587e-70
1.19206e-71
1.34082e-72
1.50652e-73
1.68893e-74
1.91221e-75
2.16533e-76
2.4192e-77
2.69488e-78
3.0445e-79
3.38515e-80
3.75738e-81
4.16297e-82
4.60358e-83
5.08074e-84
5.5958e-85
6.14982e-86
6.74354e-87
7.37766e-88
8.05334e-89
8.76725e-90
9.51878e-91
1.02965e-91
1.10516e-92
1.07696e-93
0.137904
0.0225122
0.00350156
0.000513675
7.24098e-05
9.92871e-06
1.33415e-06
1.76517e-07
2.30675e-08
2.98394e-09
3.82683e-10
4.87137e-11
6.16034e-12
7.7446e-13
9.68433e-14
1.20506e-14
1.49268e-15
1.83988e-16
2.27302e-17
2.79819e-18
3.41218e-19
4.14758e-20
5.023e-21
6.09269e-22
7.3688e-23
8.84334e-24
1.06253e-24
1.27281e-25
1.52092e-26
1.80598e-27
2.14622e-28
2.53637e-29
2.99863e-30
3.52761e-31
4.14903e-32
4.86878e-33
5.69077e-34
6.63752e-35
7.72476e-36
8.97969e-37
1.04067e-37
1.20412e-38
1.39006e-39
1.6007e-40
1.84219e-41
2.11866e-42
2.43523e-43
2.79994e-44
3.2186e-45
3.69397e-46
4.23679e-47
4.86493e-48
5.584e-49
6.40853e-50
7.33245e-51
8.40932e-52
9.61378e-53
1.09846e-53
1.25431e-54
1.43144e-55
1.63251e-56
1.86067e-57
2.11957e-58
2.4119e-59
2.75632e-60
3.14948e-61
3.5747e-62
4.07899e-63
4.65118e-64
5.30448e-65
5.99879e-66
6.83414e-67
7.71399e-68
8.77043e-69
9.9732e-70
1.12303e-70
1.26336e-71
1.4198e-72
1.59393e-73
1.78743e-74
2.00253e-75
2.24062e-76
2.50314e-77
2.78803e-78
3.15129e-79
3.50328e-80
3.8877e-81
4.30638e-82
4.76083e-83
5.25361e-84
5.7859e-85
6.35743e-86
6.97179e-87
7.62731e-88
8.32495e-89
9.0643e-90
9.84627e-91
1.06554e-91
1.14429e-92
1.11599e-93
0.137904
0.022517
0.00350379
0.00051433
7.2564e-05
9.96049e-06
1.34014e-06
1.77571e-07
2.32437e-08
3.01225e-09
3.87079e-10
4.9377e-11
6.25809e-12
7.88566e-13
9.88419e-14
1.23291e-14
1.53096e-15
1.89299e-16
2.33001e-17
2.87487e-18
3.53271e-19
4.32656e-20
5.25223e-21
6.35696e-22
7.67108e-23
9.23032e-24
1.10762e-24
1.32499e-25
1.58712e-26
1.88854e-27
2.24901e-28
2.66262e-29
3.15359e-30
3.71565e-31
4.37668e-32
5.14277e-33
6.01666e-34
7.03291e-35
8.20105e-36
9.53064e-37
1.10506e-37
1.27907e-38
1.47686e-39
1.70074e-40
1.95753e-41
2.25124e-42
2.58925e-43
2.97735e-44
3.41873e-45
3.92285e-46
4.50659e-47
5.16591e-48
5.91731e-49
6.7914e-50
7.76905e-51
8.90787e-52
1.02126e-52
1.16638e-53
1.3314e-54
1.51871e-55
1.73117e-56
1.97123e-57
2.25353e-58
2.5762e-59
2.92754e-60
3.32253e-61
3.79099e-62
4.32629e-63
4.89798e-64
5.58034e-65
6.35233e-66
7.22617e-67
8.22167e-68
9.26548e-69
1.04225e-69
1.18271e-70
1.34067e-71
1.51859e-72
1.71854e-73
1.94307e-74
2.19787e-75
2.45159e-76
2.73077e-77
3.03277e-78
3.42079e-79
3.79308e-80
4.19904e-81
4.64007e-82
5.1186e-83
5.63611e-84
6.1937e-85
6.79446e-86
7.43692e-87
8.12445e-88
8.85535e-89
9.63115e-90
1.04492e-90
1.12982e-91
1.21264e-92
1.18183e-93
0.137905
0.0225205
0.00350548
0.000514827
7.26816e-05
9.9848e-06
1.34473e-06
1.78382e-07
2.33799e-08
3.03421e-09
3.90504e-10
4.98966e-11
6.33501e-12
7.9972e-13
1.0043e-13
1.25516e-14
1.56166e-15
1.93483e-16
2.38763e-17
2.93595e-18
3.59743e-19
4.3905e-20
5.36935e-21
6.54568e-22
7.90958e-23
9.57286e-24
1.15531e-24
1.38382e-25
1.65991e-26
1.97811e-27
2.35047e-28
2.79398e-29
3.31193e-30
3.91586e-31
4.60718e-32
5.4074e-33
6.33032e-34
7.40401e-35
8.63715e-36
1.00494e-36
1.16628e-37
1.34931e-38
1.55787e-39
1.7936e-40
2.06419e-41
2.37372e-42
2.72791e-43
3.13621e-44
3.60429e-45
4.14145e-46
4.74903e-47
5.44152e-48
6.24651e-49
7.1502e-50
8.17758e-51
9.37498e-52
1.07474e-52
1.22674e-53
1.40513e-54
1.60211e-55
1.82473e-56
2.08768e-57
2.37559e-58
2.70151e-59
3.06961e-60
3.48262e-61
3.97385e-62
4.53192e-63
5.16894e-64
5.8478e-65
6.61127e-66
7.46214e-67
8.49769e-68
9.5805e-69
1.07799e-69
1.22524e-70
1.37538e-71
1.55939e-72
1.76664e-73
1.99937e-74
2.26038e-75
2.5557e-76
2.84636e-77
3.16009e-78
3.56506e-79
3.95169e-80
4.37286e-81
4.83065e-82
5.32695e-83
5.86349e-84
6.44281e-85
7.06492e-86
7.73201e-87
8.44468e-88
9.20374e-89
1.00107e-89
1.08619e-90
1.17462e-91
1.26111e-92
1.22931e-93
0.137905
0.0225232
0.00350678
0.000515209
7.27719e-05
1.00035e-05
1.34827e-06
1.7901e-07
2.34857e-08
3.05133e-09
3.93182e-10
5.03041e-11
6.39558e-12
8.08536e-13
1.0169e-13
1.27288e-14
1.58622e-15
1.96842e-16
2.43133e-17
3.01351e-18
3.69738e-19
4.52114e-20
5.51093e-21
6.69574e-22
8.10708e-23
9.82424e-24
1.18672e-24
1.42872e-25
1.71662e-26
2.04883e-27
2.43791e-28
2.90049e-29
3.44271e-30
4.07559e-31
4.80013e-32
5.639e-33
6.6079e-34
7.72425e-35
9.00704e-36
1.04771e-36
1.21573e-37
1.40721e-38
1.62483e-39
1.87105e-40
2.15391e-41
2.47717e-42
2.84936e-43
3.27626e-44
3.76572e-45
4.32664e-46
4.96911e-47
5.70439e-48
6.5474e-49
7.4904e-50
8.5884e-51
9.84295e-52
1.12754e-52
1.29145e-53
1.47207e-54
1.68411e-55
1.92548e-56
2.20055e-57
2.51335e-58
2.87045e-59
3.25677e-60
3.68956e-61
4.2052e-62
4.79058e-63
5.4539e-64
6.20405e-65
7.05297e-66
8.01083e-67
9.09411e-68
1.03149e-68
1.17009e-69
1.31091e-70
1.48538e-71
1.66064e-72
1.87963e-73
2.09878e-74
2.34145e-75
2.6062e-76
2.94391e-77
3.26588e-78
3.68318e-79
4.07973e-80
4.51166e-81
4.98102e-82
5.48978e-83
6.03993e-84
6.63307e-85
7.2709e-86
7.95485e-87
8.68612e-88
9.46572e-89
1.02937e-89
1.11691e-90
1.20799e-91
1.297e-92
1.26464e-93
0.137906
0.0225253
0.00350777
0.000515503
7.28416e-05
1.0018e-05
1.35101e-06
1.79497e-07
2.35679e-08
3.06466e-09
3.95274e-10
5.06233e-11
6.44315e-12
8.15477e-13
1.02685e-13
1.28692e-14
1.60574e-15
1.99524e-16
2.46759e-17
3.06069e-18
3.78122e-19
4.6529e-20
5.70689e-21
6.93363e-22
8.44509e-23
1.01976e-23
1.23397e-24
1.48133e-25
1.78044e-26
2.13385e-27
2.53992e-28
3.02457e-29
3.5911e-30
4.25144e-31
5.01944e-32
5.8956e-33
6.91973e-34
8.09866e-35
9.45175e-36
1.09999e-36
1.27672e-37
1.47689e-38
1.70456e-39
1.96166e-40
2.25689e-41
2.59408e-42
2.98222e-43
3.42723e-44
3.93726e-45
4.52142e-46
5.1915e-47
5.94606e-48
6.80464e-49
7.80337e-50
8.94809e-51
1.02232e-51
1.16734e-52
1.33149e-53
1.52392e-54
1.74407e-55
1.98458e-56
2.26974e-57
2.58018e-58
2.93099e-59
3.32695e-60
3.77094e-61
4.30082e-62
4.90617e-63
5.55057e-64
6.26875e-65
7.14033e-66
8.04662e-67
9.15421e-68
1.03049e-68
1.15913e-69
1.3007e-70
1.47502e-71
1.67314e-72
1.87244e-73
2.09042e-74
2.36238e-75
2.66709e-76
3.01215e-77
3.33984e-78
3.76608e-79
4.1699e-80
4.60944e-81
5.08723e-82
5.60485e-83
6.1645e-84
6.76803e-85
7.41714e-86
8.11387e-87
8.85863e-88
9.65289e-89
1.04972e-89
1.13904e-90
1.23205e-91
1.3231e-92
1.29023e-93
0.137906
0.0225269
0.00350853
0.000515728
7.2895e-05
1.00291e-05
1.35312e-06
1.79872e-07
2.36314e-08
3.07497e-09
3.96897e-10
5.08716e-11
6.48024e-12
8.20914e-13
1.03466e-13
1.29796e-14
1.62113e-15
2.01637e-16
2.49835e-17
3.08251e-18
3.81653e-19
4.67834e-20
5.71304e-21
6.99225e-22
8.52709e-23
1.03626e-23
1.25571e-24
1.50925e-25
1.81694e-26
2.17228e-27
2.5898e-28
3.07843e-29
3.65787e-30
4.33667e-31
5.11394e-32
6.01332e-33
7.06629e-34
8.26619e-35
9.64444e-36
1.12236e-36
1.30265e-37
1.50796e-38
1.741e-39
2.00464e-40
2.30752e-41
2.65363e-42
3.0495e-43
3.50603e-44
4.02998e-45
4.62192e-46
5.3078e-47
6.09277e-48
6.99065e-49
8.01753e-50
9.19142e-51
1.05323e-51
1.20669e-52
1.37623e-53
1.56866e-54
1.78603e-55
2.0422e-56
2.33509e-57
2.65336e-58
3.01037e-59
3.43475e-60
3.9165e-61
4.46282e-62
5.08289e-63
5.78923e-64
6.5334e-65
7.36878e-66
8.30339e-67
9.34038e-68
1.06043e-68
1.20401e-69
1.34894e-70
1.52751e-71
1.73076e-72
1.93154e-73
2.18517e-74
2.43211e-75
2.74828e-76
3.05559e-77
3.3868e-78
3.81905e-79
4.2273e-80
4.67205e-81
5.15507e-82
5.67864e-83
6.24481e-84
6.85551e-85
7.51258e-86
8.21761e-87
8.97208e-88
9.77712e-89
1.06335e-89
1.15401e-90
1.24848e-91
1.34108e-92
1.30809e-93
0.137906
0.0225281
0.00350911
0.000515899
7.29356e-05
1.00375e-05
1.35473e-06
1.80158e-07
2.36799e-08
3.08287e-09
3.9814e-10
5.10621e-11
6.50875e-12
8.25089e-13
1.04068e-13
1.30648e-14
1.63301e-15
2.03117e-16
2.53439e-17
3.15139e-18
3.87777e-19
4.75254e-20
5.839e-21
7.15159e-22
8.67788e-23
1.05501e-23
1.27881e-24
1.53752e-25
1.85093e-26
2.22088e-27
2.65633e-28
3.1682e-29
3.75495e-30
4.45054e-31
5.25881e-32
6.19653e-33
7.2663e-34
8.49798e-35
9.91113e-36
1.15418e-36
1.33909e-37
1.5495e-38
1.7881e-39
2.05814e-40
2.36806e-41
2.72391e-42
3.12895e-43
3.59608e-44
4.13129e-45
4.74421e-46
5.44597e-47
6.24911e-48
7.16752e-49
8.21718e-50
9.41649e-51
1.07903e-51
1.23127e-52
1.40349e-53
1.60561e-54
1.83588e-55
2.09939e-56
2.38642e-57
2.71039e-58
3.07407e-59
3.50715e-60
4.00151e-61
4.52591e-62
5.15938e-63
5.82995e-64
6.57522e-65
7.4749e-66
8.49147e-67
9.63892e-68
1.09463e-68
1.22891e-69
1.37832e-70
1.5424e-71
1.74812e-72
1.95123e-73
2.20864e-74
2.45902e-75
2.78006e-76
3.0909e-77
3.42582e-78
3.86374e-79
4.27678e-80
4.7264e-81
5.21503e-82
5.74472e-83
6.3176e-84
6.93543e-85
7.60047e-86
8.31454e-87
9.07843e-88
9.8941e-89
1.07618e-89
1.16816e-90
1.26405e-91
1.35815e-92
1.32501e-93
0.137906
0.022529
0.00350954
0.000516025
7.29657e-05
1.00438e-05
1.35592e-06
1.80371e-07
2.3716e-08
3.08875e-09
3.99068e-10
5.12044e-11
6.53007e-12
8.2822e-13
1.04519e-13
1.31289e-14
1.642e-15
2.04514e-16
2.5357e-17
3.15616e-18
3.88422e-19
4.79678e-20
5.86656e-21
7.15257e-22
8.69301e-23
1.05324e-23
1.27164e-24
1.53741e-25
1.85341e-26
2.21759e-27
2.65522e-28
3.16927e-29
3.77072e-30
4.47346e-31
5.27661e-32
6.22059e-33
7.31225e-34
8.55432e-35
9.994e-36
1.16411e-36
1.35193e-37
1.56538e-38
1.80702e-39
2.08011e-40
2.39373e-41
2.75172e-42
3.16407e-43
3.63653e-44
4.17205e-45
4.79178e-46
5.5014e-47
6.31526e-48
7.22726e-49
8.266e-50
9.44424e-51
1.08221e-51
1.23948e-52
1.41953e-53
1.61673e-54
1.84898e-55
2.11463e-56
2.4037e-57
2.72824e-58
3.1135e-59
3.55385e-60
4.02556e-61
4.55276e-62
5.19011e-63
5.86407e-64
6.61873e-65
7.45686e-66
8.47477e-67
9.62335e-68
1.09209e-68
1.23833e-69
1.40465e-70
1.57252e-71
1.75654e-72
1.98541e-73
2.24203e-74
2.52953e-75
2.85623e-76
3.17142e-77
3.51069e-78
3.95555e-79
4.37348e-80
4.82842e-81
5.32243e-82
5.85785e-83
6.43683e-84
7.06109e-85
7.73293e-86
8.45377e-87
9.2254e-88
1.00493e-88
1.09261e-89
1.1855e-90
1.28253e-91
1.37759e-92
1.34373e-93
0.137906
0.0225296
0.00350984
0.000516115
7.2987e-05
1.00482e-05
1.35677e-06
1.80522e-07
2.37416e-08
3.09293e-09
3.99726e-10
5.13055e-11
6.54524e-12
8.3045e-13
1.04841e-13
1.31746e-14
1.6484e-15
2.05402e-16
2.54944e-17
3.15286e-18
3.88232e-19
4.79783e-20
5.86763e-21
7.19278e-22
8.78947e-23
1.06491e-23
1.2862e-24
1.54818e-25
1.86676e-26
2.23476e-27
2.66689e-28
3.18515e-29
3.78073e-30
4.47513e-31
5.28235e-32
6.21819e-33
7.29842e-34
8.55672e-35
1.00025e-35
1.16434e-36
1.35282e-37
1.56619e-38
1.80856e-39
2.08271e-40
2.39658e-41
2.75758e-42
3.17171e-43
3.64658e-44
4.19065e-45
4.8138e-46
5.52741e-47
6.34566e-48
7.26025e-49
8.32827e-50
9.51358e-51
1.08993e-51
1.24818e-52
1.4293e-53
1.6284e-54
1.8539e-55
2.10797e-56
2.40985e-57
2.73663e-58
3.10359e-59
3.54375e-60
4.01209e-61
4.57215e-62
5.2077e-63
5.93266e-64
6.69488e-65
7.54724e-66
8.50036e-67
9.557e-68
1.08491e-68
1.23055e-69
1.39652e-70
1.56433e-71
1.7505e-72
1.95673e-73
2.18227e-74
2.4662e-75
2.78927e-76
3.10151e-77
3.43795e-78
3.87905e-79
4.29428e-80
4.74658e-81
5.2382e-82
5.77132e-83
6.34865e-84
6.97144e-85
7.64209e-86
8.36246e-87
9.13419e-88
9.95911e-89
1.08375e-89
1.1769e-90
1.27416e-91
1.36974e-92
1.33705e-93
0.137906
0.02253
0.00351003
0.000516172
7.30006e-05
1.00511e-05
1.35731e-06
1.80619e-07
2.3758e-08
3.0956e-09
4.00149e-10
5.13704e-11
6.55498e-12
8.31883e-13
1.05048e-13
1.32041e-14
1.65253e-15
2.05973e-16
2.55726e-17
3.16307e-18
3.89559e-19
4.81527e-20
5.89424e-21
7.19156e-22
8.74291e-23
1.06544e-23
1.28756e-24
1.55063e-25
1.8699e-26
2.24746e-27
2.69334e-28
3.20571e-29
3.81751e-30
4.51793e-31
5.34534e-32
6.3059e-33
7.40149e-34
8.66344e-35
1.01128e-35
1.17712e-36
1.36749e-37
1.58379e-38
1.82861e-39
2.10554e-40
2.42253e-41
2.78714e-42
3.20533e-43
3.68536e-44
4.22932e-45
4.84935e-46
5.56975e-47
6.37739e-48
7.31879e-49
8.3701e-50
9.5653e-51
1.09202e-51
1.2513e-52
1.4264e-53
1.63307e-54
1.85922e-55
2.11516e-56
2.40481e-57
2.73e-58
3.11633e-59
3.55559e-60
4.05712e-61
4.58817e-62
5.22679e-63
5.951e-64
6.77695e-65
7.63886e-66
8.59439e-67
9.76832e-68
1.09773e-68
1.23124e-69
1.39612e-70
1.58173e-71
1.7923e-72
1.99899e-73
2.26148e-74
2.51615e-75
2.84397e-76
3.16118e-77
3.50275e-78
3.95106e-79
4.37272e-80
4.83184e-81
5.33085e-82
5.87207e-83
6.45757e-84
7.08991e-85
7.77062e-86
8.50185e-87
9.28536e-88
1.01226e-88
1.10146e-89
1.19607e-90
1.29487e-91
1.39198e-92
1.35883e-93
0.137906
0.0225302
0.00351012
0.0005162
7.30072e-05
1.00525e-05
1.35757e-06
1.80666e-07
2.3766e-08
3.09691e-09
4.00355e-10
5.14022e-11
6.55975e-12
8.32584e-13
1.05149e-13
1.32185e-14
1.65455e-15
2.06253e-16
2.56108e-17
3.1682e-18
3.90285e-19
4.82182e-20
5.93824e-21
7.24072e-22
8.85345e-23
1.07323e-23
1.29631e-24
1.56798e-25
1.89036e-26
2.27164e-27
2.7211e-28
3.24896e-29
3.86706e-30
4.58821e-31
5.42706e-32
6.40065e-33
7.51065e-34
8.78736e-35
1.02671e-35
1.19603e-36
1.3879e-37
1.60605e-38
1.85368e-39
2.13365e-40
2.45498e-41
2.82385e-42
3.24352e-43
3.72773e-44
4.28323e-45
4.90943e-46
5.63695e-47
6.45395e-48
7.38455e-49
8.44334e-50
9.64343e-51
1.10514e-51
1.2603e-52
1.44314e-53
1.64397e-54
1.87042e-55
2.13792e-56
2.44355e-57
2.77401e-58
3.14501e-59
3.58774e-60
4.0902e-61
4.65931e-62
5.30481e-63
6.03649e-64
6.87161e-65
7.73631e-66
8.79674e-67
9.88193e-68
1.12111e-68
1.27058e-69
1.43916e-70
1.63073e-71
1.8231e-72
2.03274e-73
2.2965e-74
2.59191e-75
2.92326e-76
3.29885e-77
3.65132e-78
4.11458e-79
4.54902e-80
5.02188e-81
5.53549e-82
6.09216e-83
6.69419e-84
7.34368e-85
8.04276e-86
8.79337e-87
9.59726e-88
1.0456e-88
1.13705e-89
1.23402e-90
1.33525e-91
1.4347e-92
1.39989e-93
0.137906
0.0225302
0.00351012
0.0005162
7.30072e-05
1.00525e-05
1.35757e-06
1.80666e-07
2.3766e-08
3.09691e-09
4.00355e-10
5.14022e-11
6.55975e-12
8.32584e-13
1.05149e-13
1.32185e-14
1.65455e-15
2.06252e-16
2.56106e-17
3.16592e-18
3.92843e-19
4.82205e-20
5.93494e-21
7.27711e-22
8.89571e-23
1.07801e-23
1.30229e-24
1.56797e-25
1.89024e-26
2.27138e-27
2.72065e-28
3.24849e-29
3.86639e-30
4.58733e-31
5.42695e-32
6.38631e-33
7.4945e-34
8.76925e-35
1.02468e-35
1.19378e-36
1.3854e-37
1.60332e-38
1.85026e-39
2.12991e-40
2.45103e-41
2.81777e-42
3.23688e-43
3.72048e-44
4.27545e-45
4.9011e-46
5.62669e-47
6.45832e-48
7.38949e-49
8.4493e-50
9.65113e-51
1.10611e-51
1.2615e-52
1.44473e-53
1.64505e-54
1.88136e-55
2.14945e-56
2.4427e-57
2.77211e-58
3.16388e-59
3.61176e-60
4.09119e-61
4.62675e-62
5.27027e-63
5.9999e-64
6.82672e-65
7.76028e-66
8.8253e-67
9.9156e-68
1.12628e-68
1.26272e-69
1.43302e-70
1.60334e-71
1.81752e-72
2.02818e-73
2.29242e-74
2.58921e-75
2.92218e-76
3.29969e-77
3.65451e-78
4.12052e-79
4.55809e-80
5.03448e-81
5.55205e-82
6.11315e-83
6.72007e-84
7.37503e-85
8.08014e-86
8.83737e-87
9.64854e-88
1.05155e-88
1.14386e-89
1.24176e-90
1.34397e-91
1.44442e-92
1.40974e-93
0.137906
0.02253
0.00351003
0.000516172
7.30006e-05
1.00511e-05
1.35731e-06
1.80619e-07
2.3758e-08
3.0956e-09
4.00149e-10
5.13705e-11
6.55499e-12
8.31884e-13
1.05048e-13
1.32041e-14
1.65253e-15
2.05973e-16
2.55725e-17
3.16078e-18
3.92153e-19
4.81556e-20
5.8945e-21
7.19261e-22
8.74878e-23
1.06084e-23
1.2818e-24
1.55161e-25
1.86338e-26
2.24015e-27
2.68445e-28
3.20747e-29
3.8084e-30
4.50938e-31
5.32318e-32
6.28004e-33
7.38715e-34
8.64824e-35
1.00969e-35
1.17545e-36
1.36575e-37
1.58199e-38
1.82676e-39
2.10366e-40
2.42065e-41
2.78522e-42
3.20338e-43
3.68287e-44
4.23324e-45
4.85405e-46
5.57532e-47
6.3839e-48
7.32455e-49
8.39993e-50
9.63192e-51
1.09947e-51
1.25917e-52
1.44208e-53
1.64211e-54
1.87891e-55
2.13724e-56
2.42781e-57
2.77257e-58
3.16429e-59
3.60965e-60
4.11776e-61
4.65875e-62
5.26282e-63
5.99132e-64
6.82303e-65
7.68495e-66
8.73319e-67
9.92733e-68
1.11428e-68
1.26364e-69
1.4321e-70
1.62153e-71
1.83446e-72
2.07582e-73
2.31113e-74
2.60873e-75
2.94707e-76
3.27409e-77
3.62611e-78
4.08855e-79
4.52279e-80
4.99566e-81
5.50952e-82
6.06669e-83
6.6695e-84
7.32016e-85
8.02078e-86
8.77333e-87
9.57962e-88
1.04412e-88
1.13592e-89
1.2333e-90
1.33508e-91
1.43503e-92
1.40067e-93
0.137906
0.0225296
0.00350984
0.000516115
7.2987e-05
1.00482e-05
1.35677e-06
1.80522e-07
2.37416e-08
3.09293e-09
3.99727e-10
5.13055e-11
6.54525e-12
8.30451e-13
1.04841e-13
1.31747e-14
1.64841e-15
2.05404e-16
2.54949e-17
3.15256e-18
3.88466e-19
4.76691e-20
5.86495e-21
7.1935e-22
8.73892e-23
1.06365e-23
1.29077e-24
1.55345e-25
1.87195e-26
2.24839e-27
2.69276e-28
3.20401e-29
3.80061e-30
4.50946e-31
5.3205e-32
6.259e-33
7.35738e-34
8.62235e-35
1.00752e-35
1.17245e-36
1.36068e-37
1.57481e-38
1.81801e-39
2.09305e-40
2.40804e-41
2.76845e-42
3.18366e-43
3.65973e-44
4.20526e-45
4.82999e-46
5.54646e-47
6.34975e-48
7.28447e-49
8.35348e-50
9.57835e-51
1.09328e-51
1.25205e-52
1.43391e-53
1.63383e-54
1.86033e-55
2.11537e-56
2.41716e-57
2.76218e-58
3.13276e-59
3.57686e-60
4.04989e-61
4.6163e-62
5.25749e-63
5.98466e-64
6.81388e-65
7.68098e-66
8.6439e-67
9.82966e-68
1.10364e-68
1.25187e-69
1.41905e-70
1.60955e-71
1.80135e-72
2.01376e-73
2.24511e-74
2.53706e-75
2.8692e-76
3.19049e-77
3.53646e-78
3.99048e-79
4.41768e-80
4.88313e-81
5.38916e-82
5.93813e-83
6.53286e-84
7.17444e-85
7.86552e-86
8.60814e-87
9.40494e-88
1.02557e-88
1.11633e-89
1.2125e-90
1.31297e-91
1.41177e-92
1.37842e-93
0.137906
0.022529
0.00350954
0.000516025
7.29657e-05
1.00438e-05
1.35592e-06
1.80371e-07
2.37161e-08
3.08876e-09
3.99068e-10
5.12045e-11
6.53009e-12
8.28223e-13
1.0452e-13
1.3129e-14
1.64201e-15
2.0452e-16
2.53743e-17
3.13629e-18
3.86291e-19
4.73868e-20
5.82157e-21
7.1379e-22
8.67407e-23
1.05041e-23
1.27475e-24
1.53427e-25
1.84971e-26
2.21427e-27
2.64309e-28
3.14502e-29
3.74283e-30
4.44171e-31
5.24183e-32
6.1679e-33
7.24925e-34
8.49865e-35
9.91878e-36
1.15575e-36
1.34265e-37
1.55516e-38
1.79536e-39
2.06735e-40
2.37976e-41
2.73641e-42
3.14729e-43
3.619e-44
4.15382e-45
4.76482e-46
5.46098e-47
6.26922e-48
7.19411e-49
8.25473e-50
9.43748e-51
1.07772e-51
1.23472e-52
1.41388e-53
1.61891e-54
1.84348e-55
2.09658e-56
2.39764e-57
2.72271e-58
3.11098e-59
3.52638e-60
4.02239e-61
4.5887e-62
5.18623e-63
5.91145e-64
6.6698e-65
7.58686e-66
8.62168e-67
9.80078e-68
1.1016e-68
1.2358e-69
1.40112e-70
1.5875e-71
1.799e-72
2.00981e-73
2.23989e-74
2.52971e-75
2.85921e-76
3.17777e-77
3.52107e-78
3.97102e-79
4.39504e-80
4.85674e-81
5.35869e-82
5.90321e-83
6.49256e-84
7.12894e-85
7.81441e-86
8.55086e-87
9.34009e-88
1.01836e-88
1.10823e-89
1.20357e-90
1.30314e-91
1.40104e-92
1.36801e-93
0.137906
0.0225281
0.00350911
0.000515899
7.29356e-05
1.00375e-05
1.35473e-06
1.80158e-07
2.36799e-08
3.08287e-09
3.9814e-10
5.10621e-11
6.50876e-12
8.25092e-13
1.04068e-13
1.3065e-14
1.63306e-15
2.03285e-16
2.52055e-17
3.11171e-18
3.85503e-19
4.72763e-20
5.77517e-21
7.07217e-22
8.62865e-23
1.04962e-23
1.26593e-24
1.52891e-25
1.84049e-26
2.20924e-27
2.6333e-28
3.14106e-29
3.72306e-30
4.41315e-31
5.21643e-32
6.13285e-33
7.20487e-34
8.44068e-35
9.84507e-36
1.14653e-36
1.33132e-37
1.54147e-38
1.77903e-39
2.04789e-40
2.3567e-41
2.70925e-42
3.11532e-43
3.58096e-44
4.11459e-45
4.72576e-46
5.42524e-47
6.22593e-48
7.14207e-49
8.18999e-50
9.39101e-51
1.0721e-51
1.22836e-52
1.40109e-53
1.59716e-54
1.81827e-55
2.07906e-56
2.37619e-57
2.71392e-58
3.10023e-59
3.51391e-60
4.01074e-61
4.54223e-62
5.13597e-63
5.85084e-64
6.6649e-65
7.51911e-66
8.47542e-67
9.53499e-68
1.08288e-68
1.23013e-69
1.37922e-70
1.56549e-71
1.75365e-72
1.95925e-73
2.2193e-74
2.47262e-75
2.79746e-76
3.11343e-77
3.45416e-78
3.89946e-79
4.32035e-80
4.77907e-81
5.27878e-82
5.82123e-83
6.40757e-84
7.04203e-85
7.72441e-86
8.45766e-87
9.24351e-88
1.00834e-88
1.09783e-89
1.19275e-90
1.29187e-91
1.3893e-92
1.35668e-93
0.137906
0.0225269
0.00350853
0.000515728
7.2895e-05
1.00291e-05
1.35312e-06
1.79872e-07
2.36314e-08
3.07498e-09
3.96898e-10
5.08718e-11
6.48027e-12
8.20916e-13
1.03467e-13
1.29798e-14
1.62116e-15
2.01639e-16
2.49664e-17
3.10238e-18
3.8157e-19
4.67658e-20
5.70891e-21
6.98877e-22
8.47685e-23
1.03056e-23
1.24291e-24
1.49473e-25
1.79182e-26
2.15006e-27
2.5724e-28
3.05837e-29
3.62516e-30
4.29709e-31
5.07965e-32
5.97308e-33
7.01608e-34
8.21988e-35
9.60312e-36
1.11749e-36
1.29702e-37
1.50146e-38
1.73356e-39
1.9962e-40
2.29798e-41
2.64271e-42
3.03976e-43
3.49518e-44
4.01799e-45
4.6096e-46
5.28409e-47
6.06692e-48
6.96267e-49
7.98708e-50
9.16126e-51
1.04635e-51
1.19873e-52
1.3727e-53
1.57176e-54
1.78941e-55
2.04593e-56
2.33931e-57
2.65667e-58
3.03347e-59
3.4616e-60
3.94845e-61
4.50066e-62
5.12687e-63
5.84183e-64
6.5974e-65
7.44368e-66
8.39048e-67
9.4375e-68
1.07159e-68
1.21603e-69
1.37855e-70
1.56178e-71
1.77001e-72
1.97582e-73
2.2359e-74
2.48941e-75
2.80923e-76
3.17102e-77
3.51329e-78
3.96034e-79
4.38258e-80
4.84268e-81
5.3432e-82
5.88667e-83
6.47383e-84
7.10756e-85
7.78996e-86
8.52288e-87
9.30793e-88
1.01465e-88
1.10394e-89
1.19858e-90
1.29734e-91
1.3943e-92
1.36088e-93
0.137906
0.0225253
0.00350777
0.000515503
7.28415e-05
1.0018e-05
1.35101e-06
1.79497e-07
2.35679e-08
3.06466e-09
3.95275e-10
5.06236e-11
6.4432e-12
8.15491e-13
1.02687e-13
1.28695e-14
1.60578e-15
1.99377e-16
2.48484e-17
3.0617e-18
3.78494e-19
4.63281e-20
5.65144e-21
6.87303e-22
8.33204e-23
1.00657e-23
1.21788e-24
1.46873e-25
1.76545e-26
2.1162e-27
2.52042e-28
2.99276e-29
3.55418e-30
4.20864e-31
4.96945e-32
5.85073e-33
6.87001e-34
8.0318e-35
9.36666e-36
1.08948e-36
1.26512e-37
1.46421e-38
1.69033e-39
1.94625e-40
2.23961e-41
2.57567e-42
2.96045e-43
3.40023e-44
3.9089e-45
4.48383e-46
5.14973e-47
5.91365e-48
6.77191e-49
7.75052e-50
8.86528e-51
1.01335e-51
1.15712e-52
1.3262e-53
1.51305e-54
1.72498e-55
1.96531e-56
2.23766e-57
2.54432e-58
2.90807e-59
3.32215e-60
3.79527e-61
4.30024e-62
4.90484e-63
5.59094e-64
6.37395e-65
7.19866e-66
8.12258e-67
9.14712e-68
1.03951e-68
1.18181e-69
1.32676e-70
1.50524e-71
1.7083e-72
1.91246e-73
2.13604e-74
2.41841e-75
2.69752e-76
3.00537e-77
3.33801e-78
3.77051e-79
4.18175e-80
4.63039e-81
5.11842e-82
5.6487e-83
6.22314e-84
6.84383e-85
7.51293e-86
8.23293e-87
9.00352e-88
9.82702e-89
1.07043e-89
1.16344e-90
1.26053e-91
1.356e-92
1.32485e-93
0.137905
0.0225232
0.00350678
0.000515209
7.27719e-05
1.00035e-05
1.34827e-06
1.7901e-07
2.34858e-08
3.05134e-09
3.93185e-10
5.03046e-11
6.39566e-12
8.0855e-13
1.01692e-13
1.27292e-14
1.58627e-15
1.96704e-16
2.44813e-17
3.01459e-18
3.69917e-19
4.52377e-20
5.51046e-21
6.72981e-22
8.1497e-23
9.83426e-24
1.18854e-24
1.43237e-25
1.7142e-26
2.04521e-27
2.44238e-28
2.89913e-29
3.4315e-30
4.06163e-31
4.79498e-32
5.63247e-33
6.61148e-34
7.73934e-35
9.03584e-36
1.05094e-36
1.22038e-37
1.4126e-38
1.63151e-39
1.87887e-40
2.16257e-41
2.48773e-42
2.86013e-43
3.28624e-44
3.77363e-45
4.33073e-46
4.96726e-47
5.69432e-48
6.5223e-49
7.48731e-50
8.56638e-51
9.79516e-52
1.11889e-52
1.28215e-53
1.4691e-54
1.67516e-55
1.9089e-56
2.17376e-57
2.47205e-58
2.82547e-59
3.22958e-60
3.66398e-61
4.18103e-62
4.7717e-63
5.39834e-64
6.15601e-65
6.95557e-66
7.84561e-67
8.92155e-68
1.01391e-68
1.15141e-69
1.3063e-70
1.48256e-71
1.66225e-72
1.86195e-73
2.08311e-74
2.32467e-75
2.63134e-76
2.93197e-77
3.25682e-78
3.67816e-79
4.08051e-80
4.51943e-81
4.99838e-82
5.51753e-83
6.0804e-84
6.69027e-85
7.34577e-86
8.05059e-87
8.80613e-88
9.6136e-89
1.0474e-89
1.13879e-90
1.234e-91
1.32787e-92
1.29706e-93
0.137905
0.0225205
0.00350548
0.000514827
7.26816e-05
9.9848e-06
1.34473e-06
1.78382e-07
2.338e-08
3.03422e-09
3.90505e-10
4.98968e-11
6.33507e-12
7.99732e-13
1.00432e-13
1.2552e-14
1.56173e-15
1.93493e-16
2.38651e-17
2.95274e-18
3.61481e-19
4.43779e-20
5.39546e-21
6.57295e-22
7.98366e-23
9.61614e-24
1.16045e-24
1.39056e-25
1.66176e-26
1.97994e-27
2.36062e-28
2.80701e-29
3.31857e-30
3.92347e-31
4.62708e-32
5.43163e-33
6.35982e-34
7.44008e-35
8.68135e-36
1.01035e-36
1.17288e-37
1.35804e-38
1.56803e-39
1.80587e-40
2.07893e-41
2.39144e-42
2.74945e-43
3.15944e-44
3.62855e-45
4.16496e-46
4.77716e-47
5.48789e-48
6.28803e-49
7.20146e-50
8.24016e-51
9.45429e-52
1.08027e-52
1.23801e-53
1.41884e-54
1.61797e-55
1.85187e-56
2.11958e-57
2.41113e-58
2.75727e-59
3.13397e-60
3.5596e-61
4.04066e-62
4.58342e-63
5.1948e-64
5.88346e-65
6.65242e-66
7.58452e-67
8.55993e-68
9.75076e-69
1.09933e-69
1.2384e-70
1.39224e-71
1.58107e-72
1.79559e-73
2.01276e-74
2.25011e-75
2.55061e-76
2.84695e-77
3.16803e-78
3.58215e-79
3.9798e-80
4.41408e-81
4.88761e-82
5.40245e-83
5.96049e-84
6.56418e-85
7.21521e-86
7.91521e-87
8.66561e-88
9.46751e-89
1.03214e-89
1.12264e-90
1.21702e-91
1.30968e-92
1.28021e-93
0.137904
0.022517
0.00350379
0.00051433
7.2564e-05
9.96049e-06
1.34014e-06
1.77571e-07
2.32437e-08
3.01225e-09
3.8708e-10
4.93774e-11
6.25817e-12
7.88582e-13
9.88447e-14
1.23296e-14
1.53104e-15
1.89317e-16
2.33156e-17
2.85955e-18
3.51714e-19
4.28634e-20
5.20645e-21
6.30196e-22
7.64456e-23
9.19891e-24
1.10758e-24
1.33037e-25
1.59315e-26
1.90221e-27
2.26555e-28
2.68267e-29
3.17689e-30
3.75225e-31
4.42103e-32
5.1857e-33
6.06813e-34
7.09481e-35
8.27461e-36
9.62708e-37
1.11736e-37
1.29305e-38
1.49347e-39
1.72043e-40
1.98037e-41
2.27934e-42
2.62282e-43
3.01448e-44
3.46278e-45
3.97508e-46
4.56864e-47
5.23852e-48
6.01554e-49
6.90697e-50
7.90508e-51
9.0712e-52
1.03728e-52
1.18511e-53
1.35819e-54
1.55637e-55
1.77466e-56
2.03231e-57
2.31503e-58
2.63426e-59
3.01157e-60
3.44101e-61
3.9315e-62
4.45779e-63
5.08855e-64
5.75875e-65
6.56119e-66
7.47051e-67
8.50007e-68
9.66513e-69
1.09804e-69
1.24758e-70
1.40053e-71
1.58794e-72
1.79931e-73
2.0369e-74
2.30369e-75
2.60654e-76
2.90649e-77
3.2315e-78
3.64924e-79
4.05133e-80
4.49052e-81
4.96909e-82
5.48925e-83
6.05307e-84
6.66251e-85
7.31939e-86
8.02532e-87
8.78135e-88
9.58853e-89
1.04473e-89
1.13561e-90
1.23028e-91
1.32311e-92
1.29202e-93
0.137904
0.0225122
0.00350156
0.000513675
7.24098e-05
9.92871e-06
1.33415e-06
1.76518e-07
2.30676e-08
2.98396e-09
3.82689e-10
4.87145e-11
6.16048e-12
7.74485e-13
9.68475e-14
1.20513e-14
1.49281e-15
1.84133e-16
2.26076e-17
2.78179e-18
3.40984e-19
4.16616e-20
5.04434e-21
6.11734e-22
7.39487e-23
8.91077e-24
1.07052e-24
1.2824e-25
1.53182e-26
1.82479e-27
2.16805e-28
2.56962e-29
3.02969e-30
3.57291e-31
4.19428e-32
4.92167e-33
5.76145e-34
6.72943e-35
7.8325e-36
9.10625e-37
1.0556e-37
1.22112e-38
1.41008e-39
1.62431e-40
1.86999e-41
2.15132e-42
2.47529e-43
2.84748e-44
3.27092e-45
3.76069e-46
4.31631e-47
4.9516e-48
5.67658e-49
6.51836e-50
7.48195e-51
8.58775e-52
9.82228e-53
1.12628e-53
1.29148e-54
1.47453e-55
1.68972e-56
1.92765e-57
2.19672e-58
2.51353e-59
2.87467e-60
3.28789e-61
3.73528e-62
4.26557e-63
4.87219e-64
5.52065e-65
6.29968e-66
7.12541e-67
8.12414e-68
9.18161e-69
1.03677e-69
1.16858e-70
1.32833e-71
1.50867e-72
1.7123e-73
1.94203e-74
2.20356e-75
2.46418e-76
2.79127e-77
3.11037e-78
3.51765e-79
3.91321e-80
4.346e-81
4.81831e-82
5.33234e-83
5.89017e-84
6.49373e-85
7.14473e-86
7.84467e-87
8.59467e-88
9.3955e-89
1.02473e-89
1.11486e-90
1.20867e-91
1.30053e-92
1.27065e-93
0.137902
0.0225059
0.00349858
0.000512802
7.22051e-05
9.88666e-06
1.32627e-06
1.75136e-07
2.28376e-08
2.94724e-09
3.77016e-10
4.78634e-11
6.03587e-12
7.56617e-13
9.43321e-14
1.17029e-14
1.44527e-15
1.77727e-16
2.17575e-17
2.669e-18
3.26171e-19
3.97149e-20
4.82059e-21
5.80367e-22
6.9967e-23
8.40977e-24
1.00793e-24
1.20507e-25
1.43196e-26
1.70259e-27
2.01977e-28
2.38428e-29
2.8079e-30
3.30662e-31
3.88485e-32
4.55387e-33
5.32701e-34
6.21029e-35
7.22588e-36
8.39101e-37
9.73155e-38
1.12624e-38
1.3007e-39
1.4988e-40
1.72591e-41
1.98688e-42
2.28669e-43
2.63104e-44
3.02633e-45
3.48002e-46
4.00053e-47
4.59738e-48
5.28268e-49
6.05654e-50
6.93919e-51
7.96603e-52
9.14111e-53
1.0486e-53
1.20251e-54
1.37769e-55
1.57767e-56
1.80708e-57
2.06883e-58
2.36864e-59
2.6985e-60
3.07266e-61
3.49622e-62
3.9735e-63
4.54011e-64
5.18117e-65
5.8777e-66
6.65802e-67
7.5924e-68
8.65786e-69
9.78648e-70
1.10523e-70
1.24711e-71
1.40476e-72
1.59685e-73
1.81396e-74
2.06111e-75
2.31243e-76
2.59147e-77
2.89588e-78
3.28152e-79
3.66033e-80
4.07589e-81
4.53045e-82
5.02637e-83
5.56561e-84
6.15008e-85
6.78164e-86
7.46155e-87
8.19087e-88
8.97012e-89
9.79917e-90
1.06765e-90
1.15894e-91
1.24833e-92
1.22085e-93
0.137901
0.0224972
0.0034945
0.000511616
7.1928e-05
9.83005e-06
1.31573e-06
1.733e-07
2.2534e-08
2.89911e-09
3.69643e-10
4.67653e-11
5.87627e-12
7.3391e-13
9.1161e-14
1.12671e-14
1.38622e-15
1.69733e-16
2.08155e-17
2.54277e-18
3.09628e-19
3.73992e-20
4.50412e-21
5.40878e-22
6.47544e-23
7.76096e-24
9.27636e-25
1.10587e-25
1.31531e-26
1.55605e-27
1.84161e-28
2.17452e-29
2.5623e-30
3.00654e-31
3.52761e-32
4.12378e-33
4.81834e-34
5.61859e-35
6.5388e-36
7.59493e-37
8.80509e-38
1.01845e-38
1.17598e-39
1.35544e-40
1.56117e-41
1.79779e-42
2.06866e-43
2.38115e-44
2.73788e-45
3.14649e-46
3.61941e-47
4.15597e-48
4.77838e-49
5.48161e-50
6.29776e-51
7.23521e-52
8.29036e-53
9.4953e-54
1.08678e-54
1.24744e-55
1.42627e-56
1.63613e-57
1.86941e-58
2.13411e-59
2.446e-60
2.78978e-61
3.17998e-62
3.62246e-63
4.12439e-64
4.69323e-65
5.33333e-66
6.09404e-67
6.96454e-68
7.89404e-69
9.00514e-70
1.02732e-70
1.16042e-71
1.32091e-72
1.50263e-73
1.70992e-74
1.92239e-75
2.18456e-76
2.45143e-77
2.74346e-78
3.11046e-79
3.47475e-80
3.87514e-81
4.31385e-82
4.7932e-83
5.31537e-84
5.88224e-85
6.49526e-86
7.15564e-87
7.86448e-88
8.62201e-89
9.42766e-90
1.02792e-90
1.11645e-91
1.203e-92
1.17688e-93
0.137898
0.0224849
0.0034888
0.000509963
7.15442e-05
9.75221e-06
1.30133e-06
1.70814e-07
2.2127e-08
2.8352e-09
3.59949e-10
4.53369e-11
5.67085e-12
7.04973e-13
8.71584e-14
1.07224e-14
1.31314e-15
1.60151e-16
1.94501e-17
2.36548e-18
2.86652e-19
3.46326e-20
4.15444e-21
4.97004e-22
5.92881e-23
7.07879e-24
8.43109e-25
1.0012e-25
1.1868e-26
1.40363e-27
1.65656e-28
1.95106e-29
2.29372e-30
2.68669e-31
3.14134e-32
3.67165e-33
4.28375e-34
4.98912e-35
5.79962e-36
6.73164e-37
7.79585e-38
9.01791e-39
1.04141e-39
1.20052e-40
1.38295e-41
1.59278e-42
1.83413e-43
2.11045e-44
2.42729e-45
2.79342e-46
3.21075e-47
3.6891e-48
4.23726e-49
4.86413e-50
5.59134e-51
6.42709e-52
7.37051e-53
8.44695e-54
9.69968e-55
1.11385e-55
1.27507e-56
1.45856e-57
1.67308e-58
1.91903e-59
2.19157e-60
2.51134e-61
2.87636e-62
3.2928e-63
3.76758e-64
4.30853e-65
4.92433e-66
5.62609e-67
6.42498e-68
7.33726e-69
8.31394e-70
9.48115e-71
1.08047e-71
1.2305e-72
1.40044e-73
1.59442e-74
1.79506e-75
2.04124e-76
2.29501e-77
2.57375e-78
2.92068e-79
3.26945e-80
3.65374e-81
4.07589e-82
4.53824e-83
5.04282e-84
5.59153e-85
6.18605e-86
6.8273e-87
7.51569e-88
8.25137e-89
9.03375e-90
9.86007e-91
1.07171e-91
1.15531e-92
1.13073e-93
0.137893
0.0224668
0.00348047
0.000507571
7.09937e-05
9.64173e-06
1.28116e-06
1.67375e-07
2.15712e-08
2.74911e-09
3.47064e-10
4.3463e-11
5.40487e-12
6.68001e-13
8.211e-14
1.00437e-14
1.22315e-15
1.48365e-16
1.79236e-17
2.16845e-18
2.60336e-19
3.1286e-20
3.74988e-21
4.46609e-22
5.3243e-23
6.31265e-24
7.49094e-25
8.84622e-26
1.04513e-26
1.2323e-27
1.45026e-28
1.70394e-29
1.9953e-30
2.3326e-31
2.7267e-32
3.17862e-33
3.70029e-34
4.30167e-35
4.99371e-36
5.79279e-37
6.70981e-38
7.76073e-39
8.96332e-40
1.03365e-40
1.19122e-41
1.37227e-42
1.58028e-43
1.82022e-44
2.0949e-45
2.41032e-46
2.77206e-47
3.19068e-48
3.66746e-49
4.21343e-50
4.84625e-51
5.57297e-52
6.40711e-53
7.36278e-54
8.44279e-55
9.69981e-56
1.11436e-56
1.27614e-57
1.46541e-58
1.67685e-59
1.92392e-60
2.20748e-61
2.52311e-62
2.88278e-63
3.29218e-64
3.75809e-65
4.28591e-66
4.91111e-67
5.59672e-68
6.37467e-69
7.25042e-70
8.29089e-71
9.48137e-72
1.07637e-72
1.22006e-73
1.39356e-74
1.57613e-75
1.79645e-76
2.04741e-77
2.30579e-78
2.62385e-79
2.94927e-80
3.30956e-81
3.70719e-82
4.14454e-83
4.62375e-84
5.14681e-85
5.71525e-86
6.33022e-87
6.99197e-88
7.69996e-89
8.45256e-90
9.24695e-91
1.007e-91
1.08706e-92
1.06532e-93
0.137885
0.0224387
0.00346765
0.000503928
7.01676e-05
9.47865e-06
1.25188e-06
1.62477e-07
2.07941e-08
2.63091e-09
3.29699e-10
4.09828e-11
5.05887e-12
6.20692e-13
7.57522e-14
9.20196e-15
1.11313e-15
1.34092e-16
1.61605e-17
1.94124e-18
2.32455e-19
2.77576e-20
3.30617e-21
3.92935e-22
4.64661e-23
5.49883e-24
6.47899e-25
7.63818e-26
8.97218e-27
1.05221e-27
1.23442e-28
1.44367e-29
1.68838e-30
1.9717e-31
2.29945e-32
2.67806e-33
3.11491e-34
3.61838e-35
4.19797e-36
4.86451e-37
5.63016e-38
6.50875e-39
7.51439e-40
8.66609e-41
9.98791e-42
1.15082e-42
1.32607e-43
1.52712e-44
1.75909e-45
2.0261e-46
2.33137e-47
2.68425e-48
3.09031e-49
3.55291e-50
4.08867e-51
4.70397e-52
5.40455e-53
6.20678e-54
7.13818e-55
8.20484e-56
9.43404e-57
1.08191e-57
1.24323e-58
1.42852e-59
1.63688e-60
1.87448e-61
2.15195e-62
2.47047e-63
2.82483e-64
3.23995e-65
3.71593e-66
4.24211e-67
4.86068e-68
5.56958e-69
6.34876e-70
7.23368e-71
8.23296e-72
9.42161e-73
1.07031e-73
1.22284e-74
1.39607e-75
1.59295e-76
1.81799e-77
2.05398e-78
2.34109e-79
2.64037e-80
2.97336e-81
3.34263e-82
3.75095e-83
4.20085e-84
4.69407e-85
5.23252e-86
5.81716e-87
6.44809e-88
7.1249e-89
7.84536e-90
8.60511e-91
9.39054e-92
1.01519e-92
9.9619e-94
0.137871
0.022391
0.0034462
0.00049796
6.88472e-05
9.22485e-06
1.20757e-06
1.55263e-07
1.96805e-08
2.46602e-09
3.06065e-10
3.76865e-11
4.60927e-12
5.60515e-13
6.78224e-14
8.17117e-15
9.80717e-16
1.1731e-16
1.39873e-17
1.66862e-18
1.98005e-19
2.34407e-20
2.77604e-21
3.28167e-22
3.86349e-23
4.55068e-24
5.34111e-25
6.27048e-26
7.3508e-27
8.60532e-28
1.00623e-28
1.17368e-29
1.36914e-30
1.59374e-31
1.85495e-32
2.15685e-33
2.50373e-34
2.9038e-35
3.36488e-36
3.89569e-37
4.50774e-38
5.21111e-39
6.01867e-40
6.94469e-41
8.00922e-42
9.23573e-43
1.06483e-43
1.22757e-44
1.41506e-45
1.63015e-46
1.87856e-47
2.16454e-48
2.49396e-49
2.87076e-50
3.30354e-51
3.80462e-52
4.38149e-53
5.03828e-54
5.80063e-55
6.668e-56
7.6636e-57
8.80406e-58
1.01313e-58
1.16328e-59
1.33821e-60
1.53583e-61
1.7618e-62
2.02528e-63
2.32748e-64
2.67494e-65
3.06385e-66
3.51841e-67
4.03937e-68
4.63621e-69
5.31884e-70
6.1019e-71
6.96804e-72
7.95361e-73
9.07236e-74
1.03374e-74
1.1834e-75
1.35408e-76
1.54949e-77
1.75891e-78
2.01047e-79
2.27861e-80
2.57902e-81
2.91476e-82
3.28855e-83
3.70332e-84
4.16176e-85
4.66565e-86
5.21669e-87
5.81508e-88
6.45981e-89
7.14821e-90
7.87461e-91
8.6239e-92
9.34568e-93
9.19163e-94
0.137842
0.0222968
0.00340535
0.000487068
6.65452e-05
8.80231e-06
1.13703e-06
1.44253e-07
1.80464e-08
2.23261e-09
2.73734e-10
3.33126e-11
4.02919e-12
4.84806e-13
5.80808e-14
6.93181e-15
8.24598e-16
9.78143e-17
1.15737e-17
1.36655e-18
1.61008e-19
1.89696e-20
2.23123e-21
2.61947e-22
3.07172e-23
3.59742e-24
4.20782e-25
4.91634e-26
5.73818e-27
6.69096e-28
7.79378e-29
9.07126e-30
1.05494e-30
1.2259e-31
1.42259e-32
1.65068e-33
1.9131e-34
2.21577e-35
2.56561e-36
2.96794e-37
3.43133e-38
3.96478e-39
4.57849e-40
5.28416e-41
6.09625e-42
7.03202e-43
8.11158e-44
9.35418e-45
1.07857e-45
1.24345e-46
1.43335e-47
1.65196e-48
1.90459e-49
2.19561e-50
2.5308e-51
2.91691e-52
3.3619e-53
3.87119e-54
4.45708e-55
5.13025e-56
5.91008e-57
6.80826e-58
7.83305e-59
9.00912e-60
1.03742e-60
1.19441e-61
1.37514e-62
1.58017e-63
1.81863e-64
2.09289e-65
2.40736e-66
2.7635e-67
3.17888e-68
3.65491e-69
4.19205e-70
4.8211e-71
5.52693e-72
6.33335e-73
7.25398e-74
8.30424e-75
9.49927e-76
1.09089e-76
1.24704e-77
1.42375e-78
1.63332e-79
1.8625e-80
2.1216e-81
2.41388e-82
2.74272e-83
3.11153e-84
3.52333e-85
3.9816e-86
4.48851e-87
5.04488e-88
5.65058e-89
6.30335e-90
6.99603e-91
7.71092e-92
8.39527e-93
8.29322e-94
0.13778
0.0220588
0.00330998
0.00046383
6.20424e-05
8.03865e-06
1.01817e-06
1.26817e-07
1.55951e-08
1.89878e-09
2.29364e-10
2.75299e-11
3.28713e-12
3.90786e-13
4.62872e-14
5.46572e-15
6.43683e-16
7.56384e-17
8.86993e-18
1.03951e-18
1.2163e-19
1.42124e-20
1.65871e-21
1.93392e-22
2.25084e-23
2.61938e-24
3.04587e-25
3.53925e-26
4.10985e-27
4.76954e-28
5.53198e-29
6.41316e-30
7.42804e-31
8.60304e-32
9.9561e-33
1.15206e-33
1.33257e-34
1.54044e-35
1.7801e-36
2.05664e-37
2.37503e-38
2.74181e-39
3.16436e-40
3.65071e-41
4.21087e-42
4.85676e-43
5.60138e-44
6.45915e-45
7.44867e-46
8.5895e-47
9.90246e-48
1.14178e-48
1.3165e-49
1.51748e-50
1.749e-51
2.01651e-52
2.32391e-53
2.67922e-54
3.08732e-55
3.55733e-56
4.09873e-57
4.72208e-58
5.44349e-59
6.27065e-60
7.22325e-61
8.31957e-62
9.59029e-63
1.10439e-63
1.2729e-64
1.46696e-65
1.68894e-66
1.94637e-67
2.24324e-68
2.5818e-69
2.97487e-70
3.4282e-71
3.94428e-72
4.53723e-73
5.21733e-74
6.00876e-75
6.9188e-76
7.96788e-77
9.15365e-78
1.05095e-78
1.20981e-79
1.38833e-80
1.59236e-81
1.82528e-82
2.09076e-83
2.3928e-84
2.73589e-85
3.12385e-86
3.56067e-87
4.05138e-88
4.59767e-89
5.19893e-90
5.8504e-91
6.53367e-92
7.18845e-93
7.18056e-94
0.139859
0.0214711
0.00305436
0.00040864
5.2587e-05
6.59409e-06
8.11782e-07
9.85814e-08
1.18472e-08
1.41219e-09
1.67247e-10
1.97042e-11
2.31165e-12
2.70261e-13
3.1507e-14
3.66444e-15
4.25396e-16
4.92985e-17
5.70586e-18
6.59683e-19
7.61941e-20
8.79389e-21
1.01431e-21
1.16934e-22
1.34746e-23
1.55226e-24
1.7877e-25
2.05831e-26
2.36947e-27
2.72732e-28
3.13891e-29
3.61237e-30
4.15699e-31
4.78359e-32
5.50452e-33
6.33412e-34
7.28885e-35
8.3876e-36
9.65218e-37
1.11078e-37
1.27834e-38
1.47122e-39
1.69328e-40
1.94894e-41
2.24331e-42
2.58233e-43
2.97284e-44
3.42267e-45
3.94096e-46
4.53825e-47
5.22662e-48
6.02003e-49
6.93476e-50
7.98943e-51
9.20588e-52
1.06089e-52
1.22274e-53
1.4095e-54
1.62504e-55
1.87381e-56
2.16102e-57
2.49264e-58
2.87586e-59
3.31841e-60
3.82976e-61
4.42073e-62
5.10403e-63
5.89448e-64
6.80858e-65
7.86638e-66
9.0904e-67
1.05086e-67
1.21505e-68
1.40522e-69
1.62564e-70
1.88123e-71
2.17755e-72
2.52147e-73
2.92023e-74
3.38328e-75
3.92122e-76
4.54652e-77
5.27318e-78
6.1178e-79
7.1025e-80
8.24711e-81
9.5798e-82
1.11323e-82
1.29418e-83
1.50521e-84
1.75148e-85
2.03907e-86
2.37564e-87
2.76868e-88
3.22867e-89
3.76727e-90
4.39736e-91
5.12777e-92
5.92844e-93
6.36951e-94
)
;

boundaryField
{
    fuel
    {
        type            fixedValue;
        value           uniform 1;
    }
    air
    {
        type            fixedValue;
        value           uniform 0;
    }
    outlet
    {
        type            fixedValue;
        value           uniform 0;
    }
    frontAndBack
    {
        type            empty;
    }
}


// ************************************************************************* //
