/*--------------------------------*- C++ -*----------------------------------*\
| =========                 |                                                 |
| \\      /  F ield         | OpenFOAM: The Open Source CFD Toolbox           |
|  \\    /   O peration     | Version:  2406                                  |
|   \\  /    A nd           | Website:  www.openfoam.com                      |
|    \\/     M anipulation  |                                                 |
\*---------------------------------------------------------------------------*/
FoamFile
{
    version     2.0;
    format      ascii;
    arch        "LSB;label=32;scalar=64";
    class       volScalarField;
    location    "2.64e-05";
    object      O2;
}
// * * * * * * * * * * * * * * * * * * * * * * * * * * * * * * * * * * * * * //

dimensions      [0 0 0 0 0 0 0];

internalField   nonuniform List<scalar> 
4000
(
4.07566e-94
4.20967e-93
3.7081e-92
3.19941e-91
2.75132e-90
2.36439e-89
2.0315e-88
1.74538e-87
1.49954e-86
1.28832e-85
1.10687e-84
9.50986e-84
8.17065e-83
7.02013e-82
6.0317e-81
5.18162e-80
4.45206e-79
3.82521e-78
3.28633e-77
2.82374e-76
2.42617e-75
2.08466e-74
1.79138e-73
1.53938e-72
1.32277e-71
1.13668e-70
9.76756e-70
8.39303e-69
7.21182e-68
6.19671e-67
5.32432e-66
4.5746e-65
3.93018e-64
3.37634e-63
2.90041e-62
2.49139e-61
2.13988e-60
1.83781e-59
1.57828e-58
1.35527e-57
1.16367e-56
9.99052e-56
8.57622e-55
7.36129e-54
6.31762e-53
5.42115e-52
4.65125e-51
3.99014e-50
3.42256e-49
2.93533e-48
2.51713e-47
2.15825e-46
1.85031e-45
1.58612e-44
1.35946e-43
1.16509e-42
9.98403e-42
8.55458e-41
7.32891e-40
6.27809e-39
5.37727e-38
4.60513e-37
3.94328e-36
3.37636e-35
2.89063e-34
2.47443e-33
2.11793e-32
1.81252e-31
1.55086e-30
1.3269e-29
1.13511e-28
9.70836e-28
8.30197e-27
7.09791e-26
6.06711e-25
5.18468e-24
4.42925e-23
3.78181e-22
3.22802e-21
2.75363e-20
2.34752e-19
1.99951e-18
1.70165e-17
1.4464e-16
1.22744e-15
1.04016e-14
8.79591e-14
7.4191e-13
6.23837e-12
5.22553e-11
4.35643e-10
3.61042e-09
2.96905e-08
2.41869e-07
1.9456e-06
1.53849e-05
0.000118714
0.000882514
0.00615271
0.0383364
6.83503e-94
7.19706e-93
6.44562e-92
5.65817e-91
4.94018e-90
4.30143e-89
3.73826e-88
3.24432e-87
2.81266e-86
2.4364e-85
2.10906e-84
1.8247e-83
1.57796e-82
1.36388e-81
1.17845e-80
1.01815e-79
8.79358e-79
7.59314e-78
6.54728e-77
5.6453e-76
4.86686e-75
4.19541e-74
3.61636e-73
3.11702e-72
2.6885e-71
2.31675e-70
1.99774e-69
1.72136e-68
1.48322e-67
1.2779e-66
1.10093e-65
9.48362e-65
8.17195e-64
7.04054e-63
6.06505e-62
5.22279e-61
4.49831e-60
3.87302e-59
3.33442e-58
2.87047e-57
2.47109e-56
2.12699e-55
1.83057e-54
1.57526e-53
1.35518e-52
1.16537e-51
1.00185e-50
8.60874e-50
7.39563e-49
6.35118e-48
5.4513e-47
4.67827e-46
4.0123e-45
3.44093e-44
2.94889e-43
2.52631e-42
2.16429e-41
1.85339e-40
1.58654e-39
1.35764e-38
1.16134e-37
9.9248e-37
8.4781e-36
7.23867e-35
6.18198e-34
5.27267e-33
4.49853e-32
3.83245e-31
3.26341e-30
2.77719e-29
2.36418e-28
2.00887e-27
1.70591e-26
1.44737e-25
1.22686e-24
1.03899e-23
8.80311e-23
7.43867e-22
6.28891e-21
5.30004e-20
4.46064e-19
3.75499e-18
3.155e-17
2.64525e-16
2.20674e-15
1.84084e-14
1.53032e-13
1.26705e-12
1.0442e-11
8.5572e-11
6.96466e-10
5.62117e-09
4.48914e-08
3.53504e-07
2.73342e-06
2.06193e-05
0.000150241
0.00104022
0.00665984
0.0386106
1.04052e-93
1.1039e-92
9.95858e-92
8.81864e-91
7.7701e-90
6.8265e-89
5.98404e-88
5.23584e-87
4.57411e-86
3.99081e-85
3.47805e-84
3.0283e-83
2.63429e-82
2.29008e-81
1.98959e-80
1.72758e-79
1.4992e-78
1.30053e-77
1.12773e-76
9.77528e-76
8.45763e-75
7.31451e-74
6.3252e-73
5.4684e-72
4.7339e-71
4.09118e-70
3.53551e-69
3.05492e-68
2.64213e-67
2.2823e-66
1.9732e-65
1.70417e-64
1.47281e-63
1.27257e-62
1.09875e-61
9.48593e-61
8.18936e-60
7.06845e-59
6.10034e-58
5.26422e-57
4.54217e-56
3.9187e-55
3.38037e-54
2.91563e-53
2.51373e-52
2.16568e-51
1.86462e-50
1.6047e-49
1.38018e-48
1.186e-47
1.01889e-46
8.74775e-46
7.50219e-45
6.42996e-44
5.50722e-43
4.71365e-42
4.03451e-41
3.45066e-40
2.94676e-39
2.51472e-38
2.14422e-37
1.82878e-36
1.55845e-35
1.32539e-34
1.12784e-33
9.5884e-33
8.14488e-32
6.90122e-31
5.84215e-30
4.94886e-29
4.18684e-28
3.53056e-27
2.98046e-26
2.51252e-25
2.11002e-24
1.76955e-23
1.48121e-22
1.24122e-21
1.03524e-20
8.6124e-20
7.17359e-19
5.93595e-18
4.91798e-17
4.06093e-16
3.32531e-15
2.72656e-14
2.22391e-13
1.80437e-12
1.45484e-11
1.1644e-10
9.23799e-10
7.25123e-09
5.61842e-08
4.28402e-07
3.20035e-06
2.32821e-05
0.000163461
0.00109206
0.0067824
0.0386558
1.49525e-93
1.59264e-92
1.44261e-91
1.28391e-90
1.13757e-89
1.0053e-88
8.86508e-88
7.80285e-87
6.85651e-86
6.01612e-85
5.27189e-84
4.61441e-83
4.03508e-82
3.52525e-81
3.07731e-80
2.68411e-79
2.33972e-78
2.03815e-77
1.77445e-76
1.53956e-75
1.33944e-74
1.16141e-73
1.00958e-72
8.75129e-72
7.58543e-71
6.58647e-70
5.70621e-69
4.9433e-68
4.2814e-67
3.70749e-66
3.21e-65
2.78209e-64
2.40785e-63
2.08387e-62
1.80477e-61
1.56142e-60
1.35166e-59
1.16911e-58
1.01113e-57
8.74358e-57
7.5599e-56
6.53689e-55
5.65026e-54
4.88332e-53
4.218e-52
3.64019e-51
3.13826e-50
2.70315e-49
2.32624e-48
2.00024e-47
1.71919e-46
1.4754e-45
1.26504e-44
1.08366e-43
9.274e-43
7.93683e-42
6.78602e-41
5.7899e-40
4.9354e-39
4.2083e-38
3.58448e-37
3.04514e-36
2.58431e-35
2.19055e-34
1.85431e-33
1.56748e-32
1.32319e-31
1.11524e-30
9.40858e-30
7.92392e-29
6.66392e-28
5.57804e-27
4.66172e-26
3.88805e-25
3.23578e-24
2.69715e-23
2.23359e-22
1.84527e-21
1.52014e-20
1.24846e-19
1.02192e-18
8.37982e-18
6.80452e-17
5.53823e-16
4.4549e-15
3.59176e-14
2.87744e-13
2.29043e-12
1.8098e-11
1.41813e-10
1.10044e-09
8.44171e-09
6.38831e-08
4.75564e-07
3.46955e-06
2.4673e-05
0.00016966
0.00111372
0.00682786
0.0386706
2.05192e-93
2.19103e-92
1.98981e-91
1.77658e-90
1.57977e-89
1.40156e-88
1.24104e-87
1.09691e-86
9.67996e-86
8.52974e-85
7.50565e-84
6.59678e-83
5.7915e-82
5.07934e-81
4.45059e-80
3.89614e-79
3.40825e-78
2.9793e-77
2.59173e-76
2.26353e-75
1.97501e-74
1.71653e-73
1.49182e-72
1.29995e-71
1.12884e-70
9.80312e-70
8.53104e-69
7.4201e-68
6.43875e-67
5.58693e-66
4.84695e-65
4.20398e-64
3.64542e-63
3.16038e-62
2.73928e-61
2.37612e-60
2.05853e-59
1.78457e-58
1.54651e-57
1.33933e-56
1.16011e-55
1.00457e-54
8.69666e-54
7.52651e-53
6.50881e-52
5.62149e-51
4.84949e-50
4.18034e-49
3.59774e-48
3.09284e-47
2.65561e-46
2.27942e-45
1.9524e-44
1.67034e-43
1.42894e-42
1.21932e-41
1.03923e-40
8.84557e-40
7.53181e-39
6.39265e-38
5.42076e-37
4.58814e-36
3.87768e-35
3.27977e-34
2.76931e-33
2.32828e-32
1.96028e-31
1.6474e-30
1.38221e-29
1.15353e-28
9.64515e-28
8.01509e-27
6.64653e-26
5.49811e-25
4.53548e-24
3.73101e-23
3.07524e-22
2.51237e-21
2.04661e-20
1.6611e-19
1.34289e-18
1.08075e-17
8.65692e-17
6.95071e-16
5.50261e-15
4.37098e-14
3.44726e-13
2.6998e-12
2.09807e-11
1.61611e-10
1.23243e-09
9.29158e-09
6.91189e-08
5.06057e-07
3.63436e-06
2.54783e-05
0.000173057
0.00112499
0.00685051
0.0386776
2.70191e-93
2.88987e-92
2.62899e-91
2.35216e-90
2.09655e-89
1.86487e-88
1.65586e-87
1.46784e-86
1.29912e-85
1.14817e-84
1.01346e-83
8.93346e-83
7.8658e-82
6.91822e-81
6.07837e-80
5.33587e-79
4.67973e-78
4.10089e-77
3.57313e-76
3.12751e-75
2.73467e-74
2.38992e-73
2.0796e-72
1.81603e-71
1.57926e-70
1.37341e-69
1.19406e-68
1.04041e-67
9.05947e-67
7.86786e-66
6.84676e-65
5.95496e-64
5.17766e-63
4.50043e-62
3.9104e-61
3.39672e-60
2.94641e-59
2.55781e-58
2.2179e-57
1.92412e-56
1.66799e-55
1.44561e-54
1.25264e-53
1.08528e-52
9.39203e-52
8.11785e-51
7.0049e-50
6.03907e-49
5.19675e-48
4.46871e-47
3.83406e-46
3.28495e-45
2.81368e-44
2.40652e-43
2.05243e-42
1.74797e-41
1.48634e-40
1.26185e-39
1.06951e-38
9.04881e-38
7.64209e-37
6.44196e-36
5.43526e-35
4.5771e-34
3.84734e-33
3.2174e-32
2.68539e-31
2.23601e-30
1.86479e-29
1.54478e-28
1.27692e-27
1.0574e-26
8.68801e-26
7.15663e-25
5.84415e-24
4.78685e-23
3.90687e-22
3.15778e-21
2.54339e-20
2.0395e-19
1.64052e-18
1.30262e-17
1.03855e-16
8.23336e-16
6.42984e-15
5.04378e-14
3.92636e-13
3.03451e-12
2.32669e-11
1.76836e-10
1.33084e-09
9.90398e-09
7.27609e-08
5.2654e-07
3.7414e-06
2.59847e-05
0.000175131
0.00113171
0.00686378
0.0386814
3.43529e-93
3.67906e-92
3.35162e-91
3.00371e-90
2.6823e-89
2.3908e-88
2.12755e-87
1.8905e-86
1.67746e-85
1.48634e-84
1.3153e-83
1.16261e-82
1.02644e-81
9.05248e-81
7.97593e-80
7.02031e-79
6.17369e-78
5.42476e-77
4.76295e-76
4.15721e-75
3.62889e-74
3.1805e-73
2.77251e-72
2.42653e-71
2.11369e-70
1.84113e-69
1.60845e-68
1.3998e-67
1.22162e-66
1.06258e-65
9.24254e-65
8.0366e-64
6.98615e-63
6.08205e-62
5.28347e-61
4.59576e-60
3.99537e-59
3.46853e-58
3.01072e-57
2.61276e-56
2.26805e-55
1.968e-54
1.70705e-53
1.4801e-52
1.28164e-51
1.1082e-50
9.56781e-50
8.24822e-49
7.0947e-48
6.09257e-47
5.22877e-46
4.47478e-45
3.8287e-44
3.2703e-43
2.78401e-42
2.36617e-41
2.00736e-40
1.69968e-39
1.43991e-38
1.21747e-37
1.02751e-36
8.63036e-36
7.23553e-35
6.07335e-34
5.06754e-33
4.23596e-32
3.53172e-31
2.92511e-30
2.41733e-29
1.99211e-28
1.64532e-27
1.34724e-26
1.10631e-25
8.99855e-25
7.29774e-24
5.89688e-23
4.74619e-22
3.83143e-21
3.07938e-20
2.44536e-19
1.93418e-18
1.52194e-17
1.1911e-16
9.35669e-16
7.22458e-15
5.60866e-14
4.32017e-13
3.30368e-12
2.50658e-11
1.88538e-10
1.40461e-09
1.03524e-08
7.5369e-08
5.40868e-07
3.81468e-06
2.63248e-05
0.000176501
0.00113609
0.00687231
0.0386837
4.21624e-93
4.51865e-92
4.11924e-91
3.69473e-90
3.30271e-89
2.94708e-88
2.62577e-87
2.33613e-86
2.07555e-85
1.8416e-84
1.63193e-83
1.44434e-82
1.2768e-81
1.12747e-80
9.94555e-80
8.76449e-79
7.71628e-78
6.78704e-77
5.96448e-76
5.20808e-75
4.57208e-74
4.00867e-73
3.51259e-72
3.07632e-71
2.69241e-70
2.34622e-69
2.05201e-68
1.78716e-67
1.56136e-66
1.35914e-65
1.18611e-64
1.03193e-63
8.9777e-63
7.82372e-62
6.80185e-61
5.92225e-60
5.15326e-59
4.48237e-58
3.89358e-57
3.38428e-56
2.93841e-55
2.55087e-54
2.21393e-53
1.92105e-52
1.66429e-51
1.43909e-50
1.24206e-49
1.07002e-48
9.20885e-48
7.90339e-47
6.77066e-46
5.78924e-45
4.94846e-44
4.22169e-43
3.58812e-42
3.04392e-41
2.58291e-40
2.18168e-39
1.84017e-38
1.55238e-37
1.30256e-36
1.09062e-35
9.11012e-35
7.59124e-34
6.30935e-33
5.25245e-32
4.35989e-31
3.59262e-30
2.95312e-29
2.42206e-28
1.98961e-27
1.62864e-26
1.32906e-25
1.07384e-24
8.64982e-24
6.94028e-23
5.58871e-22
4.44327e-21
3.51842e-20
2.77195e-19
2.17239e-18
1.6935e-17
1.32633e-16
1.03206e-15
7.89442e-15
6.07694e-14
4.64101e-13
3.51912e-12
2.64791e-11
1.97574e-10
1.46064e-09
1.06874e-08
7.72837e-08
5.51236e-07
3.86695e-06
2.65643e-05
0.000177455
0.00113911
0.00687815
0.0386852
5.07212e-93
5.4408e-92
4.96485e-91
4.45813e-90
3.98993e-89
3.56508e-88
3.18099e-87
2.83442e-86
2.52234e-85
2.2418e-84
1.99007e-83
1.76457e-82
1.56293e-81
1.38282e-80
1.22222e-79
1.07921e-78
9.52048e-78
8.39118e-77
7.3411e-76
6.46325e-75
5.68366e-74
4.96698e-73
4.34054e-72
3.80923e-71
3.32439e-70
2.90139e-69
2.53104e-68
2.20709e-67
1.92393e-66
1.68174e-65
1.46456e-64
1.27539e-63
1.11025e-62
9.66211e-62
8.40541e-61
7.32259e-60
6.36577e-59
5.53303e-58
4.81277e-57
4.18392e-56
3.63329e-55
3.15446e-54
2.73802e-53
2.37596e-52
2.05825e-51
1.77897e-50
1.5344e-49
1.32073e-48
1.13445e-47
9.73533e-47
8.32648e-46
7.10703e-45
6.06388e-44
5.16307e-43
4.38746e-42
3.72084e-41
3.14105e-40
2.64587e-39
2.23015e-38
1.86897e-37
1.56819e-36
1.30746e-35
1.08752e-34
9.02068e-34
7.49445e-33
6.20841e-32
5.10381e-31
4.18804e-30
3.4417e-29
2.80252e-28
2.28983e-27
1.86371e-26
1.51201e-25
1.21359e-24
9.70939e-24
7.73611e-23
6.18764e-22
4.92432e-21
3.9024e-20
3.07891e-19
2.39394e-18
1.85284e-17
1.44133e-16
1.1137e-15
8.45412e-15
6.46307e-14
4.90196e-13
3.69193e-12
2.75979e-11
2.04629e-10
1.50379e-09
1.09419e-08
7.87217e-08
5.5893e-07
3.9054e-06
2.67388e-05
0.000178145
0.00114128
0.00688233
0.0386861
5.92557e-93
6.35917e-92
5.80559e-91
5.21609e-90
4.67134e-89
4.17691e-88
3.7297e-87
3.32613e-86
2.96252e-85
2.63546e-84
2.34178e-83
2.07844e-82
1.84265e-81
1.63191e-80
1.44379e-79
1.27612e-78
1.12683e-77
9.94097e-77
8.70166e-76
7.61732e-75
6.70573e-74
5.89565e-73
5.18046e-72
4.52564e-71
3.9534e-70
3.46732e-69
3.02501e-68
2.63898e-67
2.30117e-66
2.01259e-65
1.7531e-64
1.53133e-63
1.33308e-62
1.16311e-61
1.01192e-60
8.80305e-60
7.66769e-59
6.67428e-58
5.80686e-57
5.04507e-56
4.38529e-55
3.80783e-54
3.30566e-53
2.86894e-52
2.48446e-51
2.14749e-50
1.85235e-49
1.59316e-48
1.36724e-47
1.17214e-46
1.00265e-45
8.54455e-45
7.26549e-44
6.16272e-43
5.22706e-42
4.41107e-41
3.72453e-40
3.13704e-39
2.63602e-38
2.20964e-37
1.84772e-36
1.54113e-35
1.28213e-34
1.06396e-33
8.76406e-33
7.1986e-32
5.92504e-31
4.83266e-30
3.9307e-29
3.18492e-28
2.58853e-27
2.08076e-26
1.67953e-25
1.33938e-24
1.06433e-23
8.49043e-23
6.74095e-22
5.32976e-21
4.19593e-20
3.28861e-19
2.56553e-18
1.99211e-17
1.53886e-16
1.18218e-15
8.91708e-15
6.77901e-14
5.11317e-13
3.83033e-12
2.84844e-11
2.10166e-10
1.53736e-09
1.11382e-08
7.98225e-08
5.64775e-07
3.93431e-06
2.68692e-05
0.000178658
0.00114288
0.00688539
0.0386868
6.78199e-93
7.28103e-92
6.64985e-91
5.9774e-90
5.35596e-89
4.79185e-88
4.2816e-87
3.82093e-86
3.4057e-85
3.03203e-84
2.69622e-83
2.39499e-82
2.12511e-81
1.88368e-80
1.66799e-79
1.47553e-78
1.30405e-77
1.15144e-76
1.01579e-75
8.89318e-75
7.78635e-74
6.81242e-73
5.99052e-72
5.26128e-71
4.6182e-70
4.05106e-69
3.55137e-68
3.11181e-67
2.71451e-66
2.37643e-65
2.07161e-64
1.81113e-63
1.5778e-62
1.37786e-61
1.19966e-60
1.04437e-59
9.10389e-59
7.91855e-58
6.88649e-57
5.99281e-56
5.21195e-55
4.52833e-54
3.93345e-53
3.41579e-52
2.95902e-51
2.55822e-50
2.20539e-49
1.89672e-48
1.6292e-47
1.39626e-46
1.1921e-45
1.01726e-44
8.65984e-44
7.33887e-43
6.22056e-42
5.24454e-41
4.41123e-40
3.71261e-39
3.11603e-38
2.60888e-37
2.17866e-36
1.8146e-35
1.50051e-34
1.23744e-33
1.02239e-32
8.41931e-32
6.87297e-31
5.59459e-30
4.56729e-29
3.69003e-28
2.97177e-27
2.38364e-26
1.90397e-25
1.52696e-24
1.21892e-23
9.60633e-23
7.54269e-22
5.89287e-21
4.58084e-20
3.54244e-19
2.72473e-18
2.10796e-17
1.62068e-16
1.23917e-15
9.29983e-15
7.03815e-14
5.28506e-13
3.94206e-12
2.91947e-11
2.1456e-10
1.56373e-09
1.12914e-08
8.06733e-08
5.69269e-07
3.95649e-06
2.69689e-05
0.000179048
0.0011441
0.0068877
0.0386872
7.63418e-93
8.19852e-92
7.49151e-91
6.73666e-90
6.03901e-89
5.40565e-88
4.83264e-87
4.31517e-86
3.84859e-85
3.42854e-84
3.05093e-83
2.71197e-82
2.40812e-81
2.13612e-80
1.89296e-79
1.67585e-78
1.48226e-77
1.30983e-76
1.15652e-75
1.02021e-74
8.99457e-74
7.92422e-73
6.93488e-72
6.06893e-71
5.33599e-70
4.66236e-69
4.07392e-68
3.57333e-67
3.1185e-66
2.73177e-65
2.39058e-64
2.08416e-63
1.81683e-62
1.58324e-61
1.38237e-60
1.20595e-59
1.05148e-58
9.14879e-58
7.9587e-57
6.92092e-56
6.01622e-55
5.23053e-54
4.54349e-53
3.94538e-52
3.41682e-51
2.9529e-50
2.54588e-49
2.18779e-48
1.87532e-47
1.60333e-46
1.3695e-45
1.16686e-44
9.89632e-44
8.3929e-43
7.0988e-42
5.97134e-41
5.0105e-40
4.2069e-39
3.50854e-38
2.92995e-37
2.43933e-36
2.01596e-35
1.6696e-34
1.37817e-33
1.13438e-32
9.30764e-32
7.56628e-31
6.13257e-30
4.95244e-29
4.01209e-28
3.23734e-27
2.60318e-26
2.06901e-25
1.6529e-24
1.31424e-23
1.03127e-22
8.13963e-22
6.32791e-21
4.89957e-20
3.77466e-19
2.89207e-18
2.20341e-17
1.68916e-16
1.28653e-15
9.61483e-15
7.24958e-14
5.42405e-13
4.03174e-12
2.97606e-11
2.18046e-10
1.5846e-09
1.14117e-08
8.134e-08
5.72766e-07
3.97365e-06
2.70457e-05
0.000179348
0.00114503
0.00688946
0.0386875
8.46509e-93
9.09332e-92
8.30785e-91
7.47348e-90
6.70173e-89
6.00126e-88
5.36717e-87
4.79439e-86
4.27779e-85
3.81253e-84
3.39412e-83
3.01836e-82
2.68137e-81
2.37955e-80
2.10958e-79
1.86841e-78
1.65322e-77
1.46144e-76
1.29073e-75
1.13068e-74
9.97482e-74
8.78738e-73
7.73588e-72
6.80624e-71
5.98467e-70
5.23654e-69
4.5812e-68
4.00615e-67
3.49868e-66
3.06628e-65
2.6845e-64
2.3425e-63
2.04279e-62
1.78085e-61
1.55565e-60
1.35782e-59
1.18444e-58
1.03263e-57
8.99805e-57
7.83653e-56
6.82135e-55
5.93454e-54
5.16013e-53
4.48434e-52
3.88577e-51
3.35992e-50
2.89601e-49
2.48963e-48
2.13465e-47
1.8254e-46
1.55682e-45
1.32416e-44
1.12314e-43
9.52434e-43
8.03191e-42
6.75599e-41
5.66607e-40
4.73806e-39
3.96549e-38
3.29501e-37
2.73041e-36
2.2552e-35
1.85677e-34
1.52349e-33
1.25278e-32
1.02635e-31
8.3281e-31
6.73771e-30
5.43088e-29
4.3603e-28
3.48614e-27
2.77578e-26
2.20036e-25
1.73684e-24
1.36447e-23
1.07698e-22
8.37265e-22
6.551e-21
5.04366e-20
3.91041e-19
3.01386e-18
2.31208e-17
1.74314e-16
1.32533e-15
9.87175e-15
7.42134e-14
5.53657e-13
4.10397e-12
3.02143e-11
2.20824e-10
1.60111e-09
1.15067e-08
8.18636e-08
5.7551e-07
3.98709e-06
2.71056e-05
0.000179581
0.00114576
0.00689082
0.0386877
9.25442e-93
9.94574e-92
9.09317e-91
8.18293e-90
7.34255e-89
6.57867e-88
5.88779e-87
5.26347e-86
4.70013e-85
4.19253e-84
3.7358e-83
3.32537e-82
2.95705e-81
2.62694e-80
2.33159e-79
2.0674e-78
1.83148e-77
1.62104e-76
1.43328e-75
1.25704e-74
1.10265e-73
9.66693e-73
8.46915e-72
7.45909e-71
6.52357e-70
5.73648e-69
5.01443e-68
4.40354e-67
3.84646e-66
3.36003e-65
2.94431e-64
2.56863e-63
2.24062e-62
1.95376e-61
1.70298e-60
1.48694e-59
1.29473e-58
1.12716e-57
9.80867e-57
8.53211e-56
7.41913e-55
6.45184e-54
5.60528e-53
4.86793e-52
4.21435e-51
3.64035e-50
3.1338e-49
2.6903e-48
2.30312e-47
1.9661e-46
1.67357e-45
1.42356e-44
1.20755e-43
1.01891e-42
8.57371e-42
7.21632e-41
6.05586e-40
5.06823e-39
4.21242e-38
3.49091e-37
2.89694e-36
2.38412e-35
1.96678e-34
1.61668e-33
1.32468e-32
1.08198e-31
8.75113e-31
7.05614e-30
5.70886e-29
4.59996e-28
3.66378e-27
2.93237e-26
2.31597e-25
1.83907e-24
1.45352e-23
1.14434e-22
8.87854e-22
6.86339e-21
5.33752e-20
4.12721e-19
3.13901e-18
2.37672e-17
1.78938e-16
1.35704e-15
1.00804e-14
7.56018e-14
5.62705e-13
4.16181e-12
3.05759e-11
2.2303e-10
1.61419e-09
1.15816e-08
8.22757e-08
5.77661e-07
3.99758e-06
2.71524e-05
0.000179763
0.00114632
0.00689187
0.0386878
9.86255e-93
1.05986e-91
9.68975e-91
8.72011e-90
7.82392e-89
7.00973e-88
6.27277e-87
5.60683e-86
5.00594e-85
4.46451e-84
3.97742e-83
3.53963e-82
3.14675e-81
2.79462e-80
2.47902e-79
2.19723e-78
1.9456e-77
1.72116e-76
1.52121e-75
1.3435e-74
1.17733e-73
1.03882e-72
9.15305e-72
8.01111e-71
7.0121e-70
6.13375e-69
5.3626e-68
4.70866e-67
4.11108e-66
3.60382e-65
3.15596e-64
2.76218e-63
2.41003e-62
2.10128e-61
1.8361e-60
1.60303e-59
1.39598e-58
1.2175e-57
1.06099e-56
9.24047e-56
8.04209e-55
6.99576e-54
6.08163e-53
5.28214e-52
4.57379e-51
3.95143e-50
3.40493e-49
2.92297e-48
2.50227e-47
2.13955e-46
1.82086e-45
1.5454e-44
1.30772e-43
1.10328e-42
9.28016e-42
7.78234e-41
6.50592e-40
5.44261e-39
4.53816e-38
3.77339e-37
3.1135e-36
2.56148e-35
2.11157e-34
1.73413e-33
1.41093e-32
1.14441e-31
9.2474e-31
7.44321e-30
5.96796e-29
4.80211e-28
3.84659e-27
3.07023e-26
2.44132e-25
1.91623e-24
1.49861e-23
1.17807e-22
9.11531e-22
7.0254e-21
5.44922e-20
4.1527e-19
3.19e-18
2.40518e-17
1.82956e-16
1.38266e-15
1.02482e-14
7.67131e-14
5.69924e-13
4.20778e-12
3.08625e-11
2.24774e-10
1.6245e-09
1.16405e-08
8.25984e-08
5.79342e-07
4.00577e-06
2.71888e-05
0.000179904
0.00114675
0.00689269
0.0386879
1.04439e-92
1.12284e-91
1.0271e-90
9.24862e-90
8.30199e-89
7.44294e-88
6.66511e-87
5.96196e-86
5.32723e-85
4.75503e-84
4.23963e-83
3.77649e-82
3.3606e-81
2.98762e-80
2.65352e-79
2.3546e-78
2.08746e-77
1.84903e-76
1.62328e-75
1.42518e-74
1.25969e-73
1.11179e-72
9.74189e-72
8.53617e-71
7.51925e-70
6.57838e-69
5.75522e-68
5.057e-67
4.41847e-66
3.86102e-65
3.37205e-64
2.94367e-63
2.57677e-62
2.24701e-61
1.95928e-60
1.70763e-59
1.49058e-58
1.30001e-57
1.13308e-56
9.85861e-56
8.58318e-55
7.46706e-54
6.49233e-53
5.63948e-52
4.88311e-51
4.21589e-50
3.63203e-49
3.11705e-48
2.66746e-47
2.27591e-46
1.93602e-45
1.64197e-44
1.38837e-43
1.17031e-42
9.83431e-42
8.23744e-41
6.90388e-40
5.76802e-39
4.78406e-38
3.95589e-37
3.2599e-36
2.69132e-35
2.2137e-34
1.81494e-33
1.47402e-32
1.19348e-31
9.69231e-31
7.78209e-30
6.27587e-29
5.03908e-28
3.99712e-27
3.15915e-26
2.48584e-25
1.94712e-24
1.53324e-23
1.20132e-22
9.37284e-22
7.20163e-21
5.5746e-20
4.24003e-19
3.25202e-18
2.44784e-17
1.85932e-16
1.40285e-15
1.03801e-14
7.75853e-14
5.75569e-13
4.24365e-12
3.10856e-11
2.26127e-10
1.63248e-09
1.16861e-08
8.28477e-08
5.80638e-07
4.01208e-06
2.72167e-05
0.000180012
0.00114709
0.00689331
0.038688
1.07898e-92
1.1599e-91
1.06085e-90
9.551e-90
8.57311e-89
7.68483e-88
6.88062e-87
6.15371e-86
5.49759e-85
4.90619e-84
4.37381e-83
3.8952e-82
3.46546e-81
3.08009e-80
2.73491e-79
2.42611e-78
2.15017e-77
1.90372e-76
1.68401e-75
1.4771e-74
1.30536e-73
1.14373e-72
1.00893e-71
8.8878e-71
7.82409e-70
6.88304e-69
6.0515e-68
5.29125e-67
4.62586e-66
4.0597e-65
3.54527e-64
3.0958e-63
2.70211e-62
2.35742e-61
2.06115e-60
1.79623e-59
1.56518e-58
1.36549e-57
1.18863e-56
1.03448e-55
8.99972e-55
7.82621e-54
6.80327e-53
5.90869e-52
5.1153e-51
4.41777e-50
3.80159e-49
3.26241e-48
2.79486e-47
2.38337e-46
2.02663e-45
1.71805e-44
1.45583e-43
1.22989e-42
1.03611e-41
8.6735e-41
7.2401e-40
6.02356e-39
5.01701e-38
4.14475e-37
3.41386e-36
2.81701e-35
2.31606e-34
1.88657e-33
1.53176e-32
1.24742e-31
1.01174e-30
8.1178e-30
6.54298e-29
5.25085e-28
4.19794e-27
3.31441e-26
2.60766e-25
2.04241e-24
1.59259e-23
1.23598e-22
9.6491e-22
7.49075e-21
5.72345e-20
4.35492e-19
3.29602e-18
2.48094e-17
1.88214e-16
1.41832e-15
1.0481e-14
7.82504e-14
5.7987e-13
4.27092e-12
3.12548e-11
2.27152e-10
1.63851e-09
1.17204e-08
8.30353e-08
5.81612e-07
4.01681e-06
2.72377e-05
0.000180094
0.00114734
0.00689377
0.038688
1.10618e-92
1.18911e-91
1.0875e-90
9.79052e-90
8.78773e-89
7.87692e-88
7.05244e-87
6.30721e-86
5.63462e-85
5.02839e-84
4.4827e-83
3.99215e-82
3.5517e-81
3.15673e-80
2.80298e-79
2.48651e-78
2.20372e-77
1.95132e-76
1.72629e-75
1.52588e-74
1.34774e-73
1.18101e-72
1.04208e-71
9.12356e-71
7.98795e-70
7.02813e-69
6.17593e-68
5.42279e-67
4.73667e-66
4.15493e-65
3.64061e-64
3.1767e-63
2.7806e-62
2.4316e-61
2.125e-60
1.85588e-59
1.61982e-58
1.41051e-57
1.22794e-56
1.06976e-55
9.30457e-55
8.09477e-54
7.03577e-53
6.10984e-52
5.29026e-51
4.56498e-50
3.92731e-49
3.36847e-48
2.88036e-47
2.45532e-46
2.08652e-45
1.76762e-44
1.49674e-43
1.25973e-42
1.06052e-41
8.86726e-41
7.39207e-40
6.14183e-39
5.10851e-38
4.23427e-37
3.49869e-36
2.86622e-35
2.35406e-34
1.92581e-33
1.56041e-32
1.26892e-31
1.02039e-30
8.17707e-30
6.52685e-29
5.23022e-28
4.17213e-27
3.31491e-26
2.62364e-25
2.0488e-24
1.59399e-23
1.2342e-22
9.61473e-22
7.44919e-21
5.74601e-20
4.41231e-19
3.33152e-18
2.50506e-17
1.89871e-16
1.42953e-15
1.05539e-14
7.87304e-14
5.82966e-13
4.29052e-12
3.13763e-11
2.27887e-10
1.64283e-09
1.1745e-08
8.31695e-08
5.82308e-07
4.02019e-06
2.72527e-05
0.000180152
0.00114752
0.0068941
0.038688
1.13499e-92
1.2202e-91
1.11607e-90
1.00489e-89
9.02083e-89
8.08688e-88
7.24091e-87
6.47659e-86
5.78666e-85
5.16472e-84
4.60481e-83
4.10139e-82
3.64933e-81
3.24389e-80
2.8807e-79
2.55572e-78
2.26529e-77
2.00603e-76
1.77484e-75
1.56889e-74
1.38564e-73
1.2141e-72
1.07119e-71
9.43813e-71
8.30975e-70
7.27113e-69
6.39516e-68
5.61739e-67
4.90843e-66
4.28927e-65
3.74637e-64
3.28226e-63
2.86352e-62
2.50528e-61
2.18397e-60
1.90355e-59
1.66178e-58
1.44936e-57
1.26327e-56
1.10041e-55
9.57129e-55
8.32257e-54
7.23379e-53
6.28106e-52
5.43761e-51
4.69123e-50
4.03504e-49
3.45992e-48
2.96217e-47
2.52866e-46
2.14795e-45
1.8236e-44
1.5393e-43
1.29927e-42
1.0932e-41
9.17077e-41
7.64107e-40
6.37418e-39
5.27564e-38
4.3738e-37
3.61289e-36
2.97495e-35
2.442e-34
1.98559e-33
1.60916e-32
1.29918e-31
1.05227e-30
8.42445e-30
6.72272e-29
5.34286e-28
4.26445e-27
3.38731e-26
2.65535e-25
2.09395e-24
1.64326e-23
1.27108e-22
9.79669e-22
7.51324e-21
5.79903e-20
4.3958e-19
3.36057e-18
2.52128e-17
1.90944e-16
1.43681e-15
1.06012e-14
7.90418e-14
5.84973e-13
4.30322e-12
3.14549e-11
2.28362e-10
1.64562e-09
1.17608e-08
8.32559e-08
5.82757e-07
4.02237e-06
2.72623e-05
0.000180189
0.00114763
0.00689431
0.038688
1.1617e-92
1.24933e-91
1.14319e-90
1.02977e-89
9.24801e-89
8.29438e-88
7.43065e-87
6.64958e-86
5.94425e-85
5.30815e-84
4.73523e-83
4.21988e-82
3.75687e-81
3.34135e-80
2.96898e-79
2.63567e-78
2.33763e-77
2.07138e-76
1.83383e-75
1.62216e-74
1.43369e-73
1.25731e-72
1.10276e-71
9.72811e-71
8.51931e-70
7.50319e-69
6.59995e-68
5.77254e-67
5.04852e-66
4.41348e-65
3.85663e-64
3.36862e-63
2.94102e-62
2.56665e-61
2.23893e-60
1.95227e-59
1.70502e-58
1.48776e-57
1.29547e-56
1.12776e-55
9.82188e-55
8.54754e-54
7.43202e-53
6.45583e-52
5.58928e-51
4.82424e-50
4.15506e-49
3.56408e-48
3.04805e-47
2.60342e-46
2.21227e-45
1.87892e-44
1.59095e-43
1.34326e-42
1.1308e-41
9.45701e-41
7.91643e-40
6.57677e-39
5.47213e-38
4.5372e-37
3.73097e-36
3.05851e-35
2.51249e-34
2.05588e-33
1.66602e-32
1.34589e-31
1.083e-30
8.67854e-30
6.92689e-29
5.50633e-28
4.39667e-27
3.46304e-26
2.74361e-25
2.14207e-24
1.66634e-23
1.28991e-22
9.93858e-22
7.7061e-21
5.94298e-20
4.50667e-19
3.40462e-18
2.55811e-17
1.91178e-16
1.44038e-15
1.06246e-14
7.91951e-14
5.8596e-13
4.30946e-12
3.14935e-11
2.28595e-10
1.64699e-09
1.17686e-08
8.32983e-08
5.82976e-07
4.02343e-06
2.7267e-05
0.000180207
0.00114769
0.00689441
0.038688
1.16264e-92
1.25051e-91
1.14445e-90
1.03106e-89
9.26139e-89
8.30773e-88
7.44381e-87
6.66244e-86
5.95671e-85
5.32015e-84
4.74672e-83
4.23082e-82
3.76727e-81
3.35125e-80
2.97833e-79
2.64444e-78
2.34584e-77
2.07909e-76
1.84105e-75
1.62886e-74
1.42922e-73
1.26316e-72
1.10737e-71
9.70891e-71
8.50673e-70
7.49119e-69
6.58789e-68
5.78903e-67
5.06081e-66
4.42402e-65
3.86572e-64
3.37642e-63
2.94781e-62
2.57238e-61
2.24371e-60
1.96074e-59
1.71196e-58
1.49377e-57
1.30064e-56
1.1322e-55
9.85981e-55
8.5799e-54
7.46123e-53
6.48039e-52
5.60993e-51
4.8446e-50
4.17186e-49
3.578e-48
3.05949e-47
2.6128e-46
2.21986e-45
1.88046e-44
1.59211e-43
1.34376e-42
1.13085e-41
9.45451e-41
7.91167e-40
6.57038e-39
5.46506e-38
4.50736e-37
3.70931e-36
3.05537e-35
2.50748e-34
2.03848e-33
1.65188e-32
1.34269e-31
1.08698e-30
8.7029e-30
6.94456e-29
5.51896e-28
4.36773e-27
3.44087e-26
2.72435e-25
2.12557e-24
1.66911e-23
1.29048e-22
1.00506e-21
7.69886e-21
5.94376e-20
4.50748e-19
3.40454e-18
2.5581e-17
1.91178e-16
1.44037e-15
1.06246e-14
7.91951e-14
5.8596e-13
4.30946e-12
3.14935e-11
2.28595e-10
1.64699e-09
1.17686e-08
8.32983e-08
5.82976e-07
4.02343e-06
2.7267e-05
0.000180207
0.00114769
0.00689441
0.038688
1.13404e-92
1.21963e-91
1.11602e-90
1.00527e-89
9.02802e-89
8.09664e-88
7.25293e-87
6.48992e-86
5.80077e-85
5.17927e-84
4.61949e-83
4.11594e-82
3.66351e-81
3.25758e-80
2.89378e-79
2.56813e-78
2.27696e-77
2.01693e-76
1.78495e-75
1.57823e-74
1.38389e-73
1.22219e-72
1.0777e-71
9.49684e-71
8.3635e-70
7.36007e-69
6.47253e-68
5.66029e-67
4.97219e-66
4.34461e-65
3.79625e-64
3.31566e-63
2.904e-62
2.5409e-61
2.22188e-60
1.93709e-59
1.68847e-58
1.47366e-57
1.2851e-56
1.11997e-55
9.74636e-55
8.47897e-54
7.37337e-53
6.40557e-52
5.54836e-51
4.78937e-50
4.12164e-49
3.5361e-48
3.02442e-47
2.58353e-46
2.19573e-45
1.86519e-44
1.57531e-43
1.32653e-42
1.11343e-41
9.34864e-41
7.79305e-40
6.47683e-39
5.3893e-38
4.44678e-37
3.67676e-36
3.02902e-35
2.47298e-34
2.01268e-33
1.63186e-32
1.31812e-31
1.06798e-30
8.61669e-30
6.87409e-29
5.46605e-28
4.36582e-27
3.43992e-26
2.70081e-25
2.13151e-24
1.65696e-23
1.28329e-22
9.89281e-22
7.58832e-21
5.79109e-20
4.44918e-19
3.35579e-18
2.52121e-17
1.90943e-16
1.43681e-15
1.06012e-14
7.90416e-14
5.84972e-13
4.30321e-12
3.14549e-11
2.28362e-10
1.64562e-09
1.17608e-08
8.32559e-08
5.82757e-07
4.02237e-06
2.72623e-05
0.000180189
0.00114763
0.00689431
0.038688
1.09819e-92
1.18139e-91
1.08137e-90
9.74359e-90
8.7533e-89
7.85281e-88
7.03684e-87
6.29879e-86
5.63182e-85
5.03031e-84
4.48837e-83
4.00073e-82
3.56237e-81
3.16905e-80
2.81644e-79
2.50071e-78
2.21832e-77
1.96605e-76
1.74093e-75
1.54024e-74
1.36154e-73
1.20269e-72
1.0545e-71
9.24625e-71
8.15131e-70
7.13636e-69
6.24742e-68
5.49291e-67
4.80212e-66
4.1979e-65
3.66795e-64
3.21478e-63
2.81467e-62
2.45551e-61
2.14753e-60
1.87631e-59
1.63501e-58
1.42449e-57
1.24051e-56
1.08105e-55
9.41346e-55
8.19173e-54
7.12224e-53
6.18668e-52
5.35828e-51
4.62786e-50
3.98223e-49
3.41646e-48
2.92217e-47
2.49164e-46
2.11791e-45
1.79888e-44
1.51916e-43
1.27919e-42
1.0737e-41
9.01495e-41
7.51467e-40
6.24566e-39
5.19685e-38
4.30906e-37
3.56184e-36
2.91882e-35
2.38438e-34
1.95243e-33
1.58246e-32
1.28709e-31
1.03532e-30
8.30028e-30
6.62615e-29
5.2682e-28
4.20616e-27
3.34247e-26
2.62186e-25
2.06934e-24
1.60852e-23
1.24566e-22
9.60112e-22
7.44764e-21
5.74599e-20
4.41313e-19
3.33137e-18
2.50502e-17
1.89869e-16
1.42952e-15
1.05538e-14
7.87301e-14
5.82965e-13
4.29052e-12
3.13764e-11
2.27887e-10
1.64283e-09
1.1745e-08
8.31696e-08
5.82309e-07
4.02019e-06
2.72527e-05
0.000180152
0.00114752
0.0068941
0.038688
1.04847e-92
1.12793e-91
1.03244e-90
9.30281e-90
8.35693e-89
7.49679e-88
6.71726e-87
6.01194e-86
5.3747e-85
4.79961e-84
4.28157e-83
3.81542e-82
3.39652e-81
3.02053e-80
2.68349e-79
2.38172e-78
2.11186e-77
1.8708e-76
1.65573e-75
1.46404e-74
1.29339e-73
1.14177e-72
1.00155e-71
8.77529e-71
7.73119e-70
6.8022e-69
5.95023e-68
5.22983e-67
4.57074e-66
4.0114e-65
3.51691e-64
3.0813e-63
2.68919e-62
2.34655e-61
2.05206e-60
1.79278e-59
1.56265e-58
1.36132e-57
1.18714e-56
1.03327e-55
8.99094e-55
7.82019e-54
6.80078e-53
5.90746e-52
5.11485e-51
4.41806e-50
3.8021e-49
3.26239e-48
2.79502e-47
2.38774e-46
2.03429e-45
1.72437e-44
1.45741e-43
1.22797e-42
1.0347e-41
8.69181e-41
7.25207e-40
6.03342e-39
5.0026e-38
4.15311e-37
3.43555e-36
2.8179e-35
2.31761e-34
1.88779e-33
1.54257e-32
1.2472e-31
1.00511e-30
8.12772e-30
6.49402e-29
5.21397e-28
4.13299e-27
3.26435e-26
2.56651e-25
2.028e-24
1.59452e-23
1.23591e-22
9.54375e-22
7.33474e-21
5.67234e-20
4.36085e-19
3.29595e-18
2.48085e-17
1.88209e-16
1.41829e-15
1.04809e-14
7.82493e-14
5.79862e-13
4.27088e-12
3.12546e-11
2.27151e-10
1.63851e-09
1.17204e-08
8.30351e-08
5.81612e-07
4.01681e-06
2.72377e-05
0.000180094
0.00114734
0.00689377
0.038688
9.96166e-93
1.07207e-91
9.81755e-91
8.85014e-90
7.95395e-89
7.1386e-88
6.39931e-87
5.73009e-86
5.12519e-85
4.57882e-84
4.08666e-83
3.64361e-82
3.24528e-81
2.88762e-80
2.56688e-79
2.27958e-78
2.02255e-77
1.79287e-76
1.58776e-75
1.40496e-74
1.2333e-73
1.09007e-72
9.62012e-72
8.43175e-71
7.39149e-70
6.47572e-69
5.69918e-68
4.98596e-67
4.36169e-66
3.81371e-65
3.34559e-64
2.9215e-63
2.55894e-62
2.23268e-61
1.94781e-60
1.70242e-59
1.4836e-58
1.2927e-57
1.12749e-56
9.81515e-56
8.54204e-55
7.43104e-54
6.46331e-53
5.61588e-52
4.86391e-51
4.20281e-50
3.61843e-49
3.10629e-48
2.65873e-47
2.26878e-46
1.93013e-45
1.63697e-44
1.3841e-43
1.16669e-42
9.80354e-42
8.2396e-41
6.87698e-40
5.74619e-39
4.78573e-38
3.97423e-37
3.27379e-36
2.68862e-35
2.20032e-34
1.79389e-33
1.46632e-32
1.18601e-31
9.62889e-31
7.78576e-30
6.22571e-29
4.96209e-28
3.97044e-27
3.16227e-26
2.50891e-25
1.96414e-24
1.53193e-23
1.20133e-22
9.2734e-22
7.21072e-21
5.57668e-20
4.24182e-19
3.25295e-18
2.44817e-17
1.85924e-16
1.40284e-15
1.03801e-14
7.75863e-14
5.75581e-13
4.24371e-12
3.10858e-11
2.26129e-10
1.63248e-09
1.16861e-08
8.28477e-08
5.80638e-07
4.01208e-06
2.72167e-05
0.000180012
0.00114709
0.00689331
0.038688
9.26752e-93
9.97408e-92
9.1342e-91
8.23417e-90
7.40016e-89
6.64119e-88
5.95287e-87
5.32968e-86
4.7663e-85
4.25773e-84
3.79926e-83
3.38652e-82
3.01545e-81
2.68228e-80
2.38351e-79
2.11593e-78
1.87657e-77
1.66271e-76
1.47179e-75
1.29202e-74
1.14236e-73
1.00856e-72
8.89753e-72
7.79462e-71
6.86838e-70
6.01226e-69
5.28916e-68
4.64753e-67
4.08127e-66
3.5674e-65
3.11822e-64
2.73338e-63
2.39371e-62
2.08896e-61
1.82272e-60
1.59347e-59
1.38959e-58
1.21118e-57
1.05528e-56
9.20063e-56
8.01575e-55
6.9793e-54
6.07312e-53
5.28021e-52
4.57647e-51
3.95746e-50
3.41022e-49
2.93038e-48
2.51062e-47
2.14856e-46
1.83351e-45
1.55722e-44
1.31895e-43
1.1138e-42
9.37716e-42
7.89701e-41
6.60556e-40
5.50942e-39
4.58052e-38
3.81257e-37
3.14742e-36
2.59071e-35
2.13671e-34
1.74581e-33
1.42221e-32
1.15429e-31
9.3335e-31
7.51689e-30
6.02979e-29
4.85576e-28
3.89372e-27
3.1101e-26
2.47468e-25
1.94316e-24
1.52054e-23
1.18443e-22
9.18023e-22
7.0816e-21
5.49636e-20
4.19156e-19
3.22225e-18
2.43139e-17
1.82672e-16
1.38255e-15
1.02477e-14
7.67105e-14
5.69906e-13
4.20773e-12
3.08621e-11
2.24771e-10
1.62449e-09
1.16405e-08
8.25983e-08
5.79342e-07
4.00577e-06
2.71888e-05
0.000179904
0.00114675
0.00689269
0.0386879
8.48877e-93
9.13741e-92
8.36953e-91
7.54612e-90
6.78281e-89
6.08796e-88
5.45744e-87
4.88659e-86
4.37041e-85
3.90434e-84
3.48413e-83
3.10579e-82
2.76561e-81
2.46016e-80
2.18623e-79
1.94089e-78
1.72143e-77
1.52536e-76
1.33982e-75
1.18581e-74
1.04057e-73
9.19175e-73
8.10744e-72
7.14486e-71
6.29304e-70
5.53837e-69
4.84706e-68
4.24194e-67
3.71044e-66
3.24363e-65
2.84453e-64
2.49212e-63
2.17518e-62
1.8982e-61
1.65582e-60
1.44379e-59
1.25831e-58
1.09798e-57
9.57331e-57
8.34192e-56
7.25847e-55
6.31716e-54
5.49401e-53
4.77453e-52
4.13771e-51
3.57661e-50
3.08364e-49
2.65182e-48
2.27161e-47
1.94366e-46
1.65541e-45
1.40594e-44
1.19345e-43
1.01017e-42
8.52792e-42
7.17984e-41
6.02793e-40
5.02786e-39
4.19921e-38
3.49606e-37
2.90179e-36
2.40145e-35
1.98128e-34
1.62031e-33
1.32124e-32
1.07347e-31
8.74715e-31
7.05103e-30
5.66586e-29
4.5342e-28
3.6422e-27
2.91205e-26
2.31901e-25
1.82302e-24
1.42805e-23
1.12453e-22
8.72079e-22
6.7375e-21
5.23623e-20
4.04536e-19
3.07394e-18
2.35406e-17
1.7919e-16
1.35699e-15
1.008e-14
7.55992e-14
5.6269e-13
4.16171e-12
3.05759e-11
2.23031e-10
1.6142e-09
1.15817e-08
8.22756e-08
5.77661e-07
3.99759e-06
2.71524e-05
0.000179763
0.00114632
0.00689188
0.0386878
7.64589e-93
8.23024e-92
7.53832e-91
6.79637e-90
6.10838e-89
5.48191e-88
4.91333e-87
4.39847e-86
3.93287e-85
3.51233e-84
3.13328e-83
2.79193e-82
2.48514e-81
2.20971e-80
1.96276e-79
1.74163e-78
1.54389e-77
1.36727e-76
1.20045e-75
1.06178e-74
9.37692e-74
8.27463e-73
7.29674e-72
6.39187e-71
5.6299e-70
4.9523e-69
4.33187e-68
3.7896e-67
3.32728e-66
2.9181e-65
2.54849e-64
2.23278e-63
1.95427e-62
1.70482e-61
1.4871e-60
1.2994e-59
1.13236e-58
9.86595e-58
8.59241e-57
7.48804e-56
6.51578e-55
5.67116e-54
4.93105e-53
4.28636e-52
3.71587e-51
3.21303e-50
2.77138e-49
2.38452e-48
2.04679e-47
1.75258e-46
1.49692e-45
1.27538e-44
1.08395e-43
9.16412e-43
7.74982e-42
6.53489e-41
5.49597e-40
4.59233e-39
3.82752e-38
3.19358e-37
2.65592e-36
2.20249e-35
1.82126e-34
1.49336e-33
1.221e-32
1.00084e-31
8.12092e-31
6.56809e-30
5.32926e-29
4.27433e-28
3.44373e-27
2.7622e-26
2.1887e-25
1.72786e-24
1.35812e-23
1.06256e-22
8.27131e-22
6.47379e-21
5.04005e-20
3.90552e-19
3.01185e-18
2.28376e-17
1.74562e-16
1.32534e-15
9.87191e-15
7.4214e-14
5.5367e-13
4.10395e-12
3.02143e-11
2.20826e-10
1.60109e-09
1.15066e-08
8.18636e-08
5.75511e-07
3.98709e-06
2.71057e-05
0.000179581
0.00114576
0.00689082
0.0386877
6.84035e-93
7.365e-92
6.74778e-91
6.08528e-90
5.47056e-89
4.91052e-88
4.40212e-87
3.94126e-86
3.52453e-85
3.14803e-84
2.80859e-83
2.50285e-82
2.22802e-81
1.98125e-80
1.75998e-79
1.56184e-78
1.38465e-77
1.22639e-76
1.08521e-75
9.52734e-75
8.42055e-74
7.38472e-73
6.51479e-72
5.70696e-71
4.99937e-70
4.39868e-69
3.84718e-68
3.37956e-67
2.96571e-66
2.60078e-65
2.27142e-64
1.98375e-63
1.73655e-62
1.51485e-61
1.32129e-60
1.15435e-59
1.00754e-58
8.77625e-58
7.64306e-57
6.65367e-56
5.79004e-55
5.0364e-54
4.38055e-53
3.80759e-52
3.30052e-51
2.85498e-50
2.46369e-49
2.12101e-48
1.82155e-47
1.56061e-46
1.33382e-45
1.13501e-44
9.65471e-44
8.19131e-43
6.93236e-42
5.83437e-41
4.91342e-40
4.11158e-39
3.43123e-38
2.86644e-37
2.37683e-36
1.9652e-35
1.62745e-34
1.33611e-33
1.09971e-32
9.01961e-32
7.37411e-31
6.01002e-30
4.88212e-29
3.95272e-28
3.18885e-27
2.54345e-26
2.03791e-25
1.61188e-24
1.28176e-23
1.01439e-22
7.99553e-22
6.21253e-21
4.80761e-20
3.74137e-19
2.89448e-18
2.20211e-17
1.68873e-16
1.28623e-15
9.61293e-15
7.24858e-14
5.42347e-13
4.03151e-12
2.97592e-11
2.18036e-10
1.58456e-09
1.14116e-08
8.13393e-08
5.72765e-07
3.97365e-06
2.70456e-05
0.000179348
0.00114503
0.00688947
0.0386875
6.03559e-93
6.49941e-92
5.95551e-91
5.37129e-90
4.82886e-89
4.3344e-88
3.88531e-87
3.47809e-86
3.10973e-85
2.77695e-84
2.4768e-83
2.20651e-82
1.96348e-81
1.74528e-80
1.54966e-79
1.37453e-78
1.21796e-77
1.07815e-76
9.53482e-76
8.42442e-75
7.39052e-74
6.5232e-73
5.75042e-72
5.06473e-71
4.43578e-70
3.90366e-69
3.41881e-68
2.99183e-67
2.61705e-66
2.2881e-65
1.99955e-64
1.75192e-63
1.52947e-62
1.33497e-61
1.16481e-60
1.01791e-59
8.88859e-59
7.74597e-58
6.74899e-57
5.8782e-56
5.1179e-55
4.45665e-54
3.87749e-53
3.37258e-52
2.92687e-51
2.53326e-50
2.18729e-49
1.88567e-48
1.62192e-47
1.39195e-46
1.19001e-45
1.0168e-44
8.64917e-44
7.33941e-43
6.22769e-42
5.25608e-41
4.43898e-40
3.73863e-39
3.13014e-38
2.61431e-37
2.18589e-36
1.81448e-35
1.50922e-34
1.25126e-33
1.02925e-32
8.44275e-32
6.90202e-31
5.65667e-30
4.58928e-29
3.73699e-28
3.00917e-27
2.41523e-26
1.93083e-25
1.53695e-24
1.21812e-23
9.60901e-23
7.61395e-22
5.94389e-21
4.62199e-20
3.57622e-19
2.7517e-18
2.10523e-17
1.62044e-16
1.23906e-15
9.29908e-15
7.0376e-14
5.28466e-13
3.94181e-12
2.91932e-11
2.14554e-10
1.56372e-09
1.12913e-08
8.06733e-08
5.69266e-07
3.95648e-06
2.69688e-05
0.000179048
0.0011441
0.0068877
0.0386872
5.23416e-93
5.63852e-92
5.16912e-91
4.66399e-90
4.19452e-89
3.76621e-88
3.37692e-87
3.02383e-86
2.70397e-85
2.41504e-84
2.15435e-83
1.91939e-82
1.70821e-81
1.51859e-80
1.34858e-79
1.19636e-78
1.06028e-77
9.38767e-77
8.30417e-76
7.29107e-75
6.40183e-74
5.61833e-73
4.95472e-72
4.34146e-71
3.80372e-70
3.33112e-69
2.91561e-68
2.55082e-67
2.23071e-66
1.94986e-65
1.70368e-64
1.48797e-63
1.30228e-62
1.13619e-61
9.93208e-61
8.65978e-60
7.54897e-59
6.57805e-58
5.73648e-57
4.99462e-56
4.35072e-55
3.78748e-54
3.29453e-53
2.86491e-52
2.48583e-51
2.15275e-50
1.85919e-49
1.60204e-48
1.3787e-47
1.18239e-46
1.01325e-45
8.66366e-45
7.39178e-44
6.27976e-43
5.32292e-42
4.50031e-41
3.80611e-40
3.2008e-39
2.68534e-38
2.25491e-37
1.88114e-36
1.57171e-35
1.30943e-34
1.08304e-33
8.93397e-33
7.34637e-32
6.05404e-31
4.94342e-30
4.02412e-29
3.28521e-28
2.65359e-27
2.15167e-26
1.72474e-25
1.38865e-24
1.11321e-23
8.89003e-23
7.00927e-22
5.50397e-21
4.30068e-20
3.34362e-19
2.5859e-18
2.01103e-17
1.53653e-16
1.18195e-15
8.91629e-15
6.77867e-14
5.11304e-13
3.83031e-12
2.84847e-11
2.10167e-10
1.53735e-09
1.11382e-08
7.98216e-08
5.64771e-07
3.93432e-06
2.68693e-05
0.000178658
0.00114288
0.00688539
0.0386868
4.35642e-93
4.6926e-92
4.30202e-91
3.88096e-90
3.48935e-89
3.13189e-88
2.80685e-87
2.51197e-86
2.24497e-85
2.00368e-84
1.78602e-83
1.59e-82
1.41381e-81
1.2557e-80
1.11403e-79
9.87305e-79
8.74083e-78
7.7308e-77
6.83097e-76
5.99365e-75
5.25948e-74
4.61286e-73
4.04338e-72
3.55896e-71
3.11485e-70
2.726e-69
2.38464e-68
2.0851e-67
1.82858e-66
1.59718e-65
1.3949e-64
1.22097e-63
1.06788e-62
9.31449e-62
8.12321e-61
7.08149e-60
6.17105e-59
5.38265e-58
4.69195e-57
4.08778e-56
3.55734e-55
3.09494e-54
2.69172e-53
2.34027e-52
2.03079e-51
1.75839e-50
1.5193e-49
1.30992e-48
1.12699e-47
9.67499e-47
8.28779e-46
7.08384e-45
6.04115e-44
5.15036e-43
4.38126e-42
3.71061e-41
3.136e-40
2.64383e-39
2.22342e-38
1.86624e-37
1.56232e-36
1.30368e-35
1.08491e-34
9.00219e-34
7.48174e-33
6.19966e-32
5.12357e-31
4.22208e-30
3.44997e-29
2.8139e-28
2.29849e-27
1.87061e-26
1.50684e-25
1.21e-24
9.74781e-24
7.81724e-23
6.24431e-22
4.96779e-21
3.90045e-20
3.05008e-19
2.37281e-18
1.85491e-17
1.44101e-16
1.11353e-15
8.4529e-15
6.46244e-14
4.90162e-13
3.69179e-12
2.75973e-11
2.04627e-10
1.50379e-09
1.0942e-08
7.87226e-08
5.58935e-07
3.90539e-06
2.67388e-05
0.000178145
0.00114128
0.00688233
0.0386861
3.49202e-93
3.76136e-92
3.44804e-91
3.10997e-90
2.79536e-89
2.50798e-88
2.24657e-87
2.0093e-86
1.79449e-85
1.60039e-84
1.42536e-83
1.26784e-82
1.12636e-81
9.99479e-81
8.85867e-80
7.84323e-79
6.93701e-78
6.12944e-77
5.3777e-76
4.71748e-75
4.13612e-74
3.6429e-73
3.20475e-72
2.81739e-71
2.47502e-70
2.16451e-69
1.89291e-68
1.6547e-67
1.44586e-66
1.26639e-65
1.1054e-64
9.64783e-64
8.41691e-63
7.35443e-62
6.41019e-61
5.59486e-60
4.87347e-59
4.24429e-58
3.695e-57
3.21565e-56
2.7975e-55
2.43391e-54
2.11644e-53
1.8394e-52
1.59597e-51
1.38198e-50
1.19495e-49
1.03066e-48
8.88016e-48
7.63698e-47
6.54816e-46
5.61173e-45
4.79229e-44
4.09189e-43
3.4798e-42
2.95342e-41
2.50718e-40
2.12374e-39
1.79535e-38
1.51022e-37
1.27178e-36
1.06474e-35
8.92696e-35
7.46549e-34
6.2037e-33
5.16489e-32
4.28746e-31
3.54982e-30
2.93118e-29
2.41394e-28
1.98243e-27
1.61343e-26
1.30917e-25
1.06552e-24
8.57833e-24
6.88189e-23
5.53969e-22
4.40278e-21
3.48526e-20
2.74586e-19
2.17263e-18
1.69273e-17
1.32597e-16
1.03185e-15
7.8934e-15
6.07638e-14
4.6407e-13
3.51896e-12
2.64787e-11
1.97574e-10
1.46063e-09
1.06873e-08
7.72839e-08
5.51235e-07
3.86696e-06
2.65642e-05
0.000177455
0.00113911
0.00687815
0.0386852
2.71531e-93
2.92478e-92
2.68126e-91
2.41809e-90
2.17283e-89
1.94861e-88
1.74453e-87
1.55934e-86
1.39165e-85
1.24017e-84
1.10364e-83
9.80801e-83
8.70545e-82
7.71772e-81
6.83438e-80
6.04566e-79
5.34255e-78
4.71668e-77
4.1602e-76
3.64753e-75
3.19815e-74
2.80262e-73
2.46514e-72
2.16587e-71
1.90161e-70
1.66277e-69
1.45382e-68
1.2713e-67
1.11062e-66
9.69934e-66
8.46713e-65
7.38891e-64
6.44578e-63
5.6309e-62
4.91566e-61
4.28349e-60
3.73185e-59
3.25023e-58
2.8303e-57
2.46347e-56
2.14473e-55
1.86563e-54
1.62246e-53
1.41057e-52
1.22464e-51
1.06134e-50
9.18235e-50
7.93522e-49
6.84656e-48
5.89258e-47
5.06838e-46
4.35223e-45
3.73127e-44
3.1938e-43
2.7245e-42
2.32028e-41
1.97646e-40
1.68035e-39
1.42263e-38
1.2022e-37
1.01673e-36
8.58008e-36
7.20375e-35
6.03612e-34
5.06392e-33
4.22185e-32
3.51207e-31
2.91373e-30
2.41053e-29
1.98836e-28
1.63506e-27
1.34019e-26
1.09502e-25
8.91648e-25
7.279e-24
5.88023e-23
4.73498e-22
3.79637e-21
3.03053e-20
2.40791e-19
1.92032e-18
1.50915e-17
1.19185e-16
9.35397e-16
7.2228e-15
5.6076e-14
4.31952e-13
3.30329e-12
2.5063e-11
1.88523e-10
1.40455e-09
1.03522e-08
7.53669e-08
5.40861e-07
3.81467e-06
2.63248e-05
0.000176501
0.00113609
0.00687231
0.0386837
2.03633e-93
2.193e-92
2.01005e-91
1.81196e-90
1.62709e-89
1.45792e-88
1.30387e-87
1.16405e-86
1.03754e-85
9.23292e-85
8.20421e-84
7.2801e-83
6.45177e-82
5.7108e-81
5.04924e-80
4.45961e-79
3.93489e-78
3.46862e-77
3.05478e-76
2.67579e-75
2.35389e-74
2.06021e-73
1.80308e-72
1.58271e-71
1.38339e-70
1.2126e-69
1.05906e-68
9.27258e-68
8.093e-67
7.06252e-66
6.16095e-65
5.37261e-64
4.69134e-63
4.09397e-62
3.56618e-61
3.10951e-60
2.70986e-59
2.3606e-58
2.05552e-57
1.78805e-56
1.55504e-55
1.35198e-54
1.17509e-53
1.02104e-52
8.86128e-52
7.68006e-51
6.64697e-50
5.74203e-49
4.95595e-48
4.27127e-47
3.67606e-46
3.15596e-45
2.70856e-44
2.32096e-43
1.98292e-42
1.69155e-41
1.44057e-40
1.22504e-39
1.04165e-38
8.82179e-38
7.4589e-37
6.31035e-36
5.31291e-35
4.47839e-34
3.7552e-33
3.14243e-32
2.63292e-31
2.20078e-30
1.83567e-29
1.52772e-28
1.26853e-27
1.04591e-26
8.64477e-26
7.12325e-25
5.85348e-24
4.76729e-23
3.87094e-22
3.15146e-21
2.55531e-20
2.04941e-19
1.64995e-18
1.31097e-17
1.03712e-16
8.23028e-16
6.42812e-15
5.04282e-14
3.92595e-13
3.03434e-12
2.32665e-11
1.76834e-10
1.33082e-09
9.90382e-09
7.27611e-08
5.26531e-07
3.74132e-06
2.59844e-05
0.00017513
0.00113171
0.00686376
0.0386815
1.46348e-93
1.57568e-92
1.4439e-91
1.30084e-90
1.16707e-89
1.04453e-88
9.32915e-88
8.31633e-87
7.40043e-86
6.5747e-85
5.83275e-84
5.16714e-83
4.57171e-82
4.04035e-81
3.5669e-80
3.14576e-79
2.77172e-78
2.44005e-77
2.13741e-76
1.87194e-75
1.63869e-74
1.43367e-73
1.25374e-72
1.09594e-71
9.60138e-71
8.38401e-70
7.33657e-69
6.40168e-68
5.59606e-67
4.88882e-66
4.26209e-65
3.72091e-64
3.24214e-63
2.82444e-62
2.45973e-61
2.1415e-60
1.86386e-59
1.62171e-58
1.41059e-57
1.22658e-56
1.06628e-55
9.26674e-55
8.0525e-54
6.99429e-53
6.0698e-52
5.26112e-51
4.5535e-50
3.93767e-49
3.39933e-48
2.93092e-47
2.52562e-46
2.17178e-45
1.86522e-44
1.6015e-43
1.37158e-42
1.17346e-41
1.00377e-40
8.57466e-40
7.30286e-39
6.21317e-38
5.27623e-37
4.48322e-36
3.79436e-35
3.20674e-34
2.71224e-33
2.28995e-32
1.92467e-31
1.61482e-30
1.35649e-29
1.13301e-28
9.44487e-28
7.88472e-27
6.53917e-26
5.41071e-25
4.48489e-24
3.7061e-23
3.05457e-22
2.49678e-21
2.04616e-20
1.65997e-19
1.34201e-18
1.08001e-17
8.6508e-17
6.94703e-16
5.50038e-15
4.36965e-14
3.44647e-13
2.69935e-12
2.09781e-11
1.61596e-10
1.23235e-09
9.2911e-09
6.91139e-08
5.0603e-07
3.63424e-06
2.54776e-05
0.000173054
0.00112498
0.00685048
0.0386777
9.91463e-94
1.06649e-92
9.7637e-92
8.78258e-91
7.86356e-90
7.02126e-89
6.2546e-88
5.56014e-87
4.93361e-86
4.37042e-85
3.8657e-84
3.41495e-83
3.01287e-82
2.65532e-81
2.33767e-80
2.05622e-79
1.807e-78
1.58672e-77
1.39225e-76
1.21716e-75
1.06698e-74
9.34554e-74
8.16168e-73
7.12696e-72
6.23432e-71
5.43896e-70
4.75319e-69
4.14429e-68
3.6129e-67
3.14851e-66
2.74286e-65
2.39158e-64
2.08198e-63
1.81388e-62
1.57823e-61
1.37294e-60
1.1948e-59
1.03935e-58
9.03808e-58
7.8568e-57
6.82557e-56
5.92831e-55
5.14762e-54
4.46851e-53
3.876e-52
3.35843e-51
2.90705e-50
2.51363e-49
2.17119e-48
1.87434e-47
1.61556e-46
1.39107e-45
1.19651e-44
1.02891e-43
8.83826e-43
7.57684e-42
6.48873e-41
5.55704e-40
4.74717e-39
4.05669e-38
3.46239e-37
2.9519e-36
2.50925e-35
2.13446e-34
1.80951e-33
1.53527e-32
1.30056e-31
1.09762e-30
9.25048e-30
7.78215e-29
6.55416e-28
5.49289e-27
4.59511e-26
3.83617e-25
3.19553e-24
2.65519e-23
2.20934e-22
1.83307e-21
1.51707e-20
1.25191e-19
1.02479e-18
8.36172e-18
6.79545e-17
5.53215e-16
4.45086e-15
3.5891e-14
2.8757e-13
2.28932e-12
1.80911e-11
1.41771e-10
1.1002e-09
8.44043e-09
6.38793e-08
4.75563e-07
3.46951e-06
2.46726e-05
0.000169656
0.00111369
0.0068277
0.0386708
6.32094e-94
6.78826e-93
6.20469e-92
5.56677e-91
4.96843e-90
4.42063e-89
3.92346e-88
3.47494e-87
3.07219e-86
2.71194e-85
2.39073e-84
2.10504e-83
1.85169e-82
1.62733e-81
1.42898e-80
1.25372e-79
1.09921e-78
9.63117e-78
8.43363e-77
7.38085e-76
6.45669e-75
5.63511e-74
4.91703e-73
4.2905e-72
3.74127e-71
3.26122e-70
2.84192e-69
2.47567e-68
2.156e-67
1.87707e-66
1.63397e-65
1.42177e-64
1.23677e-63
1.07555e-62
9.35613e-62
8.13156e-61
7.069e-60
6.14295e-59
5.33471e-58
4.63291e-57
4.02199e-56
3.49052e-55
3.0283e-54
2.62637e-53
2.27649e-52
1.9717e-51
1.7062e-50
1.47558e-49
1.27518e-48
1.10119e-47
9.50219e-47
8.19343e-46
7.05616e-45
6.07205e-44
5.22072e-43
4.48485e-42
3.84943e-41
3.3039e-40
2.83313e-39
2.42749e-38
2.07595e-37
1.77373e-36
1.51577e-35
1.29405e-34
1.10218e-33
9.37868e-33
7.97107e-32
6.77763e-31
5.74584e-30
4.8658e-29
4.11688e-28
3.4838e-27
2.93736e-26
2.47458e-25
2.08543e-24
1.74984e-23
1.47007e-22
1.2324e-21
1.03107e-20
8.60749e-20
7.16859e-19
5.93268e-18
4.91679e-17
4.0609e-16
3.32588e-15
2.72717e-14
2.22464e-13
1.80491e-12
1.4552e-11
1.16459e-10
9.23859e-10
7.25221e-09
5.61907e-08
4.28407e-07
3.20044e-06
2.32832e-05
0.000163462
0.00109204
0.00678216
0.0386562
3.71128e-94
3.96838e-93
3.6125e-92
3.22283e-91
2.85879e-90
2.52801e-89
2.23053e-88
1.96465e-87
1.72806e-86
1.51822e-85
1.33255e-84
1.1686e-83
1.02405e-82
8.96762e-82
7.84824e-81
6.86505e-80
6.002e-79
5.24543e-78
4.58183e-77
3.99601e-76
3.48425e-75
3.03696e-74
2.64632e-73
2.30527e-72
2.00911e-71
1.7491e-70
1.52244e-69
1.32479e-68
1.1525e-67
1.00235e-66
8.7153e-66
7.57582e-65
6.58609e-64
5.72183e-63
4.97138e-62
4.31672e-61
3.7474e-60
3.2529e-59
2.82272e-58
2.44837e-57
2.12332e-56
1.84083e-55
1.59535e-54
1.38222e-53
1.19703e-52
1.03603e-51
8.96192e-51
7.74866e-50
6.69509e-49
5.78154e-48
4.99078e-47
4.30477e-46
3.71097e-45
3.1982e-44
2.75473e-43
2.37063e-42
2.03977e-41
1.75331e-40
1.5069e-39
1.29432e-38
1.11106e-37
9.5321e-37
8.16805e-36
6.99946e-35
5.99384e-34
5.12961e-33
4.3837e-32
3.7471e-31
3.19746e-30
2.72707e-29
2.32604e-28
1.98015e-27
1.68426e-26
1.43308e-25
1.21653e-24
1.03165e-23
8.75209e-23
7.41515e-22
6.27448e-21
5.29226e-20
4.45681e-19
3.74602e-18
3.14931e-17
2.64128e-16
2.20395e-15
1.83909e-14
1.52908e-13
1.26632e-12
1.04381e-11
8.55566e-11
6.96465e-10
5.62071e-09
4.48815e-08
3.53518e-07
2.73362e-06
2.06214e-05
0.000150249
0.00104021
0.00665939
0.0386112
1.91859e-94
2.022e-93
1.81826e-92
1.6007e-91
1.40361e-90
1.22923e-89
1.07575e-88
9.40921e-88
8.22614e-87
7.18887e-86
6.28004e-85
5.4842e-84
4.78762e-83
4.17819e-82
3.64524e-81
3.17936e-80
2.77223e-79
2.41641e-78
2.10563e-77
1.83434e-76
1.59777e-75
1.39136e-74
1.21134e-73
1.05437e-72
9.17526e-72
7.98194e-71
6.94223e-70
6.03676e-69
5.24809e-68
4.56133e-67
3.96345e-66
3.44306e-65
2.99023e-64
2.59624e-63
2.25356e-62
1.95556e-61
1.6965e-60
1.47134e-59
1.27568e-58
1.10572e-57
9.58106e-57
8.29943e-56
7.18694e-55
6.22158e-54
5.38406e-53
4.65766e-52
4.02785e-51
3.48202e-50
3.00912e-49
2.59953e-48
2.24492e-47
1.93805e-46
1.67256e-45
1.44297e-44
1.24443e-43
1.07287e-42
9.2466e-42
7.9665e-41
6.8614e-40
5.90757e-39
5.0846e-38
4.37479e-37
3.76261e-36
3.23522e-35
2.78077e-34
2.38933e-33
2.05226e-32
1.76207e-31
1.51244e-30
1.29775e-29
1.11313e-28
9.54324e-28
8.17937e-27
7.00765e-26
6.00094e-25
5.13658e-24
4.3946e-23
3.75717e-22
3.21037e-21
2.74106e-20
2.33857e-19
1.99343e-18
1.69751e-17
1.44362e-16
1.2256e-15
1.03896e-14
8.78803e-14
7.41399e-13
6.23499e-12
5.22321e-11
4.35474e-10
3.60909e-09
2.9687e-08
2.41786e-07
1.94485e-06
1.53782e-05
0.000118679
0.000882368
0.00615242
0.0383365
)
;

boundaryField
{
    fuel
    {
        type            fixedValue;
        value           uniform 0;
    }
    air
    {
        type            fixedValue;
        value           uniform 0.23;
    }
    outlet
    {
        type            zeroGradient;
    }
    frontAndBack
    {
        type            empty;
    }
}


// ************************************************************************* //
