/*--------------------------------*- C++ -*----------------------------------*\
| =========                 |                                                 |
| \\      /  F ield         | OpenFOAM: The Open Source CFD Toolbox           |
|  \\    /   O peration     | Version:  2406                                  |
|   \\  /    A nd           | Website:  www.openfoam.com                      |
|    \\/     M anipulation  |                                                 |
\*---------------------------------------------------------------------------*/
FoamFile
{
    version     2.0;
    format      ascii;
    arch        "LSB;label=32;scalar=64";
    class       volScalarField;
    location    "2.64e-05";
    object      T;
}
// * * * * * * * * * * * * * * * * * * * * * * * * * * * * * * * * * * * * * //

dimensions      [0 0 0 1 0 0 0];

internalField   nonuniform List<scalar> 
4000
(
1393.17
1854.58
1961.14
1975.76
1975.76
1974.08
1972.46
1971.05
1969.83
1968.76
1967.81
1966.95
1966.18
1965.48
1964.85
1964.26
1963.73
1963.23
1962.78
1962.36
1961.97
1961.61
1961.28
1960.97
1960.69
1960.43
1960.18
1959.96
1959.76
1959.57
1959.39
1959.24
1959.09
1958.97
1958.85
1958.75
1958.66
1958.59
1958.52
1958.47
1958.43
1958.4
1958.39
1958.38
1958.39
1958.4
1958.43
1958.47
1958.52
1958.59
1958.66
1958.75
1958.85
1958.96
1959.08
1959.22
1959.36
1959.53
1959.7
1959.89
1960.1
1960.32
1960.56
1960.81
1961.08
1961.37
1961.68
1962
1962.35
1962.73
1963.12
1963.54
1963.99
1964.47
1964.97
1965.51
1966.09
1966.7
1967.36
1968.06
1968.81
1969.61
1970.47
1971.41
1972.41
1973.5
1974.69
1975.98
1977.41
1978.98
1980.73
1982.7
1984.93
1987.5
1990.51
1994.04
1997.63
1996.64
1961.43
1738.75
1389.39
1855.42
1973.76
1994.87
1998.15
1998.6
1998.62
1998.58
1998.54
1998.51
1998.48
1998.45
1998.42
1998.4
1998.37
1998.36
1998.34
1998.32
1998.31
1998.29
1998.28
1998.27
1998.26
1998.25
1998.24
1998.23
1998.22
1998.21
1998.2
1998.2
1998.19
1998.19
1998.18
1998.18
1998.17
1998.17
1998.17
1998.16
1998.16
1998.16
1998.16
1998.16
1998.16
1998.16
1998.16
1998.16
1998.16
1998.16
1998.16
1998.16
1998.17
1998.17
1998.17
1998.18
1998.18
1998.19
1998.19
1998.2
1998.2
1998.21
1998.22
1998.22
1998.23
1998.24
1998.25
1998.26
1998.27
1998.28
1998.29
1998.3
1998.32
1998.33
1998.35
1998.36
1998.38
1998.4
1998.42
1998.44
1998.46
1998.48
1998.51
1998.54
1998.56
1998.6
1998.63
1998.67
1998.7
1998.75
1998.79
1998.85
1998.9
1998.96
1999.04
1999.11
1999.15
1998.92
1997.12
1986.78
1934.37
1693.57
1389.34
1854.73
1974.08
1995.83
1999.35
1999.9
1999.97
1999.98
1999.98
1999.98
1999.97
1999.97
1999.97
1999.97
1999.96
1999.96
1999.96
1999.96
1999.96
1999.96
1999.95
1999.95
1999.95
1999.95
1999.95
1999.95
1999.95
1999.95
1999.95
1999.95
1999.95
1999.95
1999.94
1999.94
1999.94
1999.94
1999.94
1999.94
1999.94
1999.94
1999.94
1999.94
1999.94
1999.94
1999.94
1999.94
1999.94
1999.94
1999.94
1999.94
1999.94
1999.94
1999.94
1999.94
1999.94
1999.95
1999.95
1999.95
1999.95
1999.95
1999.95
1999.95
1999.95
1999.95
1999.95
1999.95
1999.95
1999.96
1999.96
1999.96
1999.96
1999.96
1999.96
1999.96
1999.97
1999.97
1999.97
1999.97
1999.97
1999.98
1999.98
1999.98
1999.98
1999.99
1999.99
1999.99
2000
2000
2000.01
2000.01
2000.02
2000.02
2000.03
2000.02
1999.97
1999.6
1997.51
1986.59
1933.31
1692.65
1389.28
1854.26
1973.87
1995.82
1999.41
1999.97
2000.05
2000.06
2000.06
2000.05
2000.05
2000.05
2000.05
2000.04
2000.04
2000.04
2000.04
2000.04
2000.03
2000.03
2000.03
2000.03
2000.03
2000.03
2000.03
2000.03
2000.03
2000.02
2000.02
2000.02
2000.02
2000.02
2000.02
2000.02
2000.02
2000.02
2000.02
2000.02
2000.02
2000.02
2000.02
2000.02
2000.02
2000.02
2000.02
2000.02
2000.02
2000.02
2000.02
2000.02
2000.02
2000.02
2000.02
2000.02
2000.02
2000.02
2000.02
2000.02
2000.02
2000.02
2000.03
2000.03
2000.03
2000.03
2000.03
2000.03
2000.03
2000.03
2000.03
2000.03
2000.04
2000.04
2000.04
2000.04
2000.04
2000.04
2000.05
2000.05
2000.05
2000.05
2000.06
2000.06
2000.06
2000.06
2000.07
2000.07
2000.08
2000.08
2000.08
2000.09
2000.09
2000.1
2000.1
2000.1
2000.04
1999.65
1997.51
1986.45
1933.02
1692.56
1389.25
1854.02
1973.75
1995.8
1999.42
1999.98
2000.07
2000.08
2000.08
2000.07
2000.07
2000.07
2000.06
2000.06
2000.06
2000.05
2000.05
2000.05
2000.05
2000.05
2000.04
2000.04
2000.04
2000.04
2000.04
2000.04
2000.04
2000.04
2000.04
2000.03
2000.03
2000.03
2000.03
2000.03
2000.03
2000.03
2000.03
2000.03
2000.03
2000.03
2000.03
2000.03
2000.03
2000.03
2000.03
2000.03
2000.03
2000.03
2000.03
2000.03
2000.03
2000.03
2000.03
2000.03
2000.03
2000.03
2000.03
2000.03
2000.04
2000.04
2000.04
2000.04
2000.04
2000.04
2000.04
2000.04
2000.04
2000.05
2000.05
2000.05
2000.05
2000.05
2000.05
2000.06
2000.06
2000.06
2000.06
2000.07
2000.07
2000.07
2000.08
2000.08
2000.08
2000.09
2000.09
2000.1
2000.1
2000.11
2000.11
2000.12
2000.12
2000.13
2000.14
2000.13
2000.07
1999.67
1997.51
1986.39
1932.89
1692.53
1389.23
1853.88
1973.68
1995.79
1999.43
2000
2000.08
2000.09
2000.09
2000.09
2000.08
2000.08
2000.08
2000.07
2000.07
2000.07
2000.06
2000.06
2000.06
2000.06
2000.06
2000.05
2000.05
2000.05
2000.05
2000.05
2000.05
2000.04
2000.04
2000.04
2000.04
2000.04
2000.04
2000.04
2000.04
2000.04
2000.04
2000.04
2000.04
2000.04
2000.04
2000.04
2000.04
2000.04
2000.04
2000.04
2000.04
2000.04
2000.04
2000.04
2000.04
2000.04
2000.04
2000.04
2000.04
2000.04
2000.04
2000.04
2000.04
2000.04
2000.05
2000.05
2000.05
2000.05
2000.05
2000.05
2000.05
2000.06
2000.06
2000.06
2000.06
2000.06
2000.07
2000.07
2000.07
2000.08
2000.08
2000.08
2000.09
2000.09
2000.09
2000.1
2000.1
2000.11
2000.11
2000.12
2000.12
2000.13
2000.13
2000.14
2000.15
2000.16
2000.16
2000.16
2000.09
1999.69
1997.52
1986.36
1932.82
1692.52
1389.23
1853.8
1973.64
1995.79
1999.44
2000.01
2000.1
2000.11
2000.1
2000.1
2000.1
2000.09
2000.09
2000.08
2000.08
2000.08
2000.07
2000.07
2000.07
2000.07
2000.06
2000.06
2000.06
2000.06
2000.06
2000.06
2000.05
2000.05
2000.05
2000.05
2000.05
2000.05
2000.05
2000.05
2000.05
2000.04
2000.04
2000.04
2000.04
2000.04
2000.04
2000.04
2000.04
2000.04
2000.04
2000.04
2000.04
2000.04
2000.04
2000.04
2000.04
2000.04
2000.05
2000.05
2000.05
2000.05
2000.05
2000.05
2000.05
2000.05
2000.05
2000.06
2000.06
2000.06
2000.06
2000.06
2000.06
2000.07
2000.07
2000.07
2000.07
2000.08
2000.08
2000.08
2000.09
2000.09
2000.09
2000.1
2000.1
2000.1
2000.11
2000.11
2000.12
2000.12
2000.13
2000.13
2000.14
2000.15
2000.15
2000.16
2000.17
2000.18
2000.18
2000.18
2000.11
1999.71
1997.53
1986.34
1932.79
1692.53
1389.22
1853.75
1973.61
1995.79
1999.45
2000.02
2000.11
2000.12
2000.12
2000.11
2000.11
2000.1
2000.1
2000.09
2000.09
2000.09
2000.08
2000.08
2000.08
2000.08
2000.07
2000.07
2000.07
2000.07
2000.06
2000.06
2000.06
2000.06
2000.06
2000.06
2000.06
2000.05
2000.05
2000.05
2000.05
2000.05
2000.05
2000.05
2000.05
2000.05
2000.05
2000.05
2000.05
2000.05
2000.05
2000.05
2000.05
2000.05
2000.05
2000.05
2000.05
2000.05
2000.05
2000.05
2000.05
2000.05
2000.06
2000.06
2000.06
2000.06
2000.06
2000.06
2000.06
2000.07
2000.07
2000.07
2000.07
2000.08
2000.08
2000.08
2000.08
2000.09
2000.09
2000.09
2000.1
2000.1
2000.1
2000.11
2000.11
2000.12
2000.12
2000.13
2000.13
2000.14
2000.14
2000.15
2000.16
2000.17
2000.17
2000.18
2000.19
2000.2
2000.2
2000.2
2000.13
1999.73
1997.54
1986.34
1932.76
1692.53
1389.23
1853.71
1973.6
1995.79
1999.46
2000.03
2000.12
2000.13
2000.13
2000.12
2000.12
2000.11
2000.11
2000.1
2000.1
2000.1
2000.09
2000.09
2000.09
2000.08
2000.08
2000.08
2000.08
2000.07
2000.07
2000.07
2000.07
2000.07
2000.06
2000.06
2000.06
2000.06
2000.06
2000.06
2000.06
2000.06
2000.06
2000.06
2000.06
2000.05
2000.05
2000.05
2000.05
2000.05
2000.05
2000.05
2000.05
2000.06
2000.06
2000.06
2000.06
2000.06
2000.06
2000.06
2000.06
2000.06
2000.06
2000.06
2000.07
2000.07
2000.07
2000.07
2000.07
2000.07
2000.08
2000.08
2000.08
2000.08
2000.09
2000.09
2000.09
2000.1
2000.1
2000.1
2000.11
2000.11
2000.12
2000.12
2000.13
2000.13
2000.14
2000.14
2000.15
2000.15
2000.16
2000.17
2000.17
2000.18
2000.19
2000.2
2000.21
2000.22
2000.22
2000.22
2000.15
1999.75
1997.55
1986.34
1932.75
1692.54
1389.23
1853.68
1973.59
1995.79
1999.46
2000.04
2000.13
2000.14
2000.14
2000.13
2000.13
2000.12
2000.12
2000.11
2000.11
2000.1
2000.1
2000.1
2000.09
2000.09
2000.09
2000.09
2000.08
2000.08
2000.08
2000.08
2000.07
2000.07
2000.07
2000.07
2000.07
2000.07
2000.07
2000.06
2000.06
2000.06
2000.06
2000.06
2000.06
2000.06
2000.06
2000.06
2000.06
2000.06
2000.06
2000.06
2000.06
2000.06
2000.06
2000.06
2000.06
2000.06
2000.06
2000.07
2000.07
2000.07
2000.07
2000.07
2000.07
2000.07
2000.08
2000.08
2000.08
2000.08
2000.08
2000.09
2000.09
2000.09
2000.1
2000.1
2000.1
2000.11
2000.11
2000.11
2000.12
2000.12
2000.13
2000.13
2000.14
2000.14
2000.15
2000.15
2000.16
2000.17
2000.17
2000.18
2000.19
2000.2
2000.2
2000.21
2000.22
2000.23
2000.24
2000.23
2000.17
1999.76
1997.56
1986.34
1932.75
1692.55
1389.23
1853.66
1973.58
1995.8
1999.47
2000.05
2000.14
2000.15
2000.14
2000.14
2000.13
2000.13
2000.12
2000.12
2000.12
2000.11
2000.11
2000.1
2000.1
2000.1
2000.09
2000.09
2000.09
2000.09
2000.08
2000.08
2000.08
2000.08
2000.08
2000.08
2000.07
2000.07
2000.07
2000.07
2000.07
2000.07
2000.07
2000.07
2000.07
2000.07
2000.07
2000.06
2000.06
2000.06
2000.06
2000.06
2000.07
2000.07
2000.07
2000.07
2000.07
2000.07
2000.07
2000.07
2000.07
2000.07
2000.07
2000.08
2000.08
2000.08
2000.08
2000.08
2000.09
2000.09
2000.09
2000.09
2000.1
2000.1
2000.1
2000.11
2000.11
2000.11
2000.12
2000.12
2000.13
2000.13
2000.14
2000.14
2000.15
2000.15
2000.16
2000.16
2000.17
2000.18
2000.18
2000.19
2000.2
2000.21
2000.22
2000.23
2000.23
2000.24
2000.25
2000.25
2000.18
1999.77
1997.57
1986.34
1932.74
1692.56
1389.23
1853.65
1973.58
1995.8
1999.48
2000.06
2000.15
2000.15
2000.15
2000.15
2000.14
2000.14
2000.13
2000.13
2000.12
2000.12
2000.11
2000.11
2000.11
2000.1
2000.1
2000.1
2000.1
2000.09
2000.09
2000.09
2000.09
2000.08
2000.08
2000.08
2000.08
2000.08
2000.08
2000.07
2000.07
2000.07
2000.07
2000.07
2000.07
2000.07
2000.07
2000.07
2000.07
2000.07
2000.07
2000.07
2000.07
2000.07
2000.07
2000.07
2000.07
2000.07
2000.07
2000.08
2000.08
2000.08
2000.08
2000.08
2000.08
2000.09
2000.09
2000.09
2000.09
2000.09
2000.1
2000.1
2000.1
2000.11
2000.11
2000.11
2000.12
2000.12
2000.13
2000.13
2000.13
2000.14
2000.14
2000.15
2000.16
2000.16
2000.17
2000.17
2000.18
2000.19
2000.2
2000.2
2000.21
2000.22
2000.23
2000.24
2000.25
2000.26
2000.26
2000.26
2000.19
1999.78
1997.58
1986.35
1932.74
1692.57
1389.23
1853.64
1973.57
1995.8
1999.48
2000.07
2000.15
2000.16
2000.16
2000.15
2000.15
2000.14
2000.14
2000.13
2000.13
2000.12
2000.12
2000.12
2000.11
2000.11
2000.11
2000.1
2000.1
2000.1
2000.09
2000.09
2000.09
2000.09
2000.09
2000.08
2000.08
2000.08
2000.08
2000.08
2000.08
2000.08
2000.08
2000.08
2000.07
2000.07
2000.07
2000.07
2000.07
2000.07
2000.07
2000.07
2000.07
2000.07
2000.08
2000.08
2000.08
2000.08
2000.08
2000.08
2000.08
2000.08
2000.08
2000.09
2000.09
2000.09
2000.09
2000.1
2000.1
2000.1
2000.1
2000.11
2000.11
2000.11
2000.12
2000.12
2000.12
2000.13
2000.13
2000.14
2000.14
2000.15
2000.15
2000.16
2000.16
2000.17
2000.18
2000.18
2000.19
2000.2
2000.2
2000.21
2000.22
2000.23
2000.24
2000.25
2000.26
2000.27
2000.27
2000.27
2000.2
1999.79
1997.59
1986.35
1932.74
1692.57
1389.24
1853.64
1973.57
1995.81
1999.49
2000.07
2000.16
2000.17
2000.16
2000.16
2000.15
2000.15
2000.14
2000.14
2000.13
2000.13
2000.12
2000.12
2000.12
2000.11
2000.11
2000.11
2000.1
2000.1
2000.1
2000.1
2000.09
2000.09
2000.09
2000.09
2000.09
2000.09
2000.08
2000.08
2000.08
2000.08
2000.08
2000.08
2000.08
2000.08
2000.08
2000.08
2000.08
2000.08
2000.08
2000.08
2000.08
2000.08
2000.08
2000.08
2000.08
2000.08
2000.08
2000.08
2000.09
2000.09
2000.09
2000.09
2000.09
2000.09
2000.1
2000.1
2000.1
2000.11
2000.11
2000.11
2000.11
2000.12
2000.12
2000.13
2000.13
2000.13
2000.14
2000.14
2000.15
2000.15
2000.16
2000.16
2000.17
2000.18
2000.18
2000.19
2000.2
2000.2
2000.21
2000.22
2000.23
2000.24
2000.25
2000.26
2000.27
2000.27
2000.28
2000.28
2000.21
1999.8
1997.59
1986.36
1932.75
1692.58
1389.24
1853.63
1973.57
1995.81
1999.49
2000.07
2000.16
2000.17
2000.17
2000.16
2000.16
2000.15
2000.15
2000.14
2000.14
2000.13
2000.13
2000.12
2000.12
2000.12
2000.11
2000.11
2000.11
2000.11
2000.1
2000.1
2000.1
2000.1
2000.09
2000.09
2000.09
2000.09
2000.09
2000.09
2000.08
2000.08
2000.08
2000.08
2000.08
2000.08
2000.08
2000.08
2000.08
2000.08
2000.08
2000.08
2000.08
2000.08
2000.08
2000.08
2000.08
2000.08
2000.09
2000.09
2000.09
2000.09
2000.09
2000.09
2000.1
2000.1
2000.1
2000.1
2000.11
2000.11
2000.11
2000.12
2000.12
2000.12
2000.13
2000.13
2000.13
2000.14
2000.14
2000.15
2000.15
2000.16
2000.16
2000.17
2000.18
2000.18
2000.19
2000.2
2000.2
2000.21
2000.22
2000.23
2000.24
2000.24
2000.25
2000.26
2000.27
2000.28
2000.29
2000.29
2000.22
1999.81
1997.6
1986.36
1932.75
1692.58
1389.24
1853.63
1973.57
1995.81
1999.5
2000.08
2000.17
2000.17
2000.17
2000.17
2000.16
2000.15
2000.15
2000.15
2000.14
2000.14
2000.13
2000.13
2000.12
2000.12
2000.12
2000.11
2000.11
2000.11
2000.11
2000.1
2000.1
2000.1
2000.1
2000.09
2000.09
2000.09
2000.09
2000.09
2000.09
2000.09
2000.09
2000.08
2000.08
2000.08
2000.08
2000.08
2000.08
2000.08
2000.08
2000.08
2000.08
2000.08
2000.08
2000.09
2000.09
2000.09
2000.09
2000.09
2000.09
2000.09
2000.1
2000.1
2000.1
2000.1
2000.1
2000.11
2000.11
2000.11
2000.12
2000.12
2000.12
2000.13
2000.13
2000.13
2000.14
2000.14
2000.15
2000.15
2000.16
2000.16
2000.17
2000.17
2000.18
2000.19
2000.19
2000.2
2000.21
2000.22
2000.22
2000.23
2000.24
2000.25
2000.26
2000.27
2000.28
2000.29
2000.3
2000.29
2000.23
1999.82
1997.6
1986.36
1932.75
1692.59
1389.24
1853.63
1973.57
1995.82
1999.5
2000.08
2000.17
2000.18
2000.17
2000.17
2000.16
2000.16
2000.15
2000.15
2000.14
2000.14
2000.13
2000.13
2000.13
2000.12
2000.12
2000.12
2000.11
2000.11
2000.11
2000.11
2000.1
2000.1
2000.1
2000.1
2000.1
2000.09
2000.09
2000.09
2000.09
2000.09
2000.09
2000.09
2000.09
2000.09
2000.09
2000.09
2000.08
2000.08
2000.09
2000.09
2000.09
2000.09
2000.09
2000.09
2000.09
2000.09
2000.09
2000.09
2000.09
2000.1
2000.1
2000.1
2000.1
2000.1
2000.11
2000.11
2000.11
2000.12
2000.12
2000.12
2000.13
2000.13
2000.13
2000.14
2000.14
2000.15
2000.15
2000.16
2000.16
2000.17
2000.17
2000.18
2000.18
2000.19
2000.2
2000.21
2000.21
2000.22
2000.23
2000.24
2000.25
2000.25
2000.26
2000.27
2000.28
2000.29
2000.3
2000.3
2000.23
1999.82
1997.61
1986.37
1932.75
1692.59
1389.24
1853.63
1973.57
1995.82
1999.5
2000.08
2000.17
2000.18
2000.18
2000.17
2000.16
2000.16
2000.15
2000.15
2000.15
2000.14
2000.14
2000.13
2000.13
2000.13
2000.12
2000.12
2000.12
2000.11
2000.11
2000.11
2000.11
2000.1
2000.1
2000.1
2000.1
2000.1
2000.09
2000.09
2000.09
2000.09
2000.09
2000.09
2000.09
2000.09
2000.09
2000.09
2000.09
2000.09
2000.09
2000.09
2000.09
2000.09
2000.09
2000.09
2000.09
2000.09
2000.09
2000.09
2000.1
2000.1
2000.1
2000.1
2000.1
2000.11
2000.11
2000.11
2000.11
2000.12
2000.12
2000.12
2000.13
2000.13
2000.14
2000.14
2000.14
2000.15
2000.15
2000.16
2000.16
2000.17
2000.18
2000.18
2000.19
2000.19
2000.2
2000.21
2000.22
2000.22
2000.23
2000.24
2000.25
2000.26
2000.27
2000.28
2000.29
2000.3
2000.3
2000.3
2000.23
1999.82
1997.61
1986.37
1932.75
1692.6
1389.24
1853.63
1973.57
1995.82
1999.5
2000.09
2000.17
2000.18
2000.18
2000.17
2000.17
2000.16
2000.16
2000.15
2000.15
2000.14
2000.14
2000.13
2000.13
2000.13
2000.12
2000.12
2000.12
2000.11
2000.11
2000.11
2000.11
2000.1
2000.1
2000.1
2000.1
2000.1
2000.09
2000.09
2000.09
2000.09
2000.09
2000.09
2000.09
2000.09
2000.09
2000.09
2000.09
2000.09
2000.09
2000.09
2000.09
2000.09
2000.09
2000.09
2000.09
2000.09
2000.09
2000.1
2000.1
2000.1
2000.1
2000.1
2000.11
2000.11
2000.11
2000.11
2000.12
2000.12
2000.12
2000.13
2000.13
2000.13
2000.14
2000.14
2000.15
2000.15
2000.16
2000.16
2000.17
2000.17
2000.18
2000.18
2000.19
2000.2
2000.2
2000.21
2000.22
2000.23
2000.23
2000.24
2000.25
2000.26
2000.27
2000.28
2000.29
2000.3
2000.31
2000.3
2000.24
1999.83
1997.61
1986.37
1932.75
1692.6
1389.25
1853.62
1973.57
1995.82
1999.5
2000.09
2000.17
2000.18
2000.18
2000.17
2000.17
2000.16
2000.16
2000.15
2000.15
2000.14
2000.14
2000.13
2000.13
2000.13
2000.12
2000.12
2000.12
2000.11
2000.11
2000.11
2000.11
2000.1
2000.1
2000.1
2000.1
2000.1
2000.1
2000.09
2000.09
2000.09
2000.09
2000.09
2000.09
2000.09
2000.09
2000.09
2000.09
2000.09
2000.09
2000.09
2000.09
2000.09
2000.09
2000.09
2000.09
2000.09
2000.09
2000.1
2000.1
2000.1
2000.1
2000.1
2000.11
2000.11
2000.11
2000.11
2000.12
2000.12
2000.12
2000.13
2000.13
2000.13
2000.14
2000.14
2000.15
2000.15
2000.16
2000.16
2000.17
2000.17
2000.18
2000.18
2000.19
2000.2
2000.2
2000.21
2000.22
2000.23
2000.23
2000.24
2000.25
2000.26
2000.27
2000.28
2000.29
2000.3
2000.31
2000.3
2000.24
1999.83
1997.61
1986.37
1932.75
1692.6
1389.25
1853.62
1973.57
1995.82
1999.5
2000.09
2000.17
2000.18
2000.18
2000.17
2000.17
2000.16
2000.16
2000.15
2000.15
2000.14
2000.14
2000.13
2000.13
2000.13
2000.12
2000.12
2000.12
2000.11
2000.11
2000.11
2000.11
2000.1
2000.1
2000.1
2000.1
2000.1
2000.1
2000.09
2000.09
2000.09
2000.09
2000.09
2000.09
2000.09
2000.09
2000.09
2000.09
2000.09
2000.09
2000.09
2000.09
2000.09
2000.09
2000.09
2000.09
2000.09
2000.09
2000.1
2000.1
2000.1
2000.1
2000.1
2000.11
2000.11
2000.11
2000.11
2000.12
2000.12
2000.12
2000.13
2000.13
2000.13
2000.14
2000.14
2000.15
2000.15
2000.16
2000.16
2000.17
2000.17
2000.18
2000.18
2000.19
2000.2
2000.2
2000.21
2000.22
2000.23
2000.23
2000.24
2000.25
2000.26
2000.27
2000.28
2000.29
2000.3
2000.31
2000.3
2000.24
1999.83
1997.61
1986.37
1932.75
1692.6
1389.24
1853.63
1973.57
1995.82
1999.5
2000.09
2000.17
2000.18
2000.18
2000.17
2000.17
2000.16
2000.16
2000.15
2000.15
2000.14
2000.14
2000.13
2000.13
2000.13
2000.12
2000.12
2000.12
2000.11
2000.11
2000.11
2000.11
2000.1
2000.1
2000.1
2000.1
2000.1
2000.09
2000.09
2000.09
2000.09
2000.09
2000.09
2000.09
2000.09
2000.09
2000.09
2000.09
2000.09
2000.09
2000.09
2000.09
2000.09
2000.09
2000.09
2000.09
2000.09
2000.09
2000.1
2000.1
2000.1
2000.1
2000.1
2000.11
2000.11
2000.11
2000.11
2000.12
2000.12
2000.12
2000.13
2000.13
2000.13
2000.14
2000.14
2000.15
2000.15
2000.16
2000.16
2000.17
2000.17
2000.18
2000.18
2000.19
2000.2
2000.2
2000.21
2000.22
2000.23
2000.23
2000.24
2000.25
2000.26
2000.27
2000.28
2000.29
2000.3
2000.31
2000.3
2000.24
1999.83
1997.61
1986.37
1932.75
1692.6
1389.24
1853.63
1973.57
1995.82
1999.5
2000.08
2000.17
2000.18
2000.18
2000.17
2000.16
2000.16
2000.15
2000.15
2000.15
2000.14
2000.14
2000.13
2000.13
2000.13
2000.12
2000.12
2000.12
2000.11
2000.11
2000.11
2000.11
2000.1
2000.1
2000.1
2000.1
2000.1
2000.09
2000.09
2000.09
2000.09
2000.09
2000.09
2000.09
2000.09
2000.09
2000.09
2000.09
2000.09
2000.09
2000.09
2000.09
2000.09
2000.09
2000.09
2000.09
2000.09
2000.09
2000.09
2000.1
2000.1
2000.1
2000.1
2000.1
2000.11
2000.11
2000.11
2000.11
2000.12
2000.12
2000.12
2000.13
2000.13
2000.14
2000.14
2000.14
2000.15
2000.15
2000.16
2000.16
2000.17
2000.18
2000.18
2000.19
2000.19
2000.2
2000.21
2000.22
2000.22
2000.23
2000.24
2000.25
2000.26
2000.27
2000.28
2000.29
2000.3
2000.3
2000.3
2000.23
1999.82
1997.61
1986.37
1932.75
1692.6
1389.24
1853.63
1973.57
1995.82
1999.5
2000.08
2000.17
2000.18
2000.17
2000.17
2000.16
2000.16
2000.15
2000.15
2000.14
2000.14
2000.13
2000.13
2000.13
2000.12
2000.12
2000.12
2000.11
2000.11
2000.11
2000.11
2000.1
2000.1
2000.1
2000.1
2000.1
2000.09
2000.09
2000.09
2000.09
2000.09
2000.09
2000.09
2000.09
2000.09
2000.09
2000.09
2000.08
2000.08
2000.09
2000.09
2000.09
2000.09
2000.09
2000.09
2000.09
2000.09
2000.09
2000.09
2000.09
2000.1
2000.1
2000.1
2000.1
2000.1
2000.11
2000.11
2000.11
2000.12
2000.12
2000.12
2000.13
2000.13
2000.13
2000.14
2000.14
2000.15
2000.15
2000.16
2000.16
2000.17
2000.17
2000.18
2000.18
2000.19
2000.2
2000.21
2000.21
2000.22
2000.23
2000.24
2000.25
2000.25
2000.26
2000.27
2000.28
2000.29
2000.3
2000.3
2000.23
1999.82
1997.61
1986.37
1932.75
1692.59
1389.24
1853.63
1973.57
1995.81
1999.5
2000.08
2000.17
2000.17
2000.17
2000.17
2000.16
2000.15
2000.15
2000.15
2000.14
2000.14
2000.13
2000.13
2000.12
2000.12
2000.12
2000.11
2000.11
2000.11
2000.11
2000.1
2000.1
2000.1
2000.1
2000.09
2000.09
2000.09
2000.09
2000.09
2000.09
2000.09
2000.09
2000.08
2000.08
2000.08
2000.08
2000.08
2000.08
2000.08
2000.08
2000.08
2000.08
2000.08
2000.08
2000.09
2000.09
2000.09
2000.09
2000.09
2000.09
2000.09
2000.1
2000.1
2000.1
2000.1
2000.1
2000.11
2000.11
2000.11
2000.12
2000.12
2000.12
2000.13
2000.13
2000.13
2000.14
2000.14
2000.15
2000.15
2000.16
2000.16
2000.17
2000.17
2000.18
2000.19
2000.19
2000.2
2000.21
2000.22
2000.22
2000.23
2000.24
2000.25
2000.26
2000.27
2000.28
2000.29
2000.3
2000.29
2000.23
1999.82
1997.6
1986.36
1932.75
1692.59
1389.24
1853.63
1973.57
1995.81
1999.49
2000.07
2000.16
2000.17
2000.17
2000.16
2000.16
2000.15
2000.15
2000.14
2000.14
2000.13
2000.13
2000.12
2000.12
2000.12
2000.11
2000.11
2000.11
2000.11
2000.1
2000.1
2000.1
2000.1
2000.09
2000.09
2000.09
2000.09
2000.09
2000.09
2000.08
2000.08
2000.08
2000.08
2000.08
2000.08
2000.08
2000.08
2000.08
2000.08
2000.08
2000.08
2000.08
2000.08
2000.08
2000.08
2000.08
2000.08
2000.09
2000.09
2000.09
2000.09
2000.09
2000.09
2000.1
2000.1
2000.1
2000.1
2000.11
2000.11
2000.11
2000.12
2000.12
2000.12
2000.13
2000.13
2000.13
2000.14
2000.14
2000.15
2000.15
2000.16
2000.16
2000.17
2000.18
2000.18
2000.19
2000.2
2000.2
2000.21
2000.22
2000.23
2000.24
2000.24
2000.25
2000.26
2000.27
2000.28
2000.29
2000.29
2000.22
1999.81
1997.6
1986.36
1932.75
1692.58
1389.24
1853.64
1973.57
1995.81
1999.49
2000.07
2000.16
2000.17
2000.16
2000.16
2000.15
2000.15
2000.14
2000.14
2000.13
2000.13
2000.12
2000.12
2000.12
2000.11
2000.11
2000.11
2000.1
2000.1
2000.1
2000.1
2000.09
2000.09
2000.09
2000.09
2000.09
2000.09
2000.08
2000.08
2000.08
2000.08
2000.08
2000.08
2000.08
2000.08
2000.08
2000.08
2000.08
2000.08
2000.08
2000.08
2000.08
2000.08
2000.08
2000.08
2000.08
2000.08
2000.08
2000.08
2000.09
2000.09
2000.09
2000.09
2000.09
2000.09
2000.1
2000.1
2000.1
2000.11
2000.11
2000.11
2000.11
2000.12
2000.12
2000.13
2000.13
2000.13
2000.14
2000.14
2000.15
2000.15
2000.16
2000.16
2000.17
2000.18
2000.18
2000.19
2000.2
2000.2
2000.21
2000.22
2000.23
2000.24
2000.25
2000.26
2000.27
2000.27
2000.28
2000.28
2000.21
1999.8
1997.59
1986.36
1932.75
1692.58
1389.23
1853.64
1973.57
1995.8
1999.48
2000.07
2000.15
2000.16
2000.16
2000.15
2000.15
2000.14
2000.14
2000.13
2000.13
2000.12
2000.12
2000.12
2000.11
2000.11
2000.11
2000.1
2000.1
2000.1
2000.09
2000.09
2000.09
2000.09
2000.09
2000.08
2000.08
2000.08
2000.08
2000.08
2000.08
2000.08
2000.08
2000.08
2000.07
2000.07
2000.07
2000.07
2000.07
2000.07
2000.07
2000.07
2000.07
2000.07
2000.08
2000.08
2000.08
2000.08
2000.08
2000.08
2000.08
2000.08
2000.08
2000.09
2000.09
2000.09
2000.09
2000.1
2000.1
2000.1
2000.1
2000.11
2000.11
2000.11
2000.12
2000.12
2000.12
2000.13
2000.13
2000.14
2000.14
2000.15
2000.15
2000.16
2000.16
2000.17
2000.18
2000.18
2000.19
2000.2
2000.2
2000.21
2000.22
2000.23
2000.24
2000.25
2000.26
2000.27
2000.27
2000.27
2000.2
1999.79
1997.59
1986.35
1932.74
1692.57
1389.23
1853.65
1973.58
1995.8
1999.48
2000.06
2000.15
2000.15
2000.15
2000.15
2000.14
2000.14
2000.13
2000.13
2000.12
2000.12
2000.11
2000.11
2000.11
2000.1
2000.1
2000.1
2000.1
2000.09
2000.09
2000.09
2000.09
2000.08
2000.08
2000.08
2000.08
2000.08
2000.08
2000.07
2000.07
2000.07
2000.07
2000.07
2000.07
2000.07
2000.07
2000.07
2000.07
2000.07
2000.07
2000.07
2000.07
2000.07
2000.07
2000.07
2000.07
2000.07
2000.07
2000.08
2000.08
2000.08
2000.08
2000.08
2000.08
2000.09
2000.09
2000.09
2000.09
2000.09
2000.1
2000.1
2000.1
2000.11
2000.11
2000.11
2000.12
2000.12
2000.13
2000.13
2000.13
2000.14
2000.14
2000.15
2000.16
2000.16
2000.17
2000.17
2000.18
2000.19
2000.2
2000.2
2000.21
2000.22
2000.23
2000.24
2000.25
2000.26
2000.26
2000.26
2000.19
1999.78
1997.58
1986.35
1932.74
1692.57
1389.23
1853.66
1973.58
1995.8
1999.47
2000.05
2000.14
2000.15
2000.14
2000.14
2000.13
2000.13
2000.12
2000.12
2000.12
2000.11
2000.11
2000.1
2000.1
2000.1
2000.09
2000.09
2000.09
2000.09
2000.08
2000.08
2000.08
2000.08
2000.08
2000.08
2000.07
2000.07
2000.07
2000.07
2000.07
2000.07
2000.07
2000.07
2000.07
2000.07
2000.07
2000.06
2000.06
2000.06
2000.06
2000.06
2000.07
2000.07
2000.07
2000.07
2000.07
2000.07
2000.07
2000.07
2000.07
2000.07
2000.07
2000.08
2000.08
2000.08
2000.08
2000.08
2000.09
2000.09
2000.09
2000.09
2000.1
2000.1
2000.1
2000.11
2000.11
2000.11
2000.12
2000.12
2000.13
2000.13
2000.14
2000.14
2000.15
2000.15
2000.16
2000.16
2000.17
2000.18
2000.18
2000.19
2000.2
2000.21
2000.22
2000.23
2000.23
2000.24
2000.25
2000.25
2000.18
1999.77
1997.57
1986.34
1932.74
1692.56
1389.23
1853.68
1973.59
1995.79
1999.46
2000.04
2000.13
2000.14
2000.14
2000.13
2000.13
2000.12
2000.12
2000.11
2000.11
2000.1
2000.1
2000.1
2000.09
2000.09
2000.09
2000.09
2000.08
2000.08
2000.08
2000.08
2000.07
2000.07
2000.07
2000.07
2000.07
2000.07
2000.07
2000.06
2000.06
2000.06
2000.06
2000.06
2000.06
2000.06
2000.06
2000.06
2000.06
2000.06
2000.06
2000.06
2000.06
2000.06
2000.06
2000.06
2000.06
2000.06
2000.06
2000.07
2000.07
2000.07
2000.07
2000.07
2000.07
2000.07
2000.08
2000.08
2000.08
2000.08
2000.08
2000.09
2000.09
2000.09
2000.1
2000.1
2000.1
2000.11
2000.11
2000.11
2000.12
2000.12
2000.13
2000.13
2000.14
2000.14
2000.15
2000.15
2000.16
2000.17
2000.17
2000.18
2000.19
2000.2
2000.2
2000.21
2000.22
2000.23
2000.24
2000.23
2000.17
1999.76
1997.56
1986.34
1932.75
1692.55
1389.23
1853.71
1973.6
1995.79
1999.46
2000.03
2000.12
2000.13
2000.13
2000.12
2000.12
2000.11
2000.11
2000.1
2000.1
2000.1
2000.09
2000.09
2000.09
2000.08
2000.08
2000.08
2000.08
2000.07
2000.07
2000.07
2000.07
2000.07
2000.06
2000.06
2000.06
2000.06
2000.06
2000.06
2000.06
2000.06
2000.06
2000.06
2000.06
2000.05
2000.05
2000.05
2000.05
2000.05
2000.05
2000.05
2000.05
2000.06
2000.06
2000.06
2000.06
2000.06
2000.06
2000.06
2000.06
2000.06
2000.06
2000.06
2000.07
2000.07
2000.07
2000.07
2000.07
2000.07
2000.08
2000.08
2000.08
2000.08
2000.09
2000.09
2000.09
2000.1
2000.1
2000.1
2000.11
2000.11
2000.12
2000.12
2000.13
2000.13
2000.14
2000.14
2000.15
2000.15
2000.16
2000.17
2000.17
2000.18
2000.19
2000.2
2000.21
2000.22
2000.22
2000.22
2000.15
1999.75
1997.55
1986.34
1932.75
1692.54
1389.22
1853.75
1973.61
1995.79
1999.45
2000.02
2000.11
2000.12
2000.12
2000.11
2000.11
2000.1
2000.1
2000.09
2000.09
2000.09
2000.08
2000.08
2000.08
2000.08
2000.07
2000.07
2000.07
2000.07
2000.06
2000.06
2000.06
2000.06
2000.06
2000.06
2000.06
2000.05
2000.05
2000.05
2000.05
2000.05
2000.05
2000.05
2000.05
2000.05
2000.05
2000.05
2000.05
2000.05
2000.05
2000.05
2000.05
2000.05
2000.05
2000.05
2000.05
2000.05
2000.05
2000.05
2000.05
2000.05
2000.06
2000.06
2000.06
2000.06
2000.06
2000.06
2000.06
2000.07
2000.07
2000.07
2000.07
2000.08
2000.08
2000.08
2000.08
2000.09
2000.09
2000.09
2000.1
2000.1
2000.1
2000.11
2000.11
2000.12
2000.12
2000.13
2000.13
2000.14
2000.14
2000.15
2000.16
2000.17
2000.17
2000.18
2000.19
2000.2
2000.2
2000.2
2000.13
1999.73
1997.54
1986.34
1932.76
1692.53
1389.23
1853.8
1973.64
1995.79
1999.44
2000.01
2000.1
2000.11
2000.1
2000.1
2000.1
2000.09
2000.09
2000.08
2000.08
2000.08
2000.07
2000.07
2000.07
2000.07
2000.06
2000.06
2000.06
2000.06
2000.06
2000.06
2000.05
2000.05
2000.05
2000.05
2000.05
2000.05
2000.05
2000.05
2000.05
2000.04
2000.04
2000.04
2000.04
2000.04
2000.04
2000.04
2000.04
2000.04
2000.04
2000.04
2000.04
2000.04
2000.04
2000.04
2000.04
2000.04
2000.05
2000.05
2000.05
2000.05
2000.05
2000.05
2000.05
2000.05
2000.05
2000.06
2000.06
2000.06
2000.06
2000.06
2000.06
2000.07
2000.07
2000.07
2000.07
2000.08
2000.08
2000.08
2000.09
2000.09
2000.09
2000.1
2000.1
2000.1
2000.11
2000.11
2000.12
2000.12
2000.13
2000.13
2000.14
2000.15
2000.15
2000.16
2000.17
2000.18
2000.18
2000.18
2000.11
1999.71
1997.53
1986.34
1932.79
1692.53
1389.23
1853.88
1973.68
1995.79
1999.43
2000
2000.08
2000.09
2000.09
2000.09
2000.08
2000.08
2000.08
2000.07
2000.07
2000.07
2000.06
2000.06
2000.06
2000.06
2000.06
2000.05
2000.05
2000.05
2000.05
2000.05
2000.05
2000.04
2000.04
2000.04
2000.04
2000.04
2000.04
2000.04
2000.04
2000.04
2000.04
2000.04
2000.04
2000.04
2000.04
2000.04
2000.04
2000.04
2000.04
2000.04
2000.04
2000.04
2000.04
2000.04
2000.04
2000.04
2000.04
2000.04
2000.04
2000.04
2000.04
2000.04
2000.04
2000.04
2000.05
2000.05
2000.05
2000.05
2000.05
2000.05
2000.05
2000.06
2000.06
2000.06
2000.06
2000.06
2000.07
2000.07
2000.07
2000.08
2000.08
2000.08
2000.09
2000.09
2000.09
2000.1
2000.1
2000.11
2000.11
2000.12
2000.12
2000.13
2000.13
2000.14
2000.15
2000.16
2000.16
2000.16
2000.09
1999.69
1997.52
1986.36
1932.82
1692.52
1389.25
1854.02
1973.75
1995.8
1999.42
1999.98
2000.07
2000.08
2000.08
2000.07
2000.07
2000.07
2000.06
2000.06
2000.06
2000.05
2000.05
2000.05
2000.05
2000.05
2000.04
2000.04
2000.04
2000.04
2000.04
2000.04
2000.04
2000.04
2000.04
2000.03
2000.03
2000.03
2000.03
2000.03
2000.03
2000.03
2000.03
2000.03
2000.03
2000.03
2000.03
2000.03
2000.03
2000.03
2000.03
2000.03
2000.03
2000.03
2000.03
2000.03
2000.03
2000.03
2000.03
2000.03
2000.03
2000.03
2000.03
2000.03
2000.04
2000.04
2000.04
2000.04
2000.04
2000.04
2000.04
2000.04
2000.04
2000.05
2000.05
2000.05
2000.05
2000.05
2000.05
2000.06
2000.06
2000.06
2000.06
2000.07
2000.07
2000.07
2000.08
2000.08
2000.08
2000.09
2000.09
2000.1
2000.1
2000.11
2000.11
2000.12
2000.12
2000.13
2000.14
2000.13
2000.07
1999.67
1997.51
1986.39
1932.89
1692.53
1389.28
1854.26
1973.87
1995.82
1999.41
1999.97
2000.05
2000.06
2000.06
2000.05
2000.05
2000.05
2000.05
2000.04
2000.04
2000.04
2000.04
2000.04
2000.03
2000.03
2000.03
2000.03
2000.03
2000.03
2000.03
2000.03
2000.03
2000.02
2000.02
2000.02
2000.02
2000.02
2000.02
2000.02
2000.02
2000.02
2000.02
2000.02
2000.02
2000.02
2000.02
2000.02
2000.02
2000.02
2000.02
2000.02
2000.02
2000.02
2000.02
2000.02
2000.02
2000.02
2000.02
2000.02
2000.02
2000.02
2000.02
2000.02
2000.02
2000.02
2000.03
2000.03
2000.03
2000.03
2000.03
2000.03
2000.03
2000.03
2000.03
2000.03
2000.04
2000.04
2000.04
2000.04
2000.04
2000.04
2000.05
2000.05
2000.05
2000.05
2000.06
2000.06
2000.06
2000.06
2000.07
2000.07
2000.08
2000.08
2000.08
2000.09
2000.09
2000.1
2000.1
2000.1
2000.04
1999.65
1997.51
1986.45
1933.02
1692.55
1389.35
1854.72
1974.08
1995.83
1999.35
1999.9
1999.97
1999.98
1999.98
1999.98
1999.97
1999.97
1999.97
1999.97
1999.96
1999.96
1999.96
1999.96
1999.96
1999.96
1999.95
1999.95
1999.95
1999.95
1999.95
1999.95
1999.95
1999.95
1999.95
1999.95
1999.95
1999.95
1999.94
1999.94
1999.94
1999.94
1999.94
1999.94
1999.94
1999.94
1999.94
1999.94
1999.94
1999.94
1999.94
1999.94
1999.94
1999.94
1999.94
1999.94
1999.94
1999.94
1999.94
1999.94
1999.94
1999.95
1999.95
1999.95
1999.95
1999.95
1999.95
1999.95
1999.95
1999.95
1999.95
1999.95
1999.95
1999.96
1999.96
1999.96
1999.96
1999.96
1999.96
1999.96
1999.97
1999.97
1999.97
1999.97
1999.97
1999.98
1999.98
1999.98
1999.98
1999.99
1999.99
1999.99
2000
2000
2000.01
2000.01
2000.02
2000.02
2000.03
2000.02
1999.97
1999.6
1997.51
1986.59
1933.31
1692.64
1389.39
1855.42
1973.76
1994.87
1998.15
1998.6
1998.62
1998.58
1998.54
1998.51
1998.48
1998.45
1998.42
1998.4
1998.38
1998.36
1998.33
1998.32
1998.31
1998.29
1998.28
1998.27
1998.26
1998.25
1998.24
1998.23
1998.22
1998.21
1998.2
1998.2
1998.19
1998.19
1998.18
1998.18
1998.17
1998.17
1998.17
1998.16
1998.16
1998.16
1998.16
1998.16
1998.16
1998.16
1998.16
1998.16
1998.16
1998.16
1998.16
1998.16
1998.17
1998.17
1998.17
1998.18
1998.18
1998.19
1998.19
1998.2
1998.2
1998.21
1998.22
1998.22
1998.23
1998.24
1998.25
1998.26
1998.27
1998.28
1998.29
1998.3
1998.32
1998.33
1998.35
1998.36
1998.38
1998.4
1998.42
1998.44
1998.46
1998.48
1998.51
1998.54
1998.56
1998.6
1998.63
1998.67
1998.7
1998.75
1998.79
1998.85
1998.9
1998.97
1999.03
1999.11
1999.15
1998.92
1997.12
1986.78
1934.37
1693.54
1393.17
1854.57
1961.13
1975.76
1975.76
1974.08
1972.46
1971.05
1969.83
1968.76
1967.81
1966.95
1966.18
1965.48
1964.84
1964.26
1963.73
1963.23
1962.78
1962.36
1961.97
1961.61
1961.28
1960.97
1960.69
1960.43
1960.18
1959.96
1959.76
1959.57
1959.39
1959.24
1959.09
1958.97
1958.85
1958.75
1958.66
1958.59
1958.52
1958.47
1958.43
1958.4
1958.39
1958.38
1958.39
1958.4
1958.43
1958.47
1958.52
1958.59
1958.66
1958.75
1958.85
1958.96
1959.08
1959.22
1959.36
1959.53
1959.7
1959.89
1960.1
1960.32
1960.56
1960.81
1961.08
1961.37
1961.68
1962
1962.35
1962.73
1963.12
1963.54
1963.99
1964.47
1964.97
1965.51
1966.09
1966.7
1967.36
1968.06
1968.81
1969.61
1970.47
1971.41
1972.41
1973.5
1974.69
1975.98
1977.41
1978.98
1980.73
1982.69
1984.93
1987.5
1990.51
1994.04
1997.63
1996.65
1961.43
1738.78
)
;

boundaryField
{
    fuel
    {
        type            fixedValue;
        value           uniform 293;
    }
    air
    {
        type            fixedValue;
        value           uniform 293;
    }
    outlet
    {
        type            fixedValue;
        value           uniform 293;
    }
    frontAndBack
    {
        type            empty;
    }
}


// ************************************************************************* //
