/*--------------------------------*- C++ -*----------------------------------*\
| =========                 |                                                 |
| \\      /  F ield         | OpenFOAM: The Open Source CFD Toolbox           |
|  \\    /   O peration     | Version:  2406                                  |
|   \\  /    A nd           | Website:  www.openfoam.com                      |
|    \\/     M anipulation  |                                                 |
\*---------------------------------------------------------------------------*/
FoamFile
{
    version     2.0;
    format      ascii;
    arch        "LSB;label=32;scalar=64";
    class       volVectorField;
    location    "2.64e-05";
    object      U;
}
// * * * * * * * * * * * * * * * * * * * * * * * * * * * * * * * * * * * * * //

dimensions      [0 1 -1 0 0 0 0];

internalField   nonuniform List<vector> 
4000
(
(-0.131106 2.53196 0)
(-0.281089 2.4199 0)
(-0.195265 2.15971 0)
(-0.115635 1.93622 0)
(-0.0784151 1.75694 0)
(-0.0610211 1.60987 0)
(-0.0509278 1.48609 0)
(-0.0438753 1.37978 0)
(-0.0384634 1.28701 0)
(-0.0341275 1.20504 0)
(-0.0305678 1.13185 0)
(-0.0275922 1.06596 0)
(-0.025067 1.0062 0)
(-0.0228968 0.9517 0)
(-0.0210029 0.901739 0)
(-0.0193394 0.855741 0)
(-0.0178723 0.813238 0)
(-0.016561 0.773841 0)
(-0.0153813 0.737221 0)
(-0.0143143 0.703102 0)
(-0.0133441 0.671245 0)
(-0.0124577 0.641446 0)
(-0.0116439 0.613527 0)
(-0.0108934 0.587332 0)
(-0.0101987 0.562725 0)
(-0.00955334 0.539587 0)
(-0.0089519 0.51781 0)
(-0.00838958 0.497298 0)
(-0.00786212 0.477966 0)
(-0.00736581 0.459737 0)
(-0.00689745 0.442544 0)
(-0.00645429 0.426322 0)
(-0.00603394 0.411017 0)
(-0.00563423 0.396577 0)
(-0.00525315 0.382954 0)
(-0.00488888 0.370107 0)
(-0.00453978 0.357997 0)
(-0.00420438 0.346589 0)
(-0.00388138 0.33585 0)
(-0.00356962 0.325751 0)
(-0.00326802 0.316264 0)
(-0.00297564 0.307365 0)
(-0.00269175 0.29903 0)
(-0.00241538 0.291237 0)
(-0.00214481 0.283968 0)
(-0.00187847 0.277206 0)
(-0.0016157 0.270942 0)
(-0.00135602 0.265162 0)
(-0.0010988 0.259856 0)
(-0.000843357 0.255015 0)
(-0.000588986 0.250632 0)
(-0.00033496 0.2467 0)
(-8.0551e-05 0.243213 0)
(0.000174969 0.240168 0)
(0.000432326 0.237563 0)
(0.000692257 0.235396 0)
(0.000955523 0.233668 0)
(0.00122292 0.232379 0)
(0.00149527 0.231532 0)
(0.00177348 0.231132 0)
(0.00205848 0.231185 0)
(0.00235127 0.231697 0)
(0.0026529 0.232678 0)
(0.00296449 0.234138 0)
(0.00328726 0.23609 0)
(0.00362251 0.238549 0)
(0.00397168 0.24153 0)
(0.00433633 0.245054 0)
(0.00471822 0.249142 0)
(0.00511927 0.253817 0)
(0.00554167 0.259107 0)
(0.00598785 0.265043 0)
(0.00646054 0.27166 0)
(0.00696283 0.278997 0)
(0.00749826 0.287097 0)
(0.00807087 0.296009 0)
(0.00868534 0.305791 0)
(0.0093471 0.316505 0)
(0.0100625 0.328221 0)
(0.0108391 0.341023 0)
(0.0116859 0.355004 0)
(0.0126136 0.370271 0)
(0.0136353 0.38695 0)
(0.014767 0.405185 0)
(0.0160286 0.425147 0)
(0.0174448 0.447041 0)
(0.0190475 0.471107 0)
(0.0208774 0.497641 0)
(0.0229875 0.527005 0)
(0.0254472 0.55965 0)
(0.0283472 0.596152 0)
(0.0318125 0.637254 0)
(0.0359656 0.683947 0)
(0.0409077 0.737581 0)
(0.0466745 0.800033 0)
(0.0531969 0.873932 0)
(0.0597512 0.96277 0)
(0.0557754 1.06928 0)
(-0.00866617 1.18417 0)
(-0.047835 1.38301 0)
(-0.348812 3.30957 0)
(-0.967137 3.28509 0)
(-1.03013 3.06803 0)
(-0.88317 2.83687 0)
(-0.729638 2.62371 0)
(-0.609346 2.43297 0)
(-0.518401 2.26312 0)
(-0.448586 2.11146 0)
(-0.393686 1.97537 0)
(-0.34951 1.85257 0)
(-0.313237 1.74121 0)
(-0.28293 1.6397 0)
(-0.257226 1.54678 0)
(-0.235146 1.46138 0)
(-0.215985 1.3826 0)
(-0.199188 1.30969 0)
(-0.184322 1.24203 0)
(-0.171079 1.17908 0)
(-0.159204 1.12037 0)
(-0.148496 1.06552 0)
(-0.138788 1.01416 0)
(-0.129946 0.966007 0)
(-0.121855 0.920791 0)
(-0.114423 0.87828 0)
(-0.107571 0.838267 0)
(-0.101234 0.800567 0)
(-0.0953558 0.765017 0)
(-0.0898862 0.731468 0)
(-0.0847825 0.699789 0)
(-0.0800074 0.66986 0)
(-0.075529 0.641572 0)
(-0.0713193 0.614828 0)
(-0.0673538 0.589539 0)
(-0.0636105 0.565622 0)
(-0.0600691 0.543003 0)
(-0.0567116 0.521615 0)
(-0.0535219 0.501396 0)
(-0.0504857 0.482289 0)
(-0.0475904 0.464241 0)
(-0.0448248 0.447204 0)
(-0.0421785 0.431135 0)
(-0.0396421 0.415992 0)
(-0.0372073 0.401738 0)
(-0.034864 0.388324 0)
(-0.0325977 0.375707 0)
(-0.0303963 0.363875 0)
(-0.0282524 0.35282 0)
(-0.0261606 0.342519 0)
(-0.0241154 0.332954 0)
(-0.0221108 0.324108 0)
(-0.0201411 0.315967 0)
(-0.0182003 0.308519 0)
(-0.0162826 0.301753 0)
(-0.0143823 0.295661 0)
(-0.0124937 0.290237 0)
(-0.0106114 0.285476 0)
(-0.00872966 0.281375 0)
(-0.00684253 0.277935 0)
(-0.0049439 0.275156 0)
(-0.00302731 0.273042 0)
(-0.00108605 0.2716 0)
(0.000886905 0.270836 0)
(0.00289885 0.270763 0)
(0.00495745 0.271393 0)
(0.00707082 0.272741 0)
(0.00924766 0.274825 0)
(0.0114974 0.277668 0)
(0.0138304 0.281294 0)
(0.0162579 0.28573 0)
(0.0187927 0.291009 0)
(0.0214486 0.297165 0)
(0.0242411 0.304241 0)
(0.0271878 0.312281 0)
(0.0303081 0.321336 0)
(0.0336242 0.331465 0)
(0.0371612 0.342732 0)
(0.0409483 0.35521 0)
(0.0450191 0.368981 0)
(0.0494129 0.384136 0)
(0.0541762 0.400781 0)
(0.0593638 0.419034 0)
(0.0650418 0.43903 0)
(0.0712897 0.460924 0)
(0.0782052 0.484893 0)
(0.0859095 0.51114 0)
(0.0945535 0.539904 0)
(0.10433 0.571459 0)
(0.115491 0.60613 0)
(0.128366 0.644297 0)
(0.143405 0.686412 0)
(0.161229 0.733007 0)
(0.182714 0.784719 0)
(0.209201 0.842291 0)
(0.242704 0.906598 0)
(0.286195 0.978626 0)
(0.343367 1.05942 0)
(0.413649 1.14998 0)
(0.467096 1.25203 0)
(0.406683 1.37878 0)
(0.0844057 1.72358 0)
(-0.414332 2.61622 0)
(-1.1955 2.64663 0)
(-1.37093 2.56122 0)
(-1.27358 2.45187 0)
(-1.12653 2.3328 0)
(-0.991207 2.21141 0)
(-0.876284 2.09237 0)
(-0.779887 1.97821 0)
(-0.698794 1.87011 0)
(-0.630094 1.76848 0)
(-0.571417 1.67331 0)
(-0.520875 1.58434 0)
(-0.476983 1.50122 0)
(-0.43857 1.42355 0)
(-0.404706 1.35093 0)
(-0.37465 1.28296 0)
(-0.347807 1.2193 0)
(-0.323696 1.15959 0)
(-0.301929 1.10353 0)
(-0.282184 1.05085 0)
(-0.264194 1.00129 0)
(-0.247736 0.954612 0)
(-0.232622 0.910624 0)
(-0.218695 0.869133 0)
(-0.205821 0.829969 0)
(-0.193886 0.792979 0)
(-0.182788 0.758023 0)
(-0.172442 0.724973 0)
(-0.162772 0.693715 0)
(-0.15371 0.664142 0)
(-0.1452 0.636157 0)
(-0.137192 0.609672 0)
(-0.12964 0.584606 0)
(-0.122504 0.560884 0)
(-0.115746 0.538439 0)
(-0.109333 0.517206 0)
(-0.103237 0.49713 0)
(-0.0974303 0.478156 0)
(-0.0918897 0.460236 0)
(-0.0865935 0.443324 0)
(-0.0815216 0.427379 0)
(-0.0766553 0.412365 0)
(-0.0719782 0.398245 0)
(-0.0674707 0.384958 0)
(-0.06311 0.372453 0)
(-0.0588778 0.360733 0)
(-0.0547604 0.349801 0)
(-0.0507455 0.339634 0)
(-0.0468213 0.330214 0)
(-0.0429763 0.321526 0)
(-0.0391989 0.313554 0)
(-0.0354777 0.306288 0)
(-0.0318018 0.299717 0)
(-0.0281605 0.293834 0)
(-0.0245432 0.288631 0)
(-0.0209393 0.284106 0)
(-0.0173379 0.280256 0)
(-0.0137279 0.27708 0)
(-0.0100976 0.27458 0)
(-0.00643469 0.27276 0)
(-0.00272665 0.271627 0)
(0.0010396 0.271188 0)
(0.00487767 0.271454 0)
(0.00880178 0.272437 0)
(0.012827 0.274154 0)
(0.0169696 0.276621 0)
(0.0212471 0.279859 0)
(0.0256785 0.283893 0)
(0.0302848 0.288747 0)
(0.0350892 0.294454 0)
(0.0401172 0.301047 0)
(0.045397 0.308563 0)
(0.0509601 0.317046 0)
(0.0568417 0.326543 0)
(0.0630814 0.337105 0)
(0.0697242 0.348792 0)
(0.0768216 0.361668 0)
(0.0844328 0.375805 0)
(0.0926264 0.391283 0)
(0.101483 0.408189 0)
(0.111095 0.426623 0)
(0.121576 0.446692 0)
(0.133058 0.468517 0)
(0.145701 0.49223 0)
(0.159697 0.517979 0)
(0.175286 0.545922 0)
(0.19276 0.576234 0)
(0.212486 0.609098 0)
(0.234926 0.644705 0)
(0.260669 0.683242 0)
(0.290469 0.724875 0)
(0.32529 0.769713 0)
(0.366359 0.817755 0)
(0.41518 0.86876 0)
(0.473308 0.922088 0)
(0.540975 0.976417 0)
(0.610229 1.02961 0)
(0.638928 1.08057 0)
(0.52224 1.14262 0)
(0.108534 1.37979 0)
(-0.447207 2.14273 0)
(-1.30277 2.17866 0)
(-1.5388 2.13514 0)
(-1.4824 2.07736 0)
(-1.35879 2.00977 0)
(-1.23396 1.93533 0)
(-1.12056 1.85713 0)
(-1.0198 1.77763 0)
(-0.930733 1.69859 0)
(-0.852021 1.62118 0)
(-0.782351 1.54617 0)
(-0.720516 1.47403 0)
(-0.665449 1.40499 0)
(-0.616222 1.33916 0)
(-0.572044 1.27654 0)
(-0.532239 1.21707 0)
(-0.496234 1.16065 0)
(-0.463541 1.10716 0)
(-0.433748 1.05647 0)
(-0.406503 1.00844 0)
(-0.381506 0.96293 0)
(-0.358497 0.919803 0)
(-0.337255 0.878929 0)
(-0.317591 0.840185 0)
(-0.299338 0.803455 0)
(-0.282353 0.768627 0)
(-0.266509 0.7356 0)
(-0.251693 0.704276 0)
(-0.237808 0.674566 0)
(-0.224768 0.646387 0)
(-0.212497 0.619659 0)
(-0.200926 0.594312 0)
(-0.189995 0.570278 0)
(-0.179648 0.547494 0)
(-0.169835 0.525903 0)
(-0.160511 0.50545 0)
(-0.151636 0.486087 0)
(-0.143173 0.467767 0)
(-0.135089 0.450446 0)
(-0.127352 0.434086 0)
(-0.119934 0.418649 0)
(-0.112809 0.404104 0)
(-0.105953 0.390418 0)
(-0.0993379 0.377518 0)
(-0.0929339 0.365345 0)
(-0.0867191 0.353922 0)
(-0.080674 0.343261 0)
(-0.0747796 0.333341 0)
(-0.0690183 0.324146 0)
(-0.063373 0.315659 0)
(-0.0578268 0.307868 0)
(-0.0523634 0.300761 0)
(-0.046967 0.294329 0)
(-0.0416222 0.288564 0)
(-0.0363138 0.283459 0)
(-0.0310263 0.279011 0)
(-0.0257441 0.275216 0)
(-0.0204508 0.272075 0)
(-0.0151297 0.269588 0)
(-0.00976323 0.267758 0)
(-0.00433359 0.266591 0)
(0.00117776 0.266093 0)
(0.00679004 0.266273 0)
(0.0125233 0.267142 0)
(0.018399 0.268712 0)
(0.0244396 0.270999 0)
(0.0306698 0.27402 0)
(0.0371163 0.277795 0)
(0.0438081 0.282347 0)
(0.050777 0.287699 0)
(0.058058 0.293881 0)
(0.0656895 0.300923 0)
(0.0737137 0.308859 0)
(0.0821777 0.317726 0)
(0.0911341 0.327566 0)
(0.100642 0.338422 0)
(0.110767 0.350342 0)
(0.121587 0.363379 0)
(0.133188 0.377588 0)
(0.14567 0.393029 0)
(0.159147 0.409763 0)
(0.173753 0.427858 0)
(0.189642 0.44738 0)
(0.206997 0.468397 0)
(0.226031 0.490974 0)
(0.246994 0.515171 0)
(0.270182 0.541036 0)
(0.295945 0.568595 0)
(0.324695 0.597843 0)
(0.356915 0.628723 0)
(0.393165 0.661099 0)
(0.434074 0.694722 0)
(0.480326 0.729172 0)
(0.532567 0.763799 0)
(0.59109 0.797641 0)
(0.654381 0.829404 0)
(0.712382 0.857812 0)
(0.721255 0.883995 0)
(0.57709 0.923321 0)
(0.125633 1.11456 0)
(-0.465481 1.79824 0)
(-1.3624 1.83227 0)
(-1.63418 1.80621 0)
(-1.60562 1.77191 0)
(-1.50229 1.73066 0)
(-1.39133 1.68322 0)
(-1.2864 1.63116 0)
(-1.18974 1.57605 0)
(-1.10139 1.51918 0)
(-1.02088 1.46163 0)
(-0.947634 1.40421 0)
(-0.880998 1.34753 0)
(-0.82034 1.29206 0)
(-0.765061 1.23809 0)
(-0.714603 1.18585 0)
(-0.668458 1.13547 0)
(-0.626169 1.08702 0)
(-0.587326 1.04054 0)
(-0.551567 0.996015 0)
(-0.518572 0.953427 0)
(-0.488059 0.912735 0)
(-0.459777 0.873886 0)
(-0.433506 0.83682 0)
(-0.409049 0.801476 0)
(-0.386234 0.767788 0)
(-0.364909 0.735691 0)
(-0.344935 0.705119 0)
(-0.326191 0.67601 0)
(-0.308567 0.648301 0)
(-0.291968 0.621934 0)
(-0.276305 0.596852 0)
(-0.261499 0.573001 0)
(-0.24748 0.55033 0)
(-0.234182 0.52879 0)
(-0.221547 0.508336 0)
(-0.209521 0.488925 0)
(-0.198055 0.470515 0)
(-0.187106 0.45307 0)
(-0.176631 0.436553 0)
(-0.166593 0.420932 0)
(-0.156956 0.406176 0)
(-0.147686 0.392257 0)
(-0.138757 0.379147 0)
(-0.130132 0.366762 0)
(-0.121775 0.35504 0)
(-0.113662 0.344023 0)
(-0.105769 0.33373 0)
(-0.0980711 0.324143 0)
(-0.0905452 0.315247 0)
(-0.0831694 0.307027 0)
(-0.0759225 0.299472 0)
(-0.0687838 0.292569 0)
(-0.0617331 0.286312 0)
(-0.0547508 0.280691 0)
(-0.0478172 0.275701 0)
(-0.0409127 0.271337 0)
(-0.034017 0.267597 0)
(-0.0271093 0.264479 0)
(-0.0201684 0.261985 0)
(-0.0131724 0.260115 0)
(-0.00609887 0.258873 0)
(0.0010753 0.258265 0)
(0.00837402 0.258297 0)
(0.0158223 0.258977 0)
(0.0234466 0.260316 0)
(0.0312749 0.262324 0)
(0.0393375 0.265016 0)
(0.0476667 0.268406 0)
(0.0562979 0.272511 0)
(0.0652691 0.277351 0)
(0.0746219 0.282947 0)
(0.0844015 0.289319 0)
(0.0946573 0.296494 0)
(0.105444 0.304497 0)
(0.11682 0.313354 0)
(0.128854 0.323096 0)
(0.141619 0.333752 0)
(0.155199 0.345353 0)
(0.169685 0.35793 0)
(0.185184 0.371513 0)
(0.201814 0.38613 0)
(0.219707 0.401808 0)
(0.239016 0.418565 0)
(0.259909 0.436415 0)
(0.282581 0.455357 0)
(0.307248 0.475374 0)
(0.334152 0.496428 0)
(0.363565 0.518447 0)
(0.395782 0.541318 0)
(0.431124 0.564872 0)
(0.469923 0.588868 0)
(0.512511 0.612974 0)
(0.559186 0.636745 0)
(0.61013 0.659611 0)
(0.665117 0.680874 0)
(0.722131 0.699772 0)
(0.770716 0.715884 0)
(0.766922 0.73121 0)
(0.607465 0.759991 0)
(0.135461 0.91986 0)
(-0.476775 1.53197 0)
(-1.39932 1.56241 0)
(-1.69398 1.54508 0)
(-1.68441 1.52292 0)
(-1.59641 1.49604 0)
(-1.49749 1.46435 0)
(-1.40159 1.42861 0)
(-1.31123 1.3897 0)
(-1.22679 1.3485 0)
(-1.1482 1.30574 0)
(-1.07524 1.26209 0)
(-1.0076 1.21809 0)
(-0.94494 1.17417 0)
(-0.886918 1.13069 0)
(-0.833179 1.08793 0)
(-0.783379 1.04609 0)
(-0.737188 1.00532 0)
(-0.6943 0.965743 0)
(-0.654429 0.927429 0)
(-0.617316 0.890428 0)
(-0.582721 0.854764 0)
(-0.550425 0.820446 0)
(-0.520228 0.78747 0)
(-0.491952 0.75582 0)
(-0.465434 0.725477 0)
(-0.440526 0.69641 0)
(-0.417094 0.668591 0)
(-0.395018 0.641984 0)
(-0.374186 0.616553 0)
(-0.354498 0.592265 0)
(-0.335864 0.569081 0)
(-0.3182 0.546966 0)
(-0.301431 0.525886 0)
(-0.285488 0.505804 0)
(-0.270306 0.486689 0)
(-0.255827 0.468508 0)
(-0.241997 0.45123 0)
(-0.228765 0.434826 0)
(-0.216087 0.419268 0)
(-0.203917 0.404531 0)
(-0.192217 0.39059 0)
(-0.180948 0.377421 0)
(-0.170079 0.365004 0)
(-0.159568 0.353239 0)
(-0.149373 0.342069 0)
(-0.139471 0.331553 0)
(-0.129832 0.321716 0)
(-0.120428 0.312542 0)
(-0.11123 0.304017 0)
(-0.102214 0.296129 0)
(-0.0933543 0.288866 0)
(-0.0846259 0.28222 0)
(-0.0760055 0.276181 0)
(-0.0674695 0.270743 0)
(-0.0589945 0.265899 0)
(-0.050557 0.261646 0)
(-0.0421329 0.25798 0)
(-0.0336977 0.254899 0)
(-0.0252266 0.252404 0)
(-0.0166939 0.250494 0)
(-0.00807371 0.249172 0)
(0.000660904 0.248441 0)
(0.00953757 0.248305 0)
(0.0185851 0.24877 0)
(0.0278339 0.249843 0)
(0.037316 0.251532 0)
(0.0470656 0.253846 0)
(0.0571193 0.256795 0)
(0.0675163 0.260392 0)
(0.0782989 0.264648 0)
(0.0895123 0.269578 0)
(0.101205 0.275194 0)
(0.113431 0.281513 0)
(0.126246 0.288549 0)
(0.139714 0.296317 0)
(0.153902 0.304832 0)
(0.168886 0.314107 0)
(0.184748 0.324155 0)
(0.201578 0.334986 0)
(0.219477 0.346607 0)
(0.238554 0.359019 0)
(0.258928 0.372217 0)
(0.280732 0.386188 0)
(0.304111 0.400908 0)
(0.329219 0.416337 0)
(0.356225 0.432417 0)
(0.385308 0.449068 0)
(0.416656 0.466181 0)
(0.450461 0.48361 0)
(0.486914 0.501171 0)
(0.526194 0.518631 0)
(0.568458 0.535702 0)
(0.613815 0.552042 0)
(0.662263 0.567256 0)
(0.713418 0.580913 0)
(0.765156 0.592618 0)
(0.806979 0.602354 0)
(0.794951 0.612242 0)
(0.62607 0.634906 0)
(0.14156 0.771289 0)
(-0.484299 1.31706 0)
(-1.42392 1.34374 0)
(-1.73413 1.33138 0)
(-1.73793 1.31617 0)
(-1.66129 1.29776 0)
(-1.57196 1.27571 0)
(-1.48393 1.25037 0)
(-1.39977 1.22227 0)
(-1.31999 1.19194 0)
(-1.24463 1.1599 0)
(-1.17366 1.1266 0)
(-1.10694 1.09246 0)
(-1.0443 1.05785 0)
(-0.985564 1.02308 0)
(-0.930509 0.988409 0)
(-0.878919 0.954049 0)
(-0.830572 0.920177 0)
(-0.785253 0.886934 0)
(-0.742751 0.854431 0)
(-0.702868 0.822751 0)
(-0.665412 0.791958 0)
(-0.630205 0.762097 0)
(-0.59708 0.733198 0)
(-0.565882 0.705282 0)
(-0.536467 0.678355 0)
(-0.508705 0.652419 0)
(-0.482471 0.627469 0)
(-0.457653 0.603496 0)
(-0.434144 0.580484 0)
(-0.411849 0.558418 0)
(-0.390678 0.537279 0)
(-0.37055 0.517047 0)
(-0.35139 0.4977 0)
(-0.333126 0.479218 0)
(-0.315693 0.461578 0)
(-0.299031 0.444758 0)
(-0.283082 0.428738 0)
(-0.267794 0.413497 0)
(-0.253119 0.399015 0)
(-0.239009 0.385271 0)
(-0.225423 0.372248 0)
(-0.212318 0.359927 0)
(-0.199663 0.348292 0)
(-0.187408 0.337233 0)
(-0.175508 0.326698 0)
(-0.163942 0.316764 0)
(-0.152678 0.307457 0)
(-0.14168 0.298764 0)
(-0.130921 0.290674 0)
(-0.12037 0.283176 0)
(-0.11 0.276259 0)
(-0.0997828 0.269916 0)
(-0.0896916 0.264139 0)
(-0.0796998 0.25892 0)
(-0.0697807 0.254256 0)
(-0.0599078 0.250141 0)
(-0.0500541 0.246572 0)
(-0.0401921 0.243547 0)
(-0.030294 0.241065 0)
(-0.0203317 0.239125 0)
(-0.010276 0.237727 0)
(-9.75035e-05 0.236873 0)
(0.0102344 0.236566 0)
(0.0207514 0.236808 0)
(0.0314866 0.237603 0)
(0.0424747 0.238956 0)
(0.0537525 0.240872 0)
(0.065359 0.243358 0)
(0.0773355 0.246419 0)
(0.0897261 0.250064 0)
(0.102578 0.254297 0)
(0.11594 0.259127 0)
(0.129866 0.264559 0)
(0.144414 0.2706 0)
(0.159643 0.277254 0)
(0.175622 0.284524 0)
(0.19242 0.292412 0)
(0.210115 0.300915 0)
(0.22879 0.31003 0)
(0.248534 0.319745 0)
(0.269442 0.330045 0)
(0.291616 0.340907 0)
(0.315165 0.352299 0)
(0.340202 0.364177 0)
(0.366849 0.376485 0)
(0.395228 0.389151 0)
(0.425466 0.402084 0)
(0.457687 0.415173 0)
(0.492011 0.428282 0)
(0.52855 0.441252 0)
(0.567398 0.453893 0)
(0.608627 0.465992 0)
(0.652267 0.47731 0)
(0.698255 0.487591 0)
(0.746175 0.496578 0)
(0.793896 0.504071 0)
(0.830928 0.510215 0)
(0.81334 0.517017 0)
(0.638273 0.535576 0)
(0.145607 0.653264 0)
(-0.489582 1.13817 0)
(-1.44117 1.16135 0)
(-1.76242 1.15211 0)
(-1.77593 1.14121 0)
(-1.7078 1.12811 0)
(-1.62595 1.11226 0)
(-1.54438 1.09381 0)
(-1.46566 1.07306 0)
(-1.3903 1.05036 0)
(-1.31841 1.02605 0)
(-1.25 1.00044 0)
(-1.18503 0.973849 0)
(-1.12343 0.946546 0)
(-1.06509 0.918783 0)
(-1.00989 0.890779 0)
(-0.957707 0.862726 0)
(-0.908382 0.834788 0)
(-0.861771 0.807105 0)
(-0.817726 0.779794 0)
(-0.776098 0.752951 0)
(-0.736744 0.726655 0)
(-0.699522 0.70097 0)
(-0.664297 0.675944 0)
(-0.630943 0.651616 0)
(-0.599338 0.628013 0)
(-0.569369 0.605156 0)
(-0.540927 0.583057 0)
(-0.51391 0.561723 0)
(-0.488223 0.541156 0)
(-0.463777 0.521356 0)
(-0.440489 0.502316 0)
(-0.418281 0.48403 0)
(-0.397081 0.466488 0)
(-0.376821 0.449679 0)
(-0.357435 0.433592 0)
(-0.338863 0.418214 0)
(-0.321049 0.403532 0)
(-0.303938 0.389532 0)
(-0.287483 0.376201 0)
(-0.271635 0.363526 0)
(-0.25635 0.351493 0)
(-0.241585 0.34009 0)
(-0.227308 0.329304 0)
(-0.213463 0.319016 0)
(-0.200003 0.309181 0)
(-0.186912 0.299893 0)
(-0.174153 0.291178 0)
(-0.161689 0.283023 0)
(-0.149488 0.275421 0)
(-0.13752 0.268362 0)
(-0.125753 0.261837 0)
(-0.114158 0.25584 0)
(-0.102705 0.250362 0)
(-0.0913655 0.2454 0)
(-0.08011 0.240947 0)
(-0.0689096 0.236999 0)
(-0.057735 0.233553 0)
(-0.0465566 0.230606 0)
(-0.0353446 0.228156 0)
(-0.0240685 0.226202 0)
(-0.0126974 0.224742 0)
(-0.00119967 0.223777 0)
(0.0104571 0.223307 0)
(0.0223064 0.223333 0)
(0.0343832 0.223856 0)
(0.0467237 0.224878 0)
(0.0593661 0.226401 0)
(0.0723503 0.228427 0)
(0.0857183 0.230958 0)
(0.0995144 0.233996 0)
(0.113785 0.237543 0)
(0.128579 0.241599 0)
(0.143949 0.246164 0)
(0.159948 0.251238 0)
(0.176636 0.256816 0)
(0.194073 0.262895 0)
(0.212327 0.269466 0)
(0.231464 0.276519 0)
(0.25156 0.284038 0)
(0.27269 0.292006 0)
(0.294934 0.300395 0)
(0.318379 0.309175 0)
(0.34311 0.318305 0)
(0.369216 0.327737 0)
(0.396788 0.33741 0)
(0.425915 0.347255 0)
(0.456685 0.357186 0)
(0.489184 0.367106 0)
(0.523488 0.376904 0)
(0.559662 0.386452 0)
(0.59776 0.39561 0)
(0.637816 0.404225 0)
(0.679833 0.412137 0)
(0.723735 0.419181 0)
(0.769106 0.4252 0)
(0.813831 0.430096 0)
(0.847429 0.434073 0)
(0.825961 0.438956 0)
(0.646664 0.454491 0)
(0.148427 0.556681 0)
(-0.493437 0.985806 0)
(-1.45373 1.00584 0)
(-1.78309 0.998678 0)
(-1.80382 0.990623 0)
(-1.74217 0.981044 0)
(-1.66615 0.969365 0)
(-1.58978 0.95563 0)
(-1.51561 0.940026 0)
(-1.44414 0.922775 0)
(-1.37549 0.904102 0)
(-1.30968 0.884235 0)
(-1.24672 0.86339 0)
(-1.18658 0.841774 0)
(-1.12919 0.819579 0)
(-1.0745 0.796979 0)
(-1.02243 0.774133 0)
(-0.972863 0.751183 0)
(-0.925715 0.728254 0)
(-0.880878 0.705455 0)
(-0.838244 0.68288 0)
(-0.797705 0.660609 0)
(-0.759153 0.638711 0)
(-0.722482 0.617243 0)
(-0.68759 0.596251 0)
(-0.654376 0.575773 0)
(-0.622745 0.555841 0)
(-0.592603 0.536476 0)
(-0.563864 0.517698 0)
(-0.536441 0.49952 0)
(-0.510256 0.481949 0)
(-0.485234 0.464991 0)
(-0.461302 0.448649 0)
(-0.438394 0.432921 0)
(-0.416444 0.417805 0)
(-0.39539 0.403298 0)
(-0.375175 0.389394 0)
(-0.355743 0.376087 0)
(-0.337042 0.363369 0)
(-0.319023 0.351233 0)
(-0.30164 0.33967 0)
(-0.284846 0.328673 0)
(-0.268599 0.318231 0)
(-0.25287 0.308339 0)
(-0.237593 0.298868 0)
(-0.222724 0.289781 0)
(-0.208253 0.281189 0)
(-0.194136 0.273111 0)
(-0.180339 0.265541 0)
(-0.166825 0.25847 0)
(-0.153563 0.251891 0)
(-0.140521 0.245797 0)
(-0.127666 0.240182 0)
(-0.114968 0.23504 0)
(-0.102395 0.230365 0)
(-0.0899175 0.226154 0)
(-0.0775037 0.222403 0)
(-0.0651231 0.219106 0)
(-0.0527446 0.216263 0)
(-0.040337 0.213869 0)
(-0.0278683 0.211923 0)
(-0.0153062 0.210423 0)
(-0.00261773 0.209368 0)
(0.0102307 0.208755 0)
(0.0232737 0.208585 0)
(0.036547 0.208857 0)
(0.0500872 0.209569 0)
(0.0639329 0.210721 0)
(0.078124 0.212313 0)
(0.0927021 0.214343 0)
(0.107711 0.216808 0)
(0.123195 0.219708 0)
(0.139202 0.223037 0)
(0.15578 0.226792 0)
(0.172982 0.230966 0)
(0.190861 0.235551 0)
(0.209472 0.240538 0)
(0.228877 0.245912 0)
(0.249135 0.251659 0)
(0.27031 0.257759 0)
(0.292468 0.264188 0)
(0.315675 0.270916 0)
(0.340002 0.27791 0)
(0.365518 0.285129 0)
(0.392293 0.292526 0)
(0.420395 0.300046 0)
(0.449892 0.307625 0)
(0.480846 0.315193 0)
(0.513319 0.32267 0)
(0.547361 0.329967 0)
(0.583017 0.336989 0)
(0.62032 0.343634 0)
(0.659292 0.349795 0)
(0.699927 0.355362 0)
(0.742151 0.360229 0)
(0.785561 0.364298 0)
(0.828055 0.367523 0)
(0.859155 0.370123 0)
(0.834911 0.373731 0)
(0.652639 0.386896 0)
(0.150466 0.475864 0)
(-0.496332 0.853617 0)
(-1.46313 0.870849 0)
(-1.7986 0.865178 0)
(-1.82482 0.859094 0)
(-1.76815 0.851946 0)
(-1.69671 0.843177 0)
(-1.62451 0.832779 0)
(-1.55409 0.820868 0)
(-1.48592 0.807592 0)
(-1.42012 0.793105 0)
(-1.35673 0.777564 0)
(-1.29574 0.761127 0)
(-1.23716 0.743944 0)
(-1.18096 0.726161 0)
(-1.12708 0.707912 0)
(-1.0755 0.689327 0)
(-1.02613 0.67052 0)
(-0.978917 0.651598 0)
(-0.933781 0.632657 0)
(-0.890646 0.613779 0)
(-0.84943 0.595042 0)
(-0.810051 0.576509 0)
(-0.772425 0.558237 0)
(-0.736471 0.540277 0)
(-0.702106 0.522669 0)
(-0.669253 0.505448 0)
(-0.637832 0.488643 0)
(-0.607768 0.472279 0)
(-0.578988 0.456374 0)
(-0.551422 0.440943 0)
(-0.525001 0.425998 0)
(-0.499663 0.411548 0)
(-0.475345 0.397598 0)
(-0.451986 0.384152 0)
(-0.429528 0.371212 0)
(-0.407918 0.358778 0)
(-0.387103 0.346849 0)
(-0.367032 0.335422 0)
(-0.347659 0.324494 0)
(-0.328936 0.314062 0)
(-0.31082 0.30412 0)
(-0.293268 0.294665 0)
(-0.276252 0.28569 0)
(-0.259703 0.277064 0)
(-0.243578 0.268759 0)
(-0.227872 0.260896 0)
(-0.21254 0.253492 0)
(-0.197544 0.24654 0)
(-0.182849 0.240034 0)
(-0.168421 0.233968 0)
(-0.154227 0.228337 0)
(-0.140235 0.223135 0)
(-0.126411 0.218358 0)
(-0.112723 0.214002 0)
(-0.0991406 0.210062 0)
(-0.0856307 0.206534 0)
(-0.0721618 0.203416 0)
(-0.0587019 0.200702 0)
(-0.0452187 0.198392 0)
(-0.0316794 0.196481 0)
(-0.018051 0.194968 0)
(-0.00429981 0.193849 0)
(0.00960846 0.193123 0)
(0.0237088 0.192787 0)
(0.0380369 0.192839 0)
(0.0526298 0.193277 0)
(0.0675254 0.194096 0)
(0.0827628 0.195296 0)
(0.0983828 0.196871 0)
(0.114427 0.198817 0)
(0.130939 0.20113 0)
(0.147963 0.203803 0)
(0.165545 0.206828 0)
(0.183733 0.210195 0)
(0.202577 0.213896 0)
(0.222127 0.217915 0)
(0.242436 0.222238 0)
(0.263559 0.226848 0)
(0.28555 0.231722 0)
(0.308466 0.236836 0)
(0.332363 0.242161 0)
(0.357299 0.247664 0)
(0.383332 0.253308 0)
(0.410516 0.259051 0)
(0.438906 0.264844 0)
(0.468555 0.270636 0)
(0.499511 0.276367 0)
(0.531819 0.281977 0)
(0.56552 0.287396 0)
(0.600645 0.292555 0)
(0.637222 0.297378 0)
(0.675266 0.301791 0)
(0.714775 0.305719 0)
(0.755681 0.30909 0)
(0.797591 0.311842 0)
(0.838414 0.313957 0)
(0.867677 0.315647 0)
(0.841414 0.31836 0)
(0.657003 0.329582 0)
(0.151981 0.407024 0)
(-0.498552 0.737151 0)
(-1.47032 0.751904 0)
(-1.81046 0.747346 0)
(-1.84092 0.742681 0)
(-1.78815 0.737271 0)
(-1.72032 0.7306 0)
(-1.65147 0.722632 0)
(-1.58411 0.713442 0)
(-1.51869 0.703129 0)
(-1.45534 0.691801 0)
(-1.39407 0.679569 0)
(-1.3349 0.666545 0)
(-1.27782 0.652843 0)
(-1.22283 0.63857 0)
(-1.16989 0.623831 0)
(-1.11898 0.608725 0)
(-1.07004 0.593347 0)
(-1.02304 0.577782 0)
(-0.977908 0.562111 0)
(-0.934602 0.546406 0)
(-0.893054 0.530734 0)
(-0.853201 0.515153 0)
(-0.814976 0.499717 0)
(-0.778315 0.484471 0)
(-0.743151 0.469457 0)
(-0.709418 0.454711 0)
(-0.677052 0.440262 0)
(-0.645988 0.426138 0)
(-0.616163 0.412359 0)
(-0.587514 0.398945 0)
(-0.559983 0.385911 0)
(-0.533512 0.373269 0)
(-0.508044 0.36103 0)
(-0.483525 0.3492 0)
(-0.459902 0.337785 0)
(-0.437123 0.32679 0)
(-0.415139 0.316216 0)
(-0.393903 0.306065 0)
(-0.373369 0.296338 0)
(-0.353494 0.287032 0)
(-0.334232 0.278148 0)
(-0.315543 0.269684 0)
(-0.297405 0.261636 0)
(-0.279738 0.253868 0)
(-0.262506 0.246365 0)
(-0.245711 0.239254 0)
(-0.229303 0.232546 0)
(-0.213243 0.226236 0)
(-0.197497 0.220319 0)
(-0.182031 0.214792 0)
(-0.166811 0.209649 0)
(-0.151802 0.204887 0)
(-0.136973 0.200503 0)
(-0.122289 0.196491 0)
(-0.107719 0.192849 0)
(-0.0932307 0.189572 0)
(-0.0787911 0.186659 0)
(-0.064368 0.184104 0)
(-0.0499283 0.181906 0)
(-0.035439 0.18006 0)
(-0.0208665 0.178564 0)
(-0.00617683 0.177415 0)
(0.00866427 0.17661 0)
(0.0236916 0.176145 0)
(0.0389407 0.176017 0)
(0.0544477 0.176222 0)
(0.07025 0.176757 0)
(0.0863857 0.177617 0)
(0.102894 0.178795 0)
(0.119816 0.180288 0)
(0.137191 0.182087 0)
(0.155063 0.184184 0)
(0.173473 0.186572 0)
(0.192466 0.189238 0)
(0.212088 0.192172 0)
(0.232385 0.195359 0)
(0.253404 0.198783 0)
(0.275194 0.202426 0)
(0.297802 0.206267 0)
(0.321278 0.210283 0)
(0.34567 0.214447 0)
(0.371027 0.218729 0)
(0.397398 0.223097 0)
(0.424829 0.227515 0)
(0.453364 0.231942 0)
(0.483048 0.236337 0)
(0.51392 0.240653 0)
(0.546018 0.244841 0)
(0.579375 0.248851 0)
(0.614018 0.252629 0)
(0.649974 0.256123 0)
(0.687258 0.259277 0)
(0.725871 0.262042 0)
(0.76575 0.264366 0)
(0.806514 0.266209 0)
(0.84608 0.26757 0)
(0.873974 0.268644 0)
(0.846221 0.270702 0)
(0.660253 0.280274 0)
(0.153132 0.347491 0)
(-0.500279 0.633136 0)
(-1.47588 0.645686 0)
(-1.81966 0.641996 0)
(-1.85344 0.63839 0)
(-1.80372 0.634263 0)
(-1.73877 0.629147 0)
(-1.6726 0.622996 0)
(-1.60773 0.615856 0)
(-1.5446 0.607799 0)
(-1.4833 0.598898 0)
(-1.42386 0.589235 0)
(-1.36629 0.578891 0)
(-1.31059 0.567949 0)
(-1.25674 0.556491 0)
(-1.20474 0.544597 0)
(-1.15455 0.532345 0)
(-1.10615 0.519806 0)
(-1.0595 0.507053 0)
(-1.01456 0.494149 0)
(-0.971283 0.481157 0)
(-0.929627 0.468132 0)
(-0.889539 0.455125 0)
(-0.850966 0.442183 0)
(-0.813854 0.429349 0)
(-0.778151 0.416659 0)
(-0.743801 0.404148 0)
(-0.710749 0.391845 0)
(-0.678941 0.379776 0)
(-0.648321 0.367964 0)
(-0.618835 0.356428 0)
(-0.590432 0.345186 0)
(-0.563059 0.334251 0)
(-0.536666 0.323635 0)
(-0.511203 0.313348 0)
(-0.486621 0.303398 0)
(-0.462874 0.293791 0)
(-0.439915 0.284533 0)
(-0.417699 0.275626 0)
(-0.396184 0.267074 0)
(-0.375327 0.258878 0)
(-0.355085 0.251038 0)
(-0.335419 0.243556 0)
(-0.316311 0.23643 0)
(-0.297675 0.229524 0)
(-0.27948 0.222832 0)
(-0.261736 0.216485 0)
(-0.244386 0.210486 0)
(-0.227394 0.204834 0)
(-0.210726 0.199524 0)
(-0.194347 0.194554 0)
(-0.178222 0.189921 0)
(-0.162317 0.18562 0)
(-0.1466 0.18165 0)
(-0.131038 0.178006 0)
(-0.115597 0.174686 0)
(-0.100245 0.171687 0)
(-0.0849504 0.169004 0)
(-0.0696792 0.166636 0)
(-0.0543989 0.164578 0)
(-0.0390762 0.162828 0)
(-0.0236774 0.161383 0)
(-0.00816876 0.160238 0)
(0.00748392 0.159391 0)
(0.0233151 0.158837 0)
(0.0393597 0.158573 0)
(0.0556532 0.158594 0)
(0.0722318 0.158896 0)
(0.0891325 0.159472 0)
(0.106393 0.160318 0)
(0.124052 0.161426 0)
(0.142148 0.16279 0)
(0.160721 0.164399 0)
(0.179811 0.166246 0)
(0.19946 0.168318 0)
(0.219708 0.170604 0)
(0.2406 0.173091 0)
(0.262176 0.175762 0)
(0.284481 0.178601 0)
(0.307558 0.181588 0)
(0.33145 0.184702 0)
(0.3562 0.18792 0)
(0.381851 0.191217 0)
(0.408446 0.194564 0)
(0.436024 0.197932 0)
(0.464625 0.201288 0)
(0.494285 0.204598 0)
(0.525042 0.207826 0)
(0.556928 0.210934 0)
(0.589974 0.213885 0)
(0.624205 0.216638 0)
(0.659648 0.219155 0)
(0.696321 0.221395 0)
(0.734229 0.223324 0)
(0.773316 0.224905 0)
(0.813205 0.226112 0)
(0.85182 0.22695 0)
(0.878687 0.227598 0)
(0.84982 0.229161 0)
(0.662707 0.237296 0)
(0.154022 0.295306 0)
(-0.501637 0.53908 0)
(-1.48023 0.549661 0)
(-1.82686 0.546674 0)
(-1.86324 0.543883 0)
(-1.81595 0.540728 0)
(-1.75329 0.536795 0)
(-1.68928 0.532034 0)
(-1.62642 0.526476 0)
(-1.56516 0.520169 0)
(-1.50557 0.513169 0)
(-1.44768 0.505534 0)
(-1.39149 0.497324 0)
(-1.33699 0.4886 0)
(-1.28418 0.479424 0)
(-1.23305 0.469857 0)
(-1.18358 0.459959 0)
(-1.13573 0.449787 0)
(-1.0895 0.439397 0)
(-1.04483 0.428842 0)
(-1.00171 0.418171 0)
(-0.96008 0.407432 0)
(-0.919912 0.396666 0)
(-0.881159 0.385915 0)
(-0.843777 0.375215 0)
(-0.807722 0.3646 0)
(-0.772948 0.354098 0)
(-0.739408 0.343739 0)
(-0.707053 0.333545 0)
(-0.675837 0.32354 0)
(-0.645711 0.31374 0)
(-0.616629 0.304165 0)
(-0.588547 0.294827 0)
(-0.561417 0.28574 0)
(-0.535194 0.276913 0)
(-0.509835 0.268357 0)
(-0.485294 0.260079 0)
(-0.46153 0.252085 0)
(-0.4385 0.24438 0)
(-0.416164 0.236968 0)
(-0.394481 0.229852 0)
(-0.373411 0.223034 0)
(-0.352916 0.216517 0)
(-0.332981 0.210299 0)
(-0.313516 0.204249 0)
(-0.294494 0.19837 0)
(-0.275933 0.19279 0)
(-0.257771 0.187509 0)
(-0.239974 0.182523 0)
(-0.222506 0.177832 0)
(-0.205334 0.173433 0)
(-0.188423 0.169323 0)
(-0.171739 0.165501 0)
(-0.15525 0.161963 0)
(-0.138922 0.158708 0)
(-0.122723 0.155731 0)
(-0.106621 0.153031 0)
(-0.0905821 0.150605 0)
(-0.0745745 0.148449 0)
(-0.0585649 0.14656 0)
(-0.0425201 0.144936 0)
(-0.0264068 0.143573 0)
(-0.0101913 0.142468 0)
(0.00615994 0.141617 0)
(0.0226808 0.141015 0)
(0.0394052 0.14066 0)
(0.0563681 0.140546 0)
(0.0736045 0.140668 0)
(0.0911505 0.14102 0)
(0.109043 0.141597 0)
(0.127317 0.142392 0)
(0.146012 0.143396 0)
(0.165163 0.144603 0)
(0.18481 0.146001 0)
(0.204989 0.147582 0)
(0.225741 0.149332 0)
(0.247105 0.151241 0)
(0.26912 0.153293 0)
(0.291825 0.155474 0)
(0.315261 0.157766 0)
(0.339465 0.160151 0)
(0.364477 0.162609 0)
(0.390337 0.165118 0)
(0.417081 0.167656 0)
(0.444747 0.170198 0)
(0.47337 0.172718 0)
(0.502985 0.175189 0)
(0.533624 0.177583 0)
(0.56532 0.179871 0)
(0.5981 0.182024 0)
(0.631992 0.184013 0)
(0.667021 0.185808 0)
(0.70321 0.187381 0)
(0.740566 0.188704 0)
(0.779039 0.189754 0)
(0.81826 0.190512 0)
(0.856155 0.190986 0)
(0.882248 0.191335 0)
(0.852544 0.192509 0)
(0.664583 0.199367 0)
(0.154721 0.248978 0)
(-0.502712 0.453025 0)
(-1.48364 0.461836 0)
(-1.83251 0.459439 0)
(-1.87096 0.457291 0)
(-1.82558 0.45489 0)
(-1.76474 0.451877 0)
(-1.70246 0.448203 0)
(-1.64124 0.44389 0)
(-1.5815 0.438971 0)
(-1.52332 0.433487 0)
(-1.46671 0.427481 0)
(-1.41167 0.420996 0)
(-1.35821 0.41408 0)
(-1.30631 0.406779 0)
(-1.25595 0.399138 0)
(-1.20713 0.391203 0)
(-1.15983 0.383021 0)
(-1.11401 0.374633 0)
(-1.06965 0.366083 0)
(-1.02673 0.35741 0)
(-0.985208 0.348652 0)
(-0.945054 0.339845 0)
(-0.906231 0.331022 0)
(-0.868702 0.322213 0)
(-0.832428 0.313449 0)
(-0.797369 0.304754 0)
(-0.763485 0.296153 0)
(-0.730735 0.287667 0)
(-0.699075 0.279316 0)
(-0.668465 0.271118 0)
(-0.638863 0.263088 0)
(-0.610227 0.25524 0)
(-0.582517 0.247586 0)
(-0.55569 0.240136 0)
(-0.529705 0.2329 0)
(-0.504523 0.225886 0)
(-0.480102 0.219101 0)
(-0.456404 0.212549 0)
(-0.43339 0.206237 0)
(-0.411022 0.200167 0)
(-0.389262 0.194343 0)
(-0.368074 0.188767 0)
(-0.347442 0.183433 0)
(-0.327277 0.178228 0)
(-0.307558 0.173163 0)
(-0.288304 0.168349 0)
(-0.269453 0.163785 0)
(-0.250969 0.159471 0)
(-0.23282 0.155405 0)
(-0.21497 0.151585 0)
(-0.197387 0.148011 0)
(-0.180036 0.144679 0)
(-0.162885 0.141589 0)
(-0.145902 0.138738 0)
(-0.129053 0.136124 0)
(-0.112307 0.133744 0)
(-0.0956308 0.131595 0)
(-0.0789926 0.129676 0)
(-0.0623594 0.127984 0)
(-0.0456982 0.126514 0)
(-0.0289759 0.125265 0)
(-0.0121594 0.124233 0)
(0.00478462 0.123414 0)
(0.0218892 0.122805 0)
(0.0391878 0.122402 0)
(0.0567141 0.1222 0)
(0.0745024 0.122193 0)
(0.0925873 0.122377 0)
(0.111004 0.122746 0)
(0.129788 0.123293 0)
(0.148974 0.124011 0)
(0.168599 0.124893 0)
(0.188698 0.125929 0)
(0.209307 0.127111 0)
(0.230463 0.128427 0)
(0.252203 0.129867 0)
(0.274564 0.131419 0)
(0.297581 0.133069 0)
(0.321292 0.134802 0)
(0.345733 0.136603 0)
(0.370941 0.138455 0)
(0.396952 0.140341 0)
(0.4238 0.142242 0)
(0.45152 0.144139 0)
(0.480144 0.14601 0)
(0.509707 0.147835 0)
(0.540239 0.149591 0)
(0.571773 0.151257 0)
(0.604334 0.15281 0)
(0.637953 0.154227 0)
(0.672655 0.155488 0)
(0.708465 0.15657 0)
(0.745394 0.157455 0)
(0.783395 0.158124 0)
(0.822102 0.158565 0)
(0.859448 0.158786 0)
(0.884954 0.158923 0)
(0.854619 0.159784 0)
(0.666028 0.165485 0)
(0.155276 0.20734 0)
(-0.503561 0.373388 0)
(-1.48632 0.380594 0)
(-1.83694 0.378705 0)
(-1.87701 0.377078 0)
(-1.83315 0.375276 0)
(-1.77375 0.372995 0)
(-1.71285 0.370191 0)
(-1.65293 0.366878 0)
(-1.59442 0.363082 0)
(-1.53737 0.358831 0)
(-1.48182 0.354157 0)
(-1.42774 0.349094 0)
(-1.37514 0.343675 0)
(-1.324 0.337936 0)
(-1.27432 0.331911 0)
(-1.22607 0.325636 0)
(-1.17925 0.319146 0)
(-1.13382 0.312473 0)
(-1.08976 0.305652 0)
(-1.04706 0.298712 0)
(-1.00568 0.291686 0)
(-0.965591 0.284601 0)
(-0.926763 0.277485 0)
(-0.889164 0.270362 0)
(-0.852759 0.263258 0)
(-0.817515 0.256192 0)
(-0.783394 0.249187 0)
(-0.750361 0.24226 0)
(-0.718376 0.235429 0)
(-0.687403 0.228709 0)
(-0.657405 0.222113 0)
(-0.628344 0.215653 0)
(-0.600181 0.209342 0)
(-0.572879 0.203189 0)
(-0.5464 0.197202 0)
(-0.520704 0.191389 0)
(-0.495756 0.185756 0)
(-0.471518 0.18031 0)
(-0.447954 0.175055 0)
(-0.425026 0.169995 0)
(-0.4027 0.165133 0)
(-0.380942 0.160472 0)
(-0.359736 0.156003 0)
(-0.338992 0.151631 0)
(-0.318695 0.147371 0)
(-0.298864 0.143316 0)
(-0.279437 0.139468 0)
(-0.26038 0.135825 0)
(-0.241659 0.132386 0)
(-0.223241 0.129152 0)
(-0.205093 0.12612 0)
(-0.187182 0.12329 0)
(-0.169476 0.120659 0)
(-0.151941 0.118226 0)
(-0.134546 0.115989 0)
(-0.117259 0.113947 0)
(-0.100047 0.112096 0)
(-0.0828798 0.110436 0)
(-0.0657231 0.108962 0)
(-0.0485449 0.107673 0)
(-0.0313124 0.106567 0)
(-0.013993 0.105639 0)
(0.00344589 0.104886 0)
(0.0210367 0.104306 0)
(0.0388121 0.103895 0)
(0.056805 0.103647 0)
(0.0750489 0.103559 0)
(0.0935776 0.103626 0)
(0.112425 0.103842 0)
(0.131626 0.104202 0)
(0.151214 0.104698 0)
(0.171222 0.105326 0)
(0.191686 0.106075 0)
(0.21264 0.10694 0)
(0.234118 0.10791 0)
(0.256156 0.108976 0)
(0.278789 0.110127 0)
(0.302051 0.111353 0)
(0.325977 0.112641 0)
(0.3506 0.113979 0)
(0.375956 0.115353 0)
(0.402078 0.116749 0)
(0.429001 0.118151 0)
(0.456756 0.119545 0)
(0.485374 0.120914 0)
(0.514889 0.122241 0)
(0.545332 0.12351 0)
(0.576733 0.124704 0)
(0.60912 0.125805 0)
(0.642522 0.126797 0)
(0.676968 0.127663 0)
(0.712485 0.128387 0)
(0.749085 0.128954 0)
(0.786724 0.129351 0)
(0.82504 0.129569 0)
(0.861964 0.129617 0)
(0.887022 0.129607 0)
(0.856206 0.130211 0)
(0.667149 0.134846 0)
(0.155723 0.169457 0)
(-0.50423 0.298853 0)
(-1.4884 0.30459 0)
(-1.84039 0.30315 0)
(-1.88172 0.301957 0)
(-1.83905 0.300641 0)
(-1.78078 0.298955 0)
(-1.72095 0.296862 0)
(-1.66206 0.294371 0)
(-1.60451 0.291501 0)
(-1.54838 0.288274 0)
(-1.49366 0.284713 0)
(-1.44036 0.280841 0)
(-1.38845 0.276686 0)
(-1.33795 0.272273 0)
(-1.28882 0.267628 0)
(-1.24105 0.262778 0)
(-1.19464 0.257748 0)
(-1.14955 0.252566 0)
(-1.10577 0.247255 0)
(-1.06327 0.24184 0)
(-1.02204 0.236344 0)
(-0.982035 0.23079 0)
(-0.943236 0.2252 0)
(-0.905613 0.219594 0)
(-0.869136 0.21399 0)
(-0.833772 0.208406 0)
(-0.799491 0.202859 0)
(-0.766257 0.197364 0)
(-0.734037 0.191935 0)
(-0.702797 0.186585 0)
(-0.672502 0.181325 0)
(-0.643118 0.176165 0)
(-0.614609 0.171117 0)
(-0.58694 0.166187 0)
(-0.560075 0.161383 0)
(-0.533979 0.156713 0)
(-0.508615 0.152182 0)
(-0.483949 0.147796 0)
(-0.459947 0.143558 0)
(-0.436573 0.139472 0)
(-0.413794 0.135542 0)
(-0.391578 0.13177 0)
(-0.369907 0.128145 0)
(-0.348695 0.124592 0)
(-0.32793 0.121127 0)
(-0.30763 0.117824 0)
(-0.287735 0.114687 0)
(-0.26821 0.111713 0)
(-0.249023 0.108903 0)
(-0.230141 0.106256 0)
(-0.211531 0.103771 0)
(-0.193161 0.101448 0)
(-0.174999 0.0992857 0)
(-0.157012 0.0972819 0)
(-0.13917 0.0954357 0)
(-0.121439 0.0937455 0)
(-0.103788 0.0922095 0)
(-0.0861862 0.0908259 0)
(-0.0686007 0.0895925 0)
(-0.0509993 0.0885073 0)
(-0.0333498 0.0875677 0)
(-0.0156198 0.0867712 0)
(0.00222277 0.086115 0)
(0.0202097 0.085596 0)
(0.038373 0.0852109 0)
(0.0567449 0.0849561 0)
(0.0753579 0.0848276 0)
(0.0942452 0.0848213 0)
(0.11344 0.0849326 0)
(0.132975 0.0851565 0)
(0.152884 0.0854876 0)
(0.173199 0.0859202 0)
(0.193953 0.0864479 0)
(0.21518 0.0870639 0)
(0.236914 0.0877609 0)
(0.259188 0.088531 0)
(0.282035 0.0893658 0)
(0.305488 0.0902562 0)
(0.32958 0.0911926 0)
(0.354344 0.0921648 0)
(0.379813 0.0931621 0)
(0.40602 0.0941732 0)
(0.432999 0.0951865 0)
(0.460779 0.0961898 0)
(0.489391 0.0971706 0)
(0.518868 0.0981161 0)
(0.549241 0.0990134 0)
(0.58054 0.0998496 0)
(0.612793 0.100612 0)
(0.64603 0.101287 0)
(0.680279 0.101863 0)
(0.71557 0.102326 0)
(0.751917 0.102667 0)
(0.789279 0.102873 0)
(0.827295 0.102938 0)
(0.8639 0.10287 0)
(0.888614 0.10276 0)
(0.857428 0.10315 0)
(0.668024 0.106792 0)
(0.156087 0.134563 0)
(-0.50475 0.228306 0)
(-1.49 0.232683 0)
(-1.84303 0.23165 0)
(-1.88532 0.230825 0)
(-1.84355 0.229911 0)
(-1.78614 0.228718 0)
(-1.72714 0.227218 0)
(-1.66904 0.225417 0)
(-1.61224 0.223329 0)
(-1.5568 0.22097 0)
(-1.50273 0.218357 0)
(-1.45003 0.215508 0)
(-1.39867 0.212442 0)
(-1.34865 0.209178 0)
(-1.29996 0.205734 0)
(-1.25258 0.202131 0)
(-1.2065 0.198387 0)
(-1.16169 0.194522 0)
(-1.11814 0.190553 0)
(-1.07582 0.186499 0)
(-1.03472 0.182378 0)
(-0.994797 0.178206 0)
(-0.95604 0.173999 0)
(-0.918417 0.169773 0)
(-0.881901 0.165543 0)
(-0.846463 0.16132 0)
(-0.812073 0.15712 0)
(-0.7787 0.152952 0)
(-0.746313 0.148829 0)
(-0.714879 0.14476 0)
(-0.684366 0.140754 0)
(-0.654743 0.13682 0)
(-0.625975 0.132966 0)
(-0.59803 0.129198 0)
(-0.570872 0.125522 0)
(-0.54447 0.121944 0)
(-0.518788 0.11847 0)
(-0.493794 0.115102 0)
(-0.469455 0.111845 0)
(-0.445736 0.108702 0)
(-0.422605 0.105676 0)
(-0.400033 0.102769 0)
(-0.378001 0.099971 0)
(-0.356423 0.0972235 0)
(-0.335292 0.0945412 0)
(-0.314625 0.0919834 0)
(-0.294361 0.0895506 0)
(-0.274468 0.0872429 0)
(-0.254913 0.0850601 0)
(-0.235665 0.0830019 0)
(-0.216691 0.0810679 0)
(-0.197959 0.0792574 0)
(-0.179437 0.0775695 0)
(-0.161093 0.0760033 0)
(-0.142896 0.0745577 0)
(-0.124814 0.0732316 0)
(-0.106816 0.0720237 0)
(-0.0888711 0.0709324 0)
(-0.0709464 0.0699561 0)
(-0.0530104 0.069093 0)
(-0.0350312 0.0683413 0)
(-0.0169768 0.0676987 0)
(0.00118411 0.0671631 0)
(0.0194831 0.066732 0)
(0.0379514 0.0664026 0)
(0.0566208 0.066172 0)
(0.0755235 0.0660372 0)
(0.0946918 0.0659946 0)
(0.114158 0.0660408 0)
(0.133956 0.0661718 0)
(0.154116 0.0663832 0)
(0.17467 0.0666705 0)
(0.195651 0.0670287 0)
(0.217092 0.0674525 0)
(0.239023 0.067936 0)
(0.26148 0.0684732 0)
(0.284493 0.0690574 0)
(0.308094 0.0696818 0)
(0.332315 0.0703391 0)
(0.357189 0.0710214 0)
(0.382747 0.0717207 0)
(0.409022 0.0724285 0)
(0.436045 0.0731362 0)
(0.463846 0.0738346 0)
(0.492456 0.0745144 0)
(0.521907 0.0751661 0)
(0.552229 0.0757799 0)
(0.583453 0.076346 0)
(0.615607 0.0768546 0)
(0.648721 0.077296 0)
(0.682825 0.0776605 0)
(0.717947 0.0779389 0)
(0.754104 0.078122 0)
(0.791256 0.0782013 0)
(0.829043 0.0781706 0)
(0.865402 0.0780347 0)
(0.889852 0.0778627 0)
(0.85838 0.0780707 0)
(0.668715 0.0807785 0)
(0.156389 0.102022 0)
(-0.505146 0.160785 0)
(-1.49118 0.163884 0)
(-1.84498 0.163221 0)
(-1.88798 0.16271 0)
(-1.84688 0.162134 0)
(-1.79011 0.161356 0)
(-1.73171 0.160359 0)
(-1.67418 0.159149 0)
(-1.61792 0.157736 0)
(-1.56299 0.156132 0)
(-1.5094 0.154348 0)
(-1.45713 0.152398 0)
(-1.40617 0.150294 0)
(-1.35651 0.14805 0)
(-1.30814 0.145678 0)
(-1.26105 0.143193 0)
(-1.21521 0.140605 0)
(-1.17061 0.13793 0)
(-1.12723 0.13518 0)
(-1.08505 0.132366 0)
(-1.04405 0.129502 0)
(-1.0042 0.126599 0)
(-0.965477 0.123668 0)
(-0.927862 0.120721 0)
(-0.891325 0.117766 0)
(-0.85584 0.114813 0)
(-0.821378 0.111873 0)
(-0.78791 0.108952 0)
(-0.755406 0.10606 0)
(-0.723836 0.103202 0)
(-0.693168 0.100386 0)
(-0.663374 0.0976186 0)
(-0.63442 0.0949043 0)
(-0.606276 0.0922484 0)
(-0.578908 0.0896555 0)
(-0.552284 0.0871295 0)
(-0.526371 0.0846741 0)
(-0.501138 0.0822924 0)
(-0.476552 0.0799874 0)
(-0.452581 0.0777615 0)
(-0.429191 0.0756168 0)
(-0.406357 0.0735553 0)
(-0.384057 0.0715681 0)
(-0.362209 0.0696145 0)
(-0.340806 0.0677063 0)
(-0.319866 0.0658854 0)
(-0.299329 0.0641523 0)
(-0.279162 0.0625072 0)
(-0.259335 0.06095 0)
(-0.239814 0.0594805 0)
(-0.220569 0.0580985 0)
(-0.201567 0.0568035 0)
(-0.182777 0.055595 0)
(-0.164166 0.0544724 0)
(-0.145704 0.0534349 0)
(-0.12736 0.0524819 0)
(-0.109103 0.0516123 0)
(-0.0909006 0.050825 0)
(-0.0727224 0.0501189 0)
(-0.0545363 0.0494927 0)
(-0.0363108 0.0489448 0)
(-0.0180143 0.0484739 0)
(0.000384516 0.0480781 0)
(0.0189167 0.0477557 0)
(0.0376133 0.0475048 0)
(0.0565055 0.0473232 0)
(0.075625 0.0472087 0)
(0.0950037 0.0471587 0)
(0.114674 0.0471707 0)
(0.134667 0.0472417 0)
(0.155015 0.0473688 0)
(0.175748 0.0475485 0)
(0.196899 0.0477774 0)
(0.218499 0.0480514 0)
(0.24058 0.0483666 0)
(0.263174 0.0487186 0)
(0.286312 0.0491026 0)
(0.310026 0.0495139 0)
(0.334346 0.0499471 0)
(0.359303 0.0503968 0)
(0.384931 0.0508572 0)
(0.411261 0.0513224 0)
(0.438322 0.0517863 0)
(0.466146 0.0522426 0)
(0.494762 0.0526849 0)
(0.524201 0.0531066 0)
(0.554494 0.0535009 0)
(0.58567 0.0538609 0)
(0.617759 0.0541795 0)
(0.650789 0.0544495 0)
(0.684791 0.0546638 0)
(0.719795 0.0548152 0)
(0.755816 0.0548964 0)
(0.792814 0.0549008 0)
(0.830431 0.0548224 0)
(0.866601 0.0546626 0)
(0.890844 0.0544671 0)
(0.859145 0.054528 0)
(0.669278 0.0563511 0)
(0.156648 0.0713029 0)
(-0.505442 0.0954518 0)
(-1.49203 0.0973278 0)
(-1.84637 0.0969946 0)
(-1.88987 0.0967433 0)
(-1.84921 0.096443 0)
(-1.79286 0.0960159 0)
(-1.73487 0.0954536 0)
(-1.67771 0.0947613 0)
(-1.6218 0.0939465 0)
(-1.5672 0.093017 0)
(-1.51391 0.0919802 0)
(-1.46192 0.0908437 0)
(-1.41122 0.0896154 0)
(-1.36179 0.0883029 0)
(-1.31363 0.086914 0)
(-1.26672 0.0854565 0)
(-1.22104 0.0839381 0)
(-1.17657 0.0823664 0)
(-1.1333 0.0807488 0)
(-1.09121 0.0790928 0)
(-1.05027 0.0774053 0)
(-1.01046 0.0756934 0)
(-0.971769 0.0739635 0)
(-0.934158 0.0722221 0)
(-0.897607 0.0704752 0)
(-0.862091 0.0687285 0)
(-0.827581 0.0669876 0)
(-0.79405 0.0652572 0)
(-0.761469 0.0635423 0)
(-0.729809 0.0618471 0)
(-0.69904 0.0601756 0)
(-0.669133 0.0585315 0)
(-0.640057 0.0569182 0)
(-0.611781 0.0553387 0)
(-0.584273 0.0537957 0)
(-0.557502 0.0522917 0)
(-0.531437 0.0508289 0)
(-0.506044 0.0494093 0)
(-0.481294 0.0480347 0)
(-0.457155 0.0467068 0)
(-0.433593 0.0454267 0)
(-0.410584 0.0441959 0)
(-0.388106 0.0430083 0)
(-0.366077 0.0418398 0)
(-0.344493 0.040698 0)
(-0.323372 0.0396081 0)
(-0.302652 0.0385702 0)
(-0.282303 0.0375845 0)
(-0.262292 0.036651 0)
(-0.24259 0.0357696 0)
(-0.223162 0.0349403 0)
(-0.203979 0.0341627 0)
(-0.185008 0.0334367 0)
(-0.166219 0.0327618 0)
(-0.147579 0.0321376 0)
(-0.129058 0.0315637 0)
(-0.110626 0.0310395 0)
(-0.0922504 0.0305644 0)
(-0.073901 0.0301376 0)
(-0.055546 0.0297583 0)
(-0.037154 0.0294256 0)
(-0.0186934 0.0291385 0)
(-0.00013333 0.0288961 0)
(0.0185571 0.0286973 0)
(0.0374086 0.0285408 0)
(0.0564522 0.0284254 0)
(0.0757194 0.0283498 0)
(0.0952418 0.0283124 0)
(0.115051 0.0283117 0)
(0.135179 0.0283459 0)
(0.155657 0.0284132 0)
(0.176515 0.0285116 0)
(0.197785 0.0286388 0)
(0.219497 0.0287924 0)
(0.241683 0.0289701 0)
(0.264375 0.0291691 0)
(0.287604 0.0293868 0)
(0.311401 0.0296202 0)
(0.335794 0.0298664 0)
(0.360817 0.0301221 0)
(0.3865 0.030384 0)
(0.412874 0.0306484 0)
(0.439971 0.0309117 0)
(0.46782 0.03117 0)
(0.49645 0.0314195 0)
(0.525892 0.031656 0)
(0.556178 0.0318756 0)
(0.587335 0.0320739 0)
(0.619393 0.0322469 0)
(0.652379 0.0323902 0)
(0.686324 0.0324992 0)
(0.721257 0.0325692 0)
(0.757193 0.0325947 0)
(0.794092 0.0325704 0)
(0.831592 0.0324909 0)
(0.867625 0.0323544 0)
(0.891706 0.0321843 0)
(0.859818 0.0321492 0)
(0.669777 0.0331468 0)
(0.156887 0.0419838 0)
(-0.505677 0.0316199 0)
(-1.49266 0.0322562 0)
(-1.84735 0.0321656 0)
(-1.89113 0.0320977 0)
(-1.85071 0.0320088 0)
(-1.79458 0.0318752 0)
(-1.73677 0.031695 0)
(-1.6798 0.0314707 0)
(-1.62405 0.031205 0)
(-1.5696 0.0309008 0)
(-1.51645 0.0305608 0)
(-1.46458 0.0301875 0)
(-1.414 0.0297836 0)
(-1.36467 0.0293517 0)
(-1.3166 0.0288944 0)
(-1.26977 0.0284141 0)
(-1.22415 0.0279136 0)
(-1.17974 0.0273952 0)
(-1.13652 0.0268615 0)
(-1.09446 0.0263147 0)
(-1.05354 0.0257573 0)
(-1.01375 0.0251914 0)
(-0.975059 0.0246191 0)
(-0.937442 0.0240428 0)
(-0.900877 0.0234643 0)
(-0.865337 0.0228858 0)
(-0.830797 0.022309 0)
(-0.797228 0.0217357 0)
(-0.764603 0.0211673 0)
(-0.732891 0.0206053 0)
(-0.702066 0.0200511 0)
(-0.672097 0.0195058 0)
(-0.642955 0.0189705 0)
(-0.614609 0.0184463 0)
(-0.587027 0.017934 0)
(-0.560179 0.0174344 0)
(-0.534033 0.0169483 0)
(-0.508557 0.0164764 0)
(-0.483721 0.0160194 0)
(-0.459493 0.0155779 -4.67098e-30)
(-0.435842 0.0151522 0)
(-0.412741 0.0147429 0)
(-0.390171 0.0143478 -4.67602e-30)
(-0.368048 0.013959 0)
(-0.34637 0.013579 0)
(-0.325153 0.0132162 4.6723e-30)
(-0.304339 0.0128705 0)
(-0.283894 0.0125422 0)
(-0.263789 0.0122312 0)
(-0.243991 0.0119374 0)
(-0.224469 0.0116609 0)
(-0.205192 0.0114016 0)
(-0.186127 0.0111594 0)
(-0.167243 0.0109342 0)
(-0.14851 0.0107259 0)
(-0.129896 0.0105344 0)
(-0.111371 0.0103594 0)
(-0.0929042 0.0102007 0)
(-0.074464 0.010058 0)
(-0.0560193 0.00993099 0)
(-0.0375384 0.00981939 -2.32187e-30)
(-0.0189901 0.00972285 0)
(-0.000343263 0.00964105 -2.31964e-30)
(0.0184329 0.00957368 0)
(0.0373691 0.00952038 0)
(0.0564962 0.00948077 -2.31609e-30)
(0.0758455 0.00945442 4.62968e-30)
(0.0954484 0.00944083 0)
(0.115337 0.00943946 -2.31226e-30)
(0.135542 0.00944971 4.62183e-30)
(0.156094 0.00947094 0)
(0.177025 0.00950244 0)
(0.198364 0.00954341 0)
(0.220143 0.00959304 -2.30519e-30)
(0.242393 0.00965042 0)
(0.265147 0.00971469 0)
(0.288435 0.00978493 -2.30049e-30)
(0.312286 0.00986026 0)
(0.336733 0.00993973 2.29714e-30)
(0.361804 0.0100223 0)
(0.387532 0.010107 0)
(0.413947 0.0101926 0)
(0.441081 0.0102779 4.57986e-30)
(0.468961 0.0103618 0)
(0.497617 0.0104428 -4.57209e-30)
(0.52708 0.0105196 0)
(0.55738 0.0105905 0)
(0.588548 0.010654 4.55974e-30)
(0.62061 0.0107086 0)
(0.653595 0.0107529 0)
(0.687533 0.0107855 0)
(0.72245 0.0108048 0)
(0.758361 0.0108089 0)
(0.795221 0.0107953 2.2662e-30)
(0.832669 0.0107611 0)
(0.868629 0.0107048 0)
(0.892606 0.0106328 4.51705e-30)
(0.860564 0.0105996 0)
(0.670341 0.0109011 4.48663e-30)
(0.157155 0.0138118 0)
(-0.505677 -0.0316153 0)
(-1.49266 -0.0322511 0)
(-1.84735 -0.0321609 0)
(-1.89113 -0.0320931 0)
(-1.85072 -0.0320049 0)
(-1.79458 -0.0318717 0)
(-1.73677 -0.0316917 0)
(-1.6798 -0.0314674 0)
(-1.62405 -0.0312018 0)
(-1.5696 -0.0308977 0)
(-1.51645 -0.0305578 0)
(-1.46458 -0.0301846 0)
(-1.41399 -0.0297806 0)
(-1.36467 -0.0293484 0)
(-1.3166 -0.0288906 0)
(-1.26976 -0.0284099 0)
(-1.22415 -0.0279089 0)
(-1.17974 -0.0273901 0)
(-1.13651 -0.0268561 0)
(-1.09446 -0.0263091 0)
(-1.05354 -0.0257517 0)
(-1.01375 -0.0251861 0)
(-0.975059 -0.0246145 0)
(-0.937443 -0.0240389 0)
(-0.900878 -0.0234613 0)
(-0.865338 -0.0228835 0)
(-0.830798 -0.0223072 0)
(-0.797229 -0.0217341 0)
(-0.764603 -0.0211659 0)
(-0.732892 -0.020604 0)
(-0.702066 -0.0200497 0)
(-0.672097 -0.0195044 0)
(-0.642955 -0.0189693 0)
(-0.614609 -0.0184452 0)
(-0.587028 -0.0179332 0)
(-0.56018 -0.017434 0)
(-0.534033 -0.0169484 0)
(-0.508558 -0.0164771 0)
(-0.483722 -0.0160205 0)
(-0.459494 -0.0155792 4.67098e-30)
(-0.435842 -0.0151536 0)
(-0.412741 -0.0147442 0)
(-0.39017 -0.0143489 4.67602e-30)
(-0.368047 -0.0139598 0)
(-0.34637 -0.0135795 0)
(-0.325153 -0.0132165 -4.6723e-30)
(-0.304339 -0.0128708 0)
(-0.283894 -0.0125425 0)
(-0.263789 -0.0122315 0)
(-0.243992 -0.0119377 0)
(-0.22447 -0.0116613 0)
(-0.205192 -0.011402 0)
(-0.186127 -0.0111597 0)
(-0.167243 -0.0109345 0)
(-0.148509 -0.0107261 0)
(-0.129896 -0.0105343 0)
(-0.111371 -0.010359 0)
(-0.0929039 -0.0102 0)
(-0.0744639 -0.0100571 0)
(-0.0560194 -0.00993001 0)
(-0.0375389 -0.00981851 2.32187e-30)
(-0.0189908 -0.00972226 0)
(-0.000343978 -0.00964089 2.31964e-30)
(0.0184323 -0.009574 0)
(0.0373686 -0.00952113 0)
(0.0564959 -0.00948185 2.31609e-30)
(0.0758453 -0.0094557 -4.62968e-30)
(0.0954485 -0.00944219 0)
(0.115337 -0.00944083 2.31226e-30)
(0.135542 -0.00945104 -4.62183e-30)
(0.156095 -0.00947222 0)
(0.177025 -0.00950368 0)
(0.198365 -0.00954467 0)
(0.220144 -0.00959444 2.30519e-30)
(0.242394 -0.00965211 0)
(0.265147 -0.00971679 0)
(0.288435 -0.0097875 2.30049e-30)
(0.312286 -0.00986322 0)
(0.336732 -0.00994293 -2.29714e-30)
(0.361803 -0.0100256 0)
(0.387531 -0.0101102 0)
(0.413946 -0.0101956 0)
(0.44108 -0.0102806 -4.57986e-30)
(0.468961 -0.0103641 0)
(0.497618 -0.0104445 4.57209e-30)
(0.527082 -0.0105205 0)
(0.557382 -0.0105905 0)
(0.588549 -0.0106534 -4.55974e-30)
(0.62061 -0.0107076 0)
(0.653594 -0.010752 0)
(0.687532 -0.0107848 0)
(0.72245 -0.0108043 0)
(0.758361 -0.0108084 0)
(0.795222 -0.0107946 -2.2662e-30)
(0.832668 -0.0107607 0)
(0.868627 -0.010705 0)
(0.892606 -0.0106337 -4.51705e-30)
(0.860564 -0.0106001 0)
(0.670341 -0.0109017 -4.48663e-30)
(0.157156 -0.0138123 0)
(-0.505442 -0.0954474 0)
(-1.49203 -0.0973231 0)
(-1.84637 -0.0969897 0)
(-1.88987 -0.0967387 0)
(-1.84922 -0.0964383 0)
(-1.79286 -0.0960115 0)
(-1.73487 -0.0954496 0)
(-1.67771 -0.0947578 0)
(-1.6218 -0.0939433 0)
(-1.5672 -0.0930138 0)
(-1.51391 -0.0919769 0)
(-1.46192 -0.0908403 0)
(-1.41122 -0.0896117 0)
(-1.36179 -0.0882989 0)
(-1.31363 -0.0869095 0)
(-1.26672 -0.0854516 0)
(-1.22103 -0.0839328 0)
(-1.17657 -0.0823608 0)
(-1.1333 -0.0807433 0)
(-1.09121 -0.0790873 0)
(-1.05027 -0.0774001 0)
(-1.01047 -0.0756885 0)
(-0.971771 -0.0739591 0)
(-0.934161 -0.0722183 0)
(-0.89761 -0.070472 0)
(-0.862093 -0.0687258 0)
(-0.827582 -0.0669853 0)
(-0.794051 -0.0652553 0)
(-0.76147 -0.0635407 0)
(-0.729809 -0.0618457 0)
(-0.69904 -0.0601745 0)
(-0.669133 -0.0585307 0)
(-0.640057 -0.0569176 0)
(-0.611782 -0.0553383 0)
(-0.584275 -0.0537956 0)
(-0.557504 -0.0522918 0)
(-0.531438 -0.0508293 0)
(-0.506046 -0.0494099 0)
(-0.481296 -0.0480356 0)
(-0.457155 -0.0467077 0)
(-0.433593 -0.0454277 0)
(-0.410583 -0.0441967 0)
(-0.388105 -0.043009 0)
(-0.366076 -0.0418404 0)
(-0.344493 -0.0406985 0)
(-0.323371 -0.0396085 0)
(-0.302652 -0.0385706 0)
(-0.282302 -0.0375849 0)
(-0.262292 -0.0366513 0)
(-0.242589 -0.0357699 0)
(-0.223162 -0.0349405 0)
(-0.203979 -0.0341629 0)
(-0.185008 -0.0334368 0)
(-0.166218 -0.0327618 0)
(-0.147578 -0.0321376 0)
(-0.129057 -0.0315636 0)
(-0.110625 -0.0310392 0)
(-0.0922494 -0.0305639 0)
(-0.0739003 -0.0301369 0)
(-0.0555459 -0.0297575 0)
(-0.0371545 -0.0294248 0)
(-0.0186946 -0.0291378 0)
(-0.000134865 -0.0288955 0)
(0.0185555 -0.0286968 0)
(0.0374073 -0.0285405 0)
(0.0564513 -0.0284252 0)
(0.0757188 -0.0283496 0)
(0.0952415 -0.0283123 0)
(0.115051 -0.0283116 0)
(0.135179 -0.0283458 0)
(0.155657 -0.0284133 0)
(0.176514 -0.0285119 0)
(0.197783 -0.0286394 0)
(0.219495 -0.0287936 0)
(0.241681 -0.028972 0)
(0.264373 -0.0291719 0)
(0.287602 -0.0293903 0)
(0.311399 -0.0296244 0)
(0.335794 -0.0298708 0)
(0.360818 -0.0301263 0)
(0.386501 -0.0303875 0)
(0.412876 -0.030651 0)
(0.439973 -0.0309134 0)
(0.467822 -0.0311709 0)
(0.496453 -0.0314198 0)
(0.525895 -0.0316562 0)
(0.55618 -0.0318757 0)
(0.587337 -0.0320741 0)
(0.619393 -0.032247 0)
(0.652379 -0.0323899 0)
(0.686324 -0.0324985 0)
(0.721257 -0.0325683 0)
(0.757193 -0.0325941 0)
(0.794091 -0.0325704 0)
(0.831591 -0.0324912 0)
(0.867623 -0.0323543 0)
(0.891705 -0.0321838 0)
(0.859818 -0.0321495 0)
(0.669777 -0.0331471 0)
(0.156887 -0.0419841 0)
(-0.505146 -0.160781 0)
(-1.49118 -0.16388 0)
(-1.84498 -0.163218 0)
(-1.88798 -0.162706 0)
(-1.84688 -0.16213 0)
(-1.79011 -0.161352 0)
(-1.73171 -0.160356 0)
(-1.67418 -0.159146 0)
(-1.61792 -0.157733 0)
(-1.56299 -0.156128 0)
(-1.5094 -0.154345 0)
(-1.45713 -0.152394 0)
(-1.40617 -0.150291 0)
(-1.35651 -0.148046 0)
(-1.30814 -0.145674 0)
(-1.26105 -0.143188 0)
(-1.21521 -0.1406 0)
(-1.17061 -0.137925 0)
(-1.12723 -0.135175 0)
(-1.08505 -0.132362 0)
(-1.04405 -0.129498 0)
(-1.0042 -0.126595 0)
(-0.965481 -0.123664 0)
(-0.927866 -0.120717 0)
(-0.891329 -0.117763 0)
(-0.855843 -0.114811 0)
(-0.821381 -0.111871 0)
(-0.787912 -0.108951 0)
(-0.755408 -0.106059 0)
(-0.723837 -0.103201 0)
(-0.69317 -0.100386 0)
(-0.663375 -0.0976186 0)
(-0.634422 -0.0949045 0)
(-0.606277 -0.0922487 0)
(-0.57891 -0.0896557 0)
(-0.552286 -0.0871297 0)
(-0.526373 -0.0846743 0)
(-0.50114 -0.0822926 0)
(-0.476553 -0.0799876 0)
(-0.452581 -0.0777617 0)
(-0.429191 -0.0756171 0)
(-0.406356 -0.0735556 0)
(-0.384056 -0.0715685 0)
(-0.362208 -0.0696149 0)
(-0.340805 -0.0677068 0)
(-0.319866 -0.0658861 0)
(-0.299329 -0.064153 0)
(-0.279162 -0.0625078 0)
(-0.259335 -0.0609505 0)
(-0.239814 -0.0594808 0)
(-0.220569 -0.0580985 0)
(-0.201567 -0.0568033 0)
(-0.182776 -0.0555947 0)
(-0.164166 -0.054472 0)
(-0.145704 -0.0534346 0)
(-0.127359 -0.0524816 0)
(-0.109102 -0.051612 0)
(-0.0908994 -0.0508248 0)
(-0.0727215 -0.0501187 0)
(-0.0545361 -0.0494925 0)
(-0.0363114 -0.0489446 0)
(-0.0180155 -0.0484736 0)
(0.00038301 -0.0480779 0)
(0.0189153 -0.0477555 0)
(0.0376122 -0.0475045 0)
(0.0565049 -0.0473229 0)
(0.0756248 -0.0472083 0)
(0.0950037 -0.0471584 0)
(0.114674 -0.0471705 0)
(0.134667 -0.0472417 0)
(0.155014 -0.047369 0)
(0.175748 -0.0475488 0)
(0.196898 -0.0477777 0)
(0.218497 -0.0480518 0)
(0.240577 -0.0483669 0)
(0.26317 -0.0487189 0)
(0.286309 -0.049103 0)
(0.310023 -0.0495144 0)
(0.334345 -0.049948 0)
(0.359305 -0.0503981 0)
(0.384934 -0.050859 0)
(0.411264 -0.0513246 0)
(0.438326 -0.0517887 0)
(0.46615 -0.0522449 0)
(0.494765 -0.0526868 0)
(0.524203 -0.0531079 0)
(0.554495 -0.0535015 0)
(0.585671 -0.0538609 0)
(0.61776 -0.0541791 0)
(0.65079 -0.054449 0)
(0.684792 -0.0546632 0)
(0.719794 -0.0548145 0)
(0.755814 -0.0548958 0)
(0.792812 -0.0549003 0)
(0.83043 -0.0548218 0)
(0.866601 -0.0546617 0)
(0.890843 -0.0544659 0)
(0.859144 -0.0545273 0)
(0.669278 -0.0563501 0)
(0.156648 -0.0713021 0)
(-0.50475 -0.228304 0)
(-1.49 -0.23268 0)
(-1.84303 -0.231647 0)
(-1.88532 -0.230822 0)
(-1.84355 -0.229909 0)
(-1.78614 -0.228716 0)
(-1.72715 -0.227215 0)
(-1.66904 -0.225414 0)
(-1.61224 -0.223326 0)
(-1.5568 -0.220967 0)
(-1.50273 -0.218354 0)
(-1.45003 -0.215505 0)
(-1.39867 -0.212439 0)
(-1.34865 -0.209174 0)
(-1.29996 -0.205731 0)
(-1.25258 -0.202128 0)
(-1.2065 -0.198384 0)
(-1.16169 -0.194518 0)
(-1.11814 -0.19055 0)
(-1.07582 -0.186496 0)
(-1.03472 -0.182375 0)
(-0.9948 -0.178203 0)
(-0.956044 -0.173997 0)
(-0.918422 -0.169771 0)
(-0.881906 -0.165541 0)
(-0.846468 -0.161319 0)
(-0.812077 -0.157119 0)
(-0.778704 -0.152952 0)
(-0.746315 -0.148829 0)
(-0.714881 -0.14476 0)
(-0.684368 -0.140755 0)
(-0.654744 -0.136821 0)
(-0.625976 -0.132967 0)
(-0.598031 -0.129199 0)
(-0.570874 -0.125523 0)
(-0.544471 -0.121945 0)
(-0.51879 -0.11847 0)
(-0.493796 -0.115102 0)
(-0.469456 -0.111845 0)
(-0.445737 -0.108702 0)
(-0.422605 -0.105676 0)
(-0.400033 -0.102769 0)
(-0.378 -0.0999707 0)
(-0.356423 -0.0972235 0)
(-0.335292 -0.0945415 0)
(-0.314625 -0.091984 0)
(-0.294361 -0.0895513 0)
(-0.274467 -0.0872436 0)
(-0.254912 -0.0850607 0)
(-0.235664 -0.0830024 0)
(-0.21669 -0.0810681 0)
(-0.197958 -0.0792573 0)
(-0.179436 -0.0775693 0)
(-0.161093 -0.0760032 0)
(-0.142896 -0.0745578 0)
(-0.124814 -0.0732319 0)
(-0.106816 -0.0720242 0)
(-0.0888702 -0.070933 0)
(-0.0709457 -0.0699567 0)
(-0.0530102 -0.0690935 0)
(-0.0350316 -0.0683414 0)
(-0.0169779 -0.0676984 0)
(0.00118269 -0.0671623 0)
(0.0194817 -0.0667305 0)
(0.0379503 -0.0664006 0)
(0.05662 -0.0661697 0)
(0.0755228 -0.0660347 0)
(0.094691 -0.0659923 0)
(0.114157 -0.0660388 0)
(0.133955 -0.0661703 0)
(0.154114 -0.0663823 0)
(0.174669 -0.0666703 0)
(0.19565 -0.0670291 0)
(0.21709 -0.0674534 0)
(0.239021 -0.0679372 0)
(0.261477 -0.0684745 0)
(0.28449 -0.0690587 0)
(0.308092 -0.0696829 0)
(0.332313 -0.07034 0)
(0.357187 -0.0710223 0)
(0.382746 -0.0717217 0)
(0.409022 -0.0724298 0)
(0.436047 -0.0731377 0)
(0.46385 -0.0738362 0)
(0.492461 -0.0745159 0)
(0.521912 -0.0751671 0)
(0.552234 -0.0757802 0)
(0.583456 -0.0763455 0)
(0.615609 -0.0768535 0)
(0.648722 -0.0772947 0)
(0.682825 -0.0776593 0)
(0.717947 -0.0779378 0)
(0.754104 -0.0781206 0)
(0.791255 -0.0781994 0)
(0.829043 -0.0781683 0)
(0.865401 -0.0780328 0)
(0.889852 -0.0778611 0)
(0.85838 -0.0780683 0)
(0.668715 -0.080776 0)
(0.156389 -0.10202 0)
(-0.50423 -0.298852 0)
(-1.4884 -0.304589 0)
(-1.84039 -0.303149 0)
(-1.88172 -0.301956 0)
(-1.83905 -0.30064 0)
(-1.78078 -0.298954 0)
(-1.72095 -0.296861 0)
(-1.66206 -0.294369 0)
(-1.60451 -0.291499 0)
(-1.54838 -0.288272 0)
(-1.49366 -0.28471 0)
(-1.44036 -0.280839 0)
(-1.38845 -0.276684 0)
(-1.33794 -0.272271 0)
(-1.28881 -0.267626 0)
(-1.24105 -0.262776 0)
(-1.19464 -0.257747 0)
(-1.14955 -0.252564 0)
(-1.10577 -0.247253 0)
(-1.06327 -0.241838 0)
(-1.02204 -0.236343 0)
(-0.982038 -0.230789 0)
(-0.943241 -0.2252 0)
(-0.905619 -0.219593 0)
(-0.869141 -0.21399 0)
(-0.833778 -0.208406 0)
(-0.799496 -0.20286 0)
(-0.766261 -0.197365 0)
(-0.734041 -0.191936 0)
(-0.702801 -0.186586 0)
(-0.672505 -0.181326 0)
(-0.643121 -0.176167 0)
(-0.614611 -0.171119 0)
(-0.586942 -0.166189 0)
(-0.560076 -0.161385 0)
(-0.533979 -0.156715 0)
(-0.508615 -0.152184 0)
(-0.483949 -0.147796 0)
(-0.459947 -0.143558 0)
(-0.436573 -0.139472 0)
(-0.413794 -0.135541 0)
(-0.391578 -0.131769 0)
(-0.369907 -0.128145 0)
(-0.348696 -0.124592 0)
(-0.327931 -0.121127 0)
(-0.307631 -0.117825 0)
(-0.287735 -0.114687 0)
(-0.268209 -0.111713 0)
(-0.249022 -0.108903 0)
(-0.230139 -0.106256 0)
(-0.21153 -0.103772 0)
(-0.193161 -0.101449 0)
(-0.174999 -0.0992859 0)
(-0.157013 -0.0972823 0)
(-0.13917 -0.0954363 0)
(-0.121439 -0.0937463 0)
(-0.103788 -0.0922106 0)
(-0.0861853 -0.0908271 0)
(-0.0685994 -0.0895938 0)
(-0.0509978 -0.0885084 0)
(-0.0333483 -0.0875685 0)
(-0.0156184 -0.0867715 0)
(0.00222402 -0.0861148 0)
(0.0202109 -0.0855952 0)
(0.038374 -0.0852096 0)
(0.0567455 -0.0849544 0)
(0.0753579 -0.0848256 0)
(0.0942442 -0.084819 0)
(0.113438 -0.0849302 0)
(0.132972 -0.085154 0)
(0.15288 -0.0854851 0)
(0.173195 -0.0859178 0)
(0.193949 -0.0864458 0)
(0.215176 -0.0870623 0)
(0.23691 -0.0877598 0)
(0.259184 -0.0885305 0)
(0.282032 -0.0893659 0)
(0.305487 -0.0902566 0)
(0.32958 -0.0911932 0)
(0.354345 -0.0921652 0)
(0.379815 -0.093162 0)
(0.406023 -0.0941725 0)
(0.433002 -0.0951851 0)
(0.460782 -0.0961881 0)
(0.489396 -0.0971689 0)
(0.518873 -0.098115 0)
(0.549246 -0.099013 0)
(0.580545 -0.0998497 0)
(0.612796 -0.100612 0)
(0.646031 -0.101287 0)
(0.68028 -0.101861 0)
(0.71557 -0.102325 0)
(0.751917 -0.102665 0)
(0.789279 -0.102871 0)
(0.827294 -0.102936 0)
(0.863898 -0.102868 0)
(0.888614 -0.102758 0)
(0.857429 -0.103147 0)
(0.668024 -0.106789 0)
(0.156087 -0.13456 0)
(-0.503561 -0.373388 0)
(-1.48632 -0.380594 0)
(-1.83694 -0.378704 0)
(-1.87701 -0.377078 0)
(-1.83315 -0.375275 0)
(-1.77375 -0.372994 0)
(-1.71285 -0.37019 0)
(-1.65293 -0.366877 0)
(-1.59442 -0.36308 0)
(-1.53737 -0.358829 0)
(-1.48182 -0.354156 0)
(-1.42774 -0.349093 0)
(-1.37514 -0.343674 0)
(-1.324 -0.337935 0)
(-1.27432 -0.331911 0)
(-1.22607 -0.325636 0)
(-1.17924 -0.319146 0)
(-1.13382 -0.312473 0)
(-1.08976 -0.305652 0)
(-1.04706 -0.298713 0)
(-1.00568 -0.291687 0)
(-0.965595 -0.284602 0)
(-0.926769 -0.277486 0)
(-0.88917 -0.270363 0)
(-0.852766 -0.263259 0)
(-0.817521 -0.256194 0)
(-0.7834 -0.249189 0)
(-0.750365 -0.242262 0)
(-0.71838 -0.235431 0)
(-0.687407 -0.22871 0)
(-0.657408 -0.222114 0)
(-0.628346 -0.215655 0)
(-0.600182 -0.209344 0)
(-0.57288 -0.20319 0)
(-0.5464 -0.197203 0)
(-0.520704 -0.19139 0)
(-0.495755 -0.185757 0)
(-0.471517 -0.180311 0)
(-0.447953 -0.175055 0)
(-0.425025 -0.169995 0)
(-0.4027 -0.165132 0)
(-0.380942 -0.160471 0)
(-0.359736 -0.156002 0)
(-0.338993 -0.151631 0)
(-0.318697 -0.147371 0)
(-0.298866 -0.143316 0)
(-0.279438 -0.139468 0)
(-0.26038 -0.135825 0)
(-0.241658 -0.132387 0)
(-0.223239 -0.129152 0)
(-0.205092 -0.12612 0)
(-0.187181 -0.12329 0)
(-0.169475 -0.120659 0)
(-0.151941 -0.118226 0)
(-0.134547 -0.115989 0)
(-0.11726 -0.113947 0)
(-0.100048 -0.112097 0)
(-0.0828793 -0.110436 0)
(-0.065722 -0.108962 0)
(-0.0485435 -0.107673 0)
(-0.031311 -0.106566 0)
(-0.0139916 -0.105638 0)
(0.00344717 -0.104885 0)
(0.021038 -0.104305 0)
(0.0388134 -0.103893 0)
(0.0568062 -0.103645 0)
(0.0750497 -0.103557 0)
(0.0935778 -0.103624 0)
(0.112425 -0.10384 0)
(0.131625 -0.1042 0)
(0.151212 -0.104697 0)
(0.17122 -0.105324 0)
(0.191683 -0.106073 0)
(0.212635 -0.106937 0)
(0.234113 -0.107907 0)
(0.256151 -0.108973 0)
(0.278784 -0.110124 0)
(0.302048 -0.11135 0)
(0.325975 -0.112639 0)
(0.3506 -0.113977 0)
(0.375958 -0.115352 0)
(0.402082 -0.116748 0)
(0.429005 -0.11815 0)
(0.45676 -0.119544 0)
(0.485378 -0.120912 0)
(0.514892 -0.12224 0)
(0.545335 -0.123509 0)
(0.576736 -0.124703 0)
(0.609124 -0.125805 0)
(0.642526 -0.126797 0)
(0.676972 -0.127662 0)
(0.712487 -0.128386 0)
(0.749085 -0.128952 0)
(0.786724 -0.129349 0)
(0.82504 -0.129567 0)
(0.861965 -0.129614 0)
(0.887023 -0.129603 0)
(0.856206 -0.130207 0)
(0.66715 -0.134843 0)
(0.155723 -0.169454 0)
(-0.502711 -0.453026 0)
(-1.48364 -0.461837 0)
(-1.83251 -0.459439 0)
(-1.87096 -0.457291 0)
(-1.82558 -0.454889 0)
(-1.76474 -0.451875 0)
(-1.70246 -0.448201 0)
(-1.64124 -0.443888 0)
(-1.5815 -0.438969 0)
(-1.52332 -0.433485 0)
(-1.46671 -0.427479 0)
(-1.41167 -0.420996 0)
(-1.35821 -0.41408 0)
(-1.30631 -0.406779 0)
(-1.25595 -0.399138 0)
(-1.20713 -0.391204 0)
(-1.15983 -0.383022 0)
(-1.11401 -0.374635 0)
(-1.06965 -0.366085 0)
(-1.02673 -0.357412 0)
(-0.985211 -0.348654 0)
(-0.945059 -0.339847 0)
(-0.906237 -0.331023 0)
(-0.868709 -0.322215 0)
(-0.832435 -0.31345 0)
(-0.797376 -0.304755 0)
(-0.763491 -0.296154 0)
(-0.73074 -0.287669 0)
(-0.699079 -0.279318 0)
(-0.668468 -0.27112 0)
(-0.638866 -0.263089 0)
(-0.610229 -0.255241 0)
(-0.582518 -0.247587 0)
(-0.55569 -0.240137 0)
(-0.529705 -0.232901 0)
(-0.504522 -0.225887 0)
(-0.4801 -0.219101 0)
(-0.456402 -0.212549 0)
(-0.433388 -0.206237 0)
(-0.41102 -0.200167 0)
(-0.389261 -0.194342 0)
(-0.368073 -0.188766 0)
(-0.347442 -0.183432 0)
(-0.327278 -0.178227 0)
(-0.30756 -0.173162 0)
(-0.288306 -0.168348 0)
(-0.269454 -0.163785 0)
(-0.250969 -0.15947 0)
(-0.232818 -0.155404 0)
(-0.214968 -0.151585 0)
(-0.197385 -0.148011 0)
(-0.180035 -0.14468 0)
(-0.162885 -0.14159 0)
(-0.145902 -0.138739 0)
(-0.129054 -0.136125 0)
(-0.112307 -0.133745 0)
(-0.0956306 -0.131596 0)
(-0.0789913 -0.129677 0)
(-0.062357 -0.127984 0)
(-0.0456951 -0.126514 0)
(-0.0289724 -0.125265 0)
(-0.0121559 -0.124233 0)
(0.00478778 -0.123414 0)
(0.0218919 -0.122804 0)
(0.0391897 -0.1224 0)
(0.0567149 -0.122198 0)
(0.074502 -0.122191 0)
(0.0925859 -0.122375 0)
(0.111002 -0.122743 0)
(0.129785 -0.12329 0)
(0.148972 -0.124009 0)
(0.168597 -0.12489 0)
(0.188695 -0.125927 0)
(0.209303 -0.127109 0)
(0.230459 -0.128425 0)
(0.252199 -0.129865 0)
(0.27456 -0.131417 0)
(0.297578 -0.133066 0)
(0.32129 -0.134798 0)
(0.345732 -0.136599 0)
(0.370942 -0.138451 0)
(0.396954 -0.140338 0)
(0.423804 -0.142239 0)
(0.451525 -0.144136 0)
(0.48015 -0.146008 0)
(0.509711 -0.147833 0)
(0.540242 -0.149589 0)
(0.571774 -0.151254 0)
(0.604336 -0.152807 0)
(0.637954 -0.154225 0)
(0.672657 -0.155486 0)
(0.708468 -0.156569 0)
(0.745396 -0.157454 0)
(0.783396 -0.158122 0)
(0.822105 -0.158562 0)
(0.85945 -0.158783 0)
(0.884955 -0.15892 0)
(0.854619 -0.159781 0)
(0.666029 -0.165481 0)
(0.155276 -0.207337 0)
(-0.501637 -0.53908 0)
(-1.48023 -0.549661 0)
(-1.82685 -0.546675 0)
(-1.86324 -0.543883 0)
(-1.81595 -0.540727 0)
(-1.75329 -0.536793 0)
(-1.68928 -0.532032 0)
(-1.62642 -0.526473 0)
(-1.56516 -0.520167 0)
(-1.50558 -0.513167 0)
(-1.44768 -0.505532 0)
(-1.39149 -0.497323 0)
(-1.33699 -0.488599 0)
(-1.28418 -0.479424 0)
(-1.23305 -0.469858 0)
(-1.18358 -0.459961 0)
(-1.13573 -0.449789 0)
(-1.0895 -0.4394 0)
(-1.04483 -0.428845 0)
(-1.00171 -0.418174 0)
(-0.960082 -0.407435 0)
(-0.919915 -0.396669 0)
(-0.881164 -0.385918 0)
(-0.843783 -0.375217 0)
(-0.807729 -0.364601 0)
(-0.772955 -0.3541 0)
(-0.739414 -0.34374 0)
(-0.707058 -0.333547 0)
(-0.67584 -0.323541 0)
(-0.645713 -0.313741 0)
(-0.616631 -0.304166 0)
(-0.588548 -0.294828 0)
(-0.561417 -0.28574 0)
(-0.535194 -0.276914 0)
(-0.509834 -0.268358 0)
(-0.485293 -0.260079 0)
(-0.461528 -0.252085 0)
(-0.438498 -0.24438 0)
(-0.416162 -0.236968 0)
(-0.394479 -0.229852 0)
(-0.373409 -0.223035 0)
(-0.352915 -0.216517 0)
(-0.332981 -0.210298 0)
(-0.313517 -0.204248 0)
(-0.294495 -0.198369 0)
(-0.275934 -0.192789 0)
(-0.257772 -0.187508 0)
(-0.239974 -0.182522 0)
(-0.222506 -0.177832 0)
(-0.205333 -0.173433 0)
(-0.188422 -0.169324 0)
(-0.171739 -0.165501 0)
(-0.15525 -0.161964 0)
(-0.138923 -0.158708 0)
(-0.122725 -0.155732 0)
(-0.106622 -0.153031 0)
(-0.0905819 -0.150604 0)
(-0.0745731 -0.148448 0)
(-0.0585624 -0.14656 0)
(-0.042517 -0.144935 0)
(-0.0264034 -0.143573 0)
(-0.0101879 -0.142467 0)
(0.00616329 -0.141616 0)
(0.022684 -0.141015 0)
(0.0394083 -0.14066 0)
(0.0563707 -0.140546 0)
(0.0736066 -0.140668 0)
(0.0911518 -0.14102 0)
(0.109043 -0.141597 0)
(0.127317 -0.142391 0)
(0.14601 -0.143394 0)
(0.16516 -0.1446 0)
(0.184805 -0.145998 0)
(0.204984 -0.147579 0)
(0.225736 -0.14933 0)
(0.2471 -0.151238 0)
(0.269117 -0.15329 0)
(0.291825 -0.155471 0)
(0.315261 -0.157762 0)
(0.339466 -0.160147 0)
(0.364478 -0.162604 0)
(0.390338 -0.165113 0)
(0.417083 -0.167651 0)
(0.44475 -0.170193 0)
(0.473373 -0.172714 0)
(0.502988 -0.175186 0)
(0.533628 -0.177581 0)
(0.565323 -0.17987 0)
(0.598102 -0.182022 0)
(0.631992 -0.184011 0)
(0.667021 -0.185806 0)
(0.703211 -0.187379 0)
(0.740569 -0.188703 0)
(0.779043 -0.189752 0)
(0.818263 -0.19051 0)
(0.856157 -0.190984 0)
(0.88225 -0.191332 0)
(0.852546 -0.192506 0)
(0.664584 -0.199364 0)
(0.154721 -0.248975 0)
(-0.500279 -0.633134 0)
(-1.47588 -0.645684 0)
(-1.81966 -0.641994 0)
(-1.85344 -0.638388 0)
(-1.80372 -0.634261 0)
(-1.73877 -0.629145 0)
(-1.6726 -0.622994 0)
(-1.60773 -0.615855 0)
(-1.5446 -0.607797 0)
(-1.4833 -0.598896 0)
(-1.42386 -0.589234 0)
(-1.36629 -0.578891 0)
(-1.31059 -0.56795 0)
(-1.25674 -0.556492 0)
(-1.20474 -0.544599 0)
(-1.15455 -0.532347 0)
(-1.10615 -0.519809 0)
(-1.0595 -0.507056 0)
(-1.01456 -0.494153 0)
(-0.971285 -0.48116 0)
(-0.92963 -0.468135 0)
(-0.889542 -0.455128 0)
(-0.85097 -0.442186 0)
(-0.81386 -0.429351 0)
(-0.778157 -0.416661 0)
(-0.743807 -0.40415 0)
(-0.710754 -0.391846 0)
(-0.678945 -0.379777 0)
(-0.648324 -0.367965 0)
(-0.618838 -0.35643 0)
(-0.590434 -0.345187 0)
(-0.56306 -0.334252 0)
(-0.536666 -0.323636 0)
(-0.511203 -0.313349 0)
(-0.486621 -0.303399 0)
(-0.462873 -0.293792 0)
(-0.439914 -0.284534 0)
(-0.417698 -0.275627 0)
(-0.396183 -0.267075 0)
(-0.375325 -0.258879 0)
(-0.355084 -0.251039 0)
(-0.335418 -0.243557 0)
(-0.31631 -0.236431 0)
(-0.297675 -0.229524 0)
(-0.279481 -0.222832 0)
(-0.261737 -0.216484 0)
(-0.244387 -0.210486 0)
(-0.227395 -0.204833 0)
(-0.210726 -0.199524 0)
(-0.194346 -0.194554 0)
(-0.178221 -0.189921 0)
(-0.162317 -0.185621 0)
(-0.146601 -0.181651 0)
(-0.131038 -0.178007 0)
(-0.115597 -0.174687 0)
(-0.100245 -0.171687 0)
(-0.0849487 -0.169004 0)
(-0.0696767 -0.166636 0)
(-0.0543959 -0.164578 0)
(-0.0390731 -0.162827 0)
(-0.0236746 -0.161382 0)
(-0.00816642 -0.160237 0)
(0.0074859 -0.15939 0)
(0.0233168 -0.158836 0)
(0.0393611 -0.158572 0)
(0.0556543 -0.158593 0)
(0.0722326 -0.158895 0)
(0.089133 -0.159472 0)
(0.106393 -0.160318 0)
(0.124052 -0.161426 0)
(0.142148 -0.162789 0)
(0.160721 -0.164399 0)
(0.17981 -0.166245 0)
(0.199457 -0.168316 0)
(0.219704 -0.170602 0)
(0.240596 -0.173087 0)
(0.262173 -0.175758 0)
(0.28448 -0.178596 0)
(0.307559 -0.181583 0)
(0.331452 -0.184698 0)
(0.356202 -0.187916 0)
(0.381854 -0.191213 0)
(0.408448 -0.19456 0)
(0.436026 -0.197927 0)
(0.464625 -0.201283 0)
(0.494285 -0.204594 0)
(0.525043 -0.207823 0)
(0.556931 -0.210932 0)
(0.589977 -0.213884 0)
(0.624208 -0.216637 0)
(0.65965 -0.219153 0)
(0.696322 -0.221393 0)
(0.734231 -0.223321 0)
(0.773319 -0.224903 0)
(0.813209 -0.22611 0)
(0.851823 -0.226948 0)
(0.87869 -0.227595 0)
(0.849824 -0.229158 0)
(0.662709 -0.237293 0)
(0.154023 -0.295303 0)
(-0.498551 -0.737148 0)
(-1.47031 -0.751902 0)
(-1.81046 -0.747344 0)
(-1.84092 -0.742679 0)
(-1.78815 -0.737269 0)
(-1.72032 -0.730598 0)
(-1.65147 -0.722631 0)
(-1.58411 -0.713441 0)
(-1.5187 -0.703128 0)
(-1.45534 -0.6918 0)
(-1.39407 -0.679568 0)
(-1.3349 -0.666546 0)
(-1.27783 -0.652844 0)
(-1.22283 -0.638571 0)
(-1.16989 -0.623833 0)
(-1.11898 -0.608728 0)
(-1.07004 -0.59335 0)
(-1.02304 -0.577785 0)
(-0.977911 -0.562114 0)
(-0.934604 -0.546409 0)
(-0.893056 -0.530737 0)
(-0.853203 -0.515156 0)
(-0.814979 -0.499719 0)
(-0.778319 -0.484474 0)
(-0.743156 -0.469459 0)
(-0.709424 -0.454713 0)
(-0.677057 -0.440264 0)
(-0.645993 -0.426139 0)
(-0.616166 -0.41236 0)
(-0.587517 -0.398946 0)
(-0.559985 -0.385912 0)
(-0.533513 -0.37327 0)
(-0.508045 -0.361031 0)
(-0.483525 -0.349201 0)
(-0.459901 -0.337786 0)
(-0.437122 -0.326791 0)
(-0.415138 -0.316217 0)
(-0.393902 -0.306066 0)
(-0.373368 -0.296339 0)
(-0.353492 -0.287034 0)
(-0.33423 -0.27815 0)
(-0.315541 -0.269685 0)
(-0.297403 -0.261637 0)
(-0.279737 -0.253869 0)
(-0.262506 -0.246365 0)
(-0.245712 -0.239254 0)
(-0.229304 -0.232546 0)
(-0.213244 -0.226235 0)
(-0.197498 -0.220319 0)
(-0.182032 -0.214791 0)
(-0.166812 -0.209649 0)
(-0.151803 -0.204887 0)
(-0.136974 -0.200503 0)
(-0.12229 -0.196491 0)
(-0.107719 -0.192849 0)
(-0.0932296 -0.189572 0)
(-0.0787889 -0.186658 0)
(-0.0643648 -0.184103 0)
(-0.0499246 -0.181905 0)
(-0.0354352 -0.180059 0)
(-0.0208629 -0.178564 0)
(-0.00617346 -0.177415 0)
(0.00866749 -0.176609 0)
(0.0236947 -0.176144 0)
(0.0389435 -0.176016 0)
(0.05445 -0.176221 0)
(0.0702513 -0.176756 0)
(0.086386 -0.177615 0)
(0.102894 -0.178793 0)
(0.119815 -0.180286 0)
(0.13719 -0.182085 0)
(0.155061 -0.184183 0)
(0.173471 -0.18657 0)
(0.192464 -0.189236 0)
(0.212086 -0.19217 0)
(0.232384 -0.195356 0)
(0.253404 -0.198779 0)
(0.275194 -0.202422 0)
(0.297802 -0.206262 0)
(0.321278 -0.210278 0)
(0.34567 -0.214442 0)
(0.371029 -0.218724 0)
(0.397401 -0.223093 0)
(0.424832 -0.227511 0)
(0.453366 -0.231938 0)
(0.483048 -0.236333 0)
(0.513918 -0.240649 0)
(0.546016 -0.244838 0)
(0.579374 -0.248849 0)
(0.61402 -0.252628 0)
(0.649976 -0.256122 0)
(0.687261 -0.259277 0)
(0.725873 -0.26204 0)
(0.765753 -0.264364 0)
(0.806518 -0.266208 0)
(0.846084 -0.267568 0)
(0.873978 -0.268642 0)
(0.846223 -0.2707 0)
(0.660254 -0.280272 0)
(0.153133 -0.347489 0)
(-0.496332 -0.853615 0)
(-1.46313 -0.870848 0)
(-1.7986 -0.865177 0)
(-1.82482 -0.859092 0)
(-1.76815 -0.851944 0)
(-1.69671 -0.843176 0)
(-1.62451 -0.832778 0)
(-1.55409 -0.820867 0)
(-1.48593 -0.807592 0)
(-1.42013 -0.793105 0)
(-1.35673 -0.777565 0)
(-1.29575 -0.761128 0)
(-1.23717 -0.743946 0)
(-1.18096 -0.726163 0)
(-1.12709 -0.707915 0)
(-1.0755 -0.68933 0)
(-1.02613 -0.670524 0)
(-0.978918 -0.651602 0)
(-0.933783 -0.63266 0)
(-0.890648 -0.613783 0)
(-0.849432 -0.595045 0)
(-0.810053 -0.576512 0)
(-0.772428 -0.55824 0)
(-0.736475 -0.54028 0)
(-0.702111 -0.522672 0)
(-0.669257 -0.50545 0)
(-0.637836 -0.488646 0)
(-0.607771 -0.472281 0)
(-0.578991 -0.456375 0)
(-0.551424 -0.440944 0)
(-0.525004 -0.425999 0)
(-0.499665 -0.411548 0)
(-0.475345 -0.397598 0)
(-0.451985 -0.384153 0)
(-0.429528 -0.371213 0)
(-0.407917 -0.358779 0)
(-0.387102 -0.34685 0)
(-0.367031 -0.335423 0)
(-0.347658 -0.324496 0)
(-0.328935 -0.314063 0)
(-0.310818 -0.304122 0)
(-0.293266 -0.294666 0)
(-0.27625 -0.285692 0)
(-0.259701 -0.277065 0)
(-0.243577 -0.26876 0)
(-0.227872 -0.260897 0)
(-0.21254 -0.253493 0)
(-0.197544 -0.24654 0)
(-0.182849 -0.240034 0)
(-0.168422 -0.233968 0)
(-0.154228 -0.228336 0)
(-0.140235 -0.223134 0)
(-0.126411 -0.218357 0)
(-0.112723 -0.214001 0)
(-0.0991392 -0.21006 0)
(-0.0856285 -0.206533 0)
(-0.072159 -0.203414 0)
(-0.058699 -0.2007 0)
(-0.045216 -0.19839 0)
(-0.0316773 -0.196479 0)
(-0.0180494 -0.194966 0)
(-0.00429817 -0.193848 0)
(0.00961053 -0.193122 0)
(0.0237115 -0.192786 0)
(0.0380402 -0.192838 0)
(0.052633 -0.193276 0)
(0.0675279 -0.194096 0)
(0.0827644 -0.195295 0)
(0.0983834 -0.196871 0)
(0.114427 -0.198817 0)
(0.130939 -0.201129 0)
(0.147962 -0.203801 0)
(0.165544 -0.206825 0)
(0.183732 -0.210192 0)
(0.202575 -0.213892 0)
(0.222126 -0.217911 0)
(0.242437 -0.222235 0)
(0.263561 -0.226844 0)
(0.285552 -0.231718 0)
(0.308468 -0.236831 0)
(0.332364 -0.242156 0)
(0.3573 -0.247659 0)
(0.383333 -0.253303 0)
(0.410517 -0.259046 0)
(0.438907 -0.26484 0)
(0.468554 -0.270632 0)
(0.499509 -0.276364 0)
(0.531818 -0.281973 0)
(0.565518 -0.287392 0)
(0.600644 -0.292551 0)
(0.637223 -0.297375 0)
(0.67527 -0.301789 0)
(0.71478 -0.305717 0)
(0.755684 -0.309088 0)
(0.797594 -0.311839 0)
(0.838418 -0.313955 0)
(0.867681 -0.315646 0)
(0.841416 -0.318359 0)
(0.657004 -0.32958 0)
(0.151981 -0.407022 0)
(-0.493437 -0.985805 0)
(-1.45373 -1.00583 0)
(-1.78309 -0.998677 0)
(-1.80382 -0.990621 0)
(-1.74217 -0.981043 0)
(-1.66615 -0.969365 0)
(-1.58978 -0.95563 0)
(-1.51561 -0.940027 0)
(-1.44414 -0.922776 0)
(-1.37549 -0.904104 0)
(-1.30969 -0.884237 0)
(-1.24673 -0.863393 0)
(-1.18658 -0.841777 0)
(-1.1292 -0.819582 0)
(-1.07451 -0.796982 0)
(-1.02243 -0.774136 0)
(-0.972865 -0.751186 0)
(-0.925717 -0.728257 0)
(-0.880879 -0.705458 0)
(-0.838246 -0.682883 0)
(-0.797707 -0.660613 0)
(-0.759155 -0.638715 0)
(-0.722485 -0.617247 0)
(-0.687593 -0.596255 0)
(-0.65438 -0.575777 0)
(-0.622748 -0.555844 0)
(-0.592606 -0.536479 0)
(-0.563865 -0.517701 0)
(-0.536442 -0.499521 0)
(-0.510257 -0.48195 0)
(-0.485235 -0.464992 0)
(-0.461304 -0.448649 0)
(-0.438395 -0.432921 0)
(-0.416444 -0.417806 0)
(-0.39539 -0.403299 0)
(-0.375174 -0.389396 0)
(-0.355742 -0.376089 0)
(-0.337041 -0.363371 0)
(-0.319022 -0.351234 0)
(-0.301638 -0.339672 0)
(-0.284844 -0.328674 0)
(-0.268597 -0.318233 0)
(-0.252868 -0.30834 0)
(-0.237591 -0.298869 0)
(-0.222723 -0.289782 0)
(-0.208252 -0.28119 0)
(-0.194136 -0.273112 0)
(-0.180338 -0.265542 0)
(-0.166825 -0.258471 0)
(-0.153563 -0.251891 0)
(-0.140521 -0.245797 0)
(-0.127666 -0.240181 0)
(-0.114967 -0.235038 0)
(-0.102394 -0.230364 0)
(-0.0899157 -0.226153 0)
(-0.0775011 -0.222401 0)
(-0.0651198 -0.219105 0)
(-0.0527411 -0.216262 0)
(-0.0403336 -0.213869 0)
(-0.0278654 -0.211923 0)
(-0.0153037 -0.210422 0)
(-0.00261564 -0.209366 0)
(0.0102327 -0.208754 0)
(0.0232757 -0.208584 0)
(0.0365487 -0.208855 0)
(0.0500885 -0.209568 0)
(0.0639336 -0.210721 0)
(0.0781243 -0.212313 0)
(0.0927026 -0.214342 0)
(0.107712 -0.216808 0)
(0.123197 -0.219707 0)
(0.139204 -0.223036 0)
(0.155782 -0.226789 0)
(0.172982 -0.230963 0)
(0.19086 -0.235547 0)
(0.209471 -0.240534 0)
(0.228876 -0.245908 0)
(0.249136 -0.251655 0)
(0.270312 -0.257755 0)
(0.29247 -0.264184 0)
(0.315678 -0.270913 0)
(0.340005 -0.277907 0)
(0.36552 -0.285126 0)
(0.392294 -0.292522 0)
(0.420394 -0.300042 0)
(0.449889 -0.307622 0)
(0.480845 -0.31519 0)
(0.513319 -0.322667 0)
(0.547361 -0.329964 0)
(0.583016 -0.336985 0)
(0.620318 -0.34363 0)
(0.659291 -0.349792 0)
(0.699929 -0.355361 0)
(0.742155 -0.360227 0)
(0.785565 -0.364296 0)
(0.828058 -0.36752 0)
(0.859158 -0.370121 0)
(0.834914 -0.373728 0)
(0.65264 -0.386893 0)
(0.150466 -0.475862 0)
(-0.489582 -1.13817 0)
(-1.44117 -1.16135 0)
(-1.76242 -1.15211 0)
(-1.77593 -1.1412 0)
(-1.7078 -1.12811 0)
(-1.62595 -1.11226 0)
(-1.54438 -1.09381 0)
(-1.46566 -1.07306 0)
(-1.3903 -1.05036 0)
(-1.31841 -1.02605 0)
(-1.25 -1.00044 0)
(-1.18504 -0.973851 0)
(-1.12343 -0.946549 0)
(-1.0651 -0.918786 0)
(-1.0099 -0.890782 0)
(-0.957711 -0.862729 0)
(-0.908385 -0.834791 0)
(-0.861774 -0.807108 0)
(-0.817728 -0.779797 0)
(-0.776101 -0.752954 0)
(-0.736746 -0.726659 0)
(-0.699524 -0.700974 0)
(-0.6643 -0.675948 0)
(-0.630946 -0.651619 0)
(-0.599342 -0.628016 0)
(-0.569372 -0.605159 0)
(-0.540928 -0.583059 0)
(-0.51391 -0.561725 0)
(-0.488223 -0.541158 0)
(-0.463777 -0.521357 0)
(-0.440489 -0.502317 0)
(-0.418282 -0.48403 0)
(-0.397083 -0.466488 0)
(-0.376822 -0.44968 0)
(-0.357435 -0.433593 0)
(-0.338863 -0.418215 0)
(-0.321048 -0.403533 0)
(-0.303937 -0.389534 0)
(-0.287482 -0.376203 0)
(-0.271633 -0.363527 0)
(-0.256347 -0.351494 0)
(-0.241582 -0.340091 0)
(-0.227306 -0.329304 0)
(-0.213461 -0.319017 0)
(-0.200002 -0.309182 0)
(-0.186911 -0.299895 0)
(-0.174151 -0.291179 0)
(-0.161687 -0.283025 0)
(-0.149486 -0.275423 0)
(-0.137518 -0.268363 0)
(-0.125751 -0.261837 0)
(-0.114157 -0.255839 0)
(-0.102704 -0.250362 0)
(-0.0913648 -0.245399 0)
(-0.0801092 -0.240946 0)
(-0.0689084 -0.236998 0)
(-0.0577332 -0.233553 0)
(-0.0465543 -0.230606 0)
(-0.0353419 -0.228156 0)
(-0.0240657 -0.226202 0)
(-0.0126947 -0.224742 0)
(-0.00119699 -0.223777 0)
(0.0104598 -0.223307 0)
(0.0223091 -0.223333 0)
(0.0343855 -0.223856 0)
(0.0467253 -0.224878 0)
(0.0593668 -0.226401 0)
(0.0723505 -0.228427 0)
(0.0857188 -0.230958 0)
(0.0995158 -0.233996 0)
(0.113788 -0.237542 0)
(0.128583 -0.241597 0)
(0.143952 -0.246162 0)
(0.15995 -0.251235 0)
(0.176637 -0.256814 0)
(0.194074 -0.262892 0)
(0.212327 -0.269463 0)
(0.231465 -0.276515 0)
(0.251561 -0.284035 0)
(0.272691 -0.292002 0)
(0.294936 -0.300392 0)
(0.318381 -0.309172 0)
(0.343112 -0.318303 0)
(0.369217 -0.327735 0)
(0.396787 -0.337408 0)
(0.425912 -0.347251 0)
(0.456683 -0.357183 0)
(0.489183 -0.367104 0)
(0.523487 -0.376902 0)
(0.559661 -0.38645 0)
(0.597759 -0.395608 0)
(0.637816 -0.404223 0)
(0.679835 -0.412134 0)
(0.723739 -0.419178 0)
(0.769112 -0.425197 0)
(0.813836 -0.430093 0)
(0.847432 -0.434069 0)
(0.825963 -0.438952 0)
(0.646666 -0.454487 0)
(0.148428 -0.556677 0)
(-0.484298 -1.31706 0)
(-1.42392 -1.34374 0)
(-1.73412 -1.33138 0)
(-1.73793 -1.31617 0)
(-1.66129 -1.29776 0)
(-1.57196 -1.27571 0)
(-1.48393 -1.25037 0)
(-1.39978 -1.22227 0)
(-1.31999 -1.19195 0)
(-1.24464 -1.1599 0)
(-1.17367 -1.1266 0)
(-1.10695 -1.09246 0)
(-1.04431 -1.05786 0)
(-0.985571 -1.02309 0)
(-0.930514 -0.988412 0)
(-0.878922 -0.954052 0)
(-0.830575 -0.92018 0)
(-0.785256 -0.886937 0)
(-0.742755 -0.854434 0)
(-0.702871 -0.822754 0)
(-0.665414 -0.791961 0)
(-0.630207 -0.7621 0)
(-0.597082 -0.733201 0)
(-0.565884 -0.705284 0)
(-0.53647 -0.678357 0)
(-0.508707 -0.652421 0)
(-0.482472 -0.627471 0)
(-0.457652 -0.603497 0)
(-0.434142 -0.580485 0)
(-0.411847 -0.558418 0)
(-0.390678 -0.537279 0)
(-0.370551 -0.517046 0)
(-0.351392 -0.4977 0)
(-0.333128 -0.479218 0)
(-0.315695 -0.461578 0)
(-0.299032 -0.444759 0)
(-0.283082 -0.42874 0)
(-0.267793 -0.413498 0)
(-0.253116 -0.399016 0)
(-0.239006 -0.385272 0)
(-0.225419 -0.372248 0)
(-0.212315 -0.359927 0)
(-0.199661 -0.348291 0)
(-0.187407 -0.337233 0)
(-0.175508 -0.326698 0)
(-0.163942 -0.316764 0)
(-0.152677 -0.307458 0)
(-0.141679 -0.298765 0)
(-0.130919 -0.290675 0)
(-0.120367 -0.283176 0)
(-0.109997 -0.276259 0)
(-0.0997804 -0.269916 0)
(-0.0896901 -0.264138 0)
(-0.079699 -0.25892 0)
(-0.0697802 -0.254256 0)
(-0.0599068 -0.250142 0)
(-0.0500521 -0.246573 0)
(-0.0401891 -0.243548 0)
(-0.0302904 -0.241065 0)
(-0.0203279 -0.239125 0)
(-0.0102726 -0.237726 0)
(-9.47813e-05 -0.236872 0)
(0.0102363 -0.236565 0)
(0.0207525 -0.236807 0)
(0.0314871 -0.237602 0)
(0.0424749 -0.238956 0)
(0.0537528 -0.240873 0)
(0.06536 -0.243359 0)
(0.0773378 -0.24642 0)
(0.0897298 -0.250064 0)
(0.102582 -0.254297 0)
(0.115944 -0.259126 0)
(0.12987 -0.264558 0)
(0.144415 -0.270599 0)
(0.159644 -0.277253 0)
(0.175622 -0.284523 0)
(0.192422 -0.29241 0)
(0.210118 -0.300914 0)
(0.228793 -0.310028 0)
(0.248535 -0.319743 0)
(0.269442 -0.330043 0)
(0.291616 -0.340905 0)
(0.315165 -0.352297 0)
(0.340204 -0.364175 0)
(0.366851 -0.376483 0)
(0.395228 -0.389149 0)
(0.425464 -0.402082 0)
(0.457684 -0.41517 0)
(0.492008 -0.42828 0)
(0.528548 -0.44125 0)
(0.567399 -0.453891 0)
(0.60863 -0.46599 0)
(0.65227 -0.477306 0)
(0.698258 -0.487587 0)
(0.746179 -0.496575 0)
(0.793902 -0.504068 0)
(0.830933 -0.51021 0)
(0.813343 -0.517011 0)
(0.638275 -0.535569 0)
(0.145608 -0.653257 0)
(-0.476776 -1.53198 0)
(-1.39932 -1.56241 0)
(-1.69398 -1.54509 0)
(-1.68441 -1.52292 0)
(-1.59641 -1.49604 0)
(-1.49749 -1.46435 0)
(-1.40159 -1.42861 0)
(-1.31123 -1.38971 0)
(-1.2268 -1.3485 0)
(-1.14821 -1.30574 0)
(-1.07525 -1.26209 0)
(-1.0076 -1.21809 0)
(-0.944948 -1.17417 0)
(-0.886927 -1.1307 0)
(-0.833186 -1.08793 0)
(-0.783383 -1.04609 0)
(-0.73719 -1.00532 0)
(-0.694301 -0.965745 0)
(-0.654432 -0.927431 0)
(-0.617319 -0.890429 0)
(-0.582723 -0.854765 0)
(-0.550427 -0.820447 0)
(-0.52023 -0.787471 0)
(-0.491954 -0.755822 0)
(-0.465435 -0.725478 0)
(-0.440526 -0.696411 0)
(-0.417094 -0.668591 0)
(-0.395016 -0.641983 0)
(-0.374184 -0.616553 0)
(-0.354496 -0.592264 0)
(-0.335863 -0.569081 0)
(-0.318201 -0.546966 0)
(-0.301433 -0.525885 0)
(-0.28549 -0.505804 0)
(-0.270308 -0.486688 0)
(-0.255829 -0.468507 0)
(-0.241997 -0.451229 0)
(-0.228764 -0.434825 0)
(-0.216083 -0.419267 0)
(-0.203913 -0.40453 0)
(-0.192212 -0.390589 0)
(-0.180944 -0.37742 0)
(-0.170077 -0.365002 0)
(-0.159567 -0.353237 0)
(-0.149374 -0.342068 0)
(-0.139472 -0.331552 0)
(-0.129832 -0.321715 0)
(-0.120426 -0.312541 0)
(-0.111227 -0.304016 0)
(-0.10221 -0.296128 0)
(-0.0933507 -0.288866 0)
(-0.0846236 -0.282219 0)
(-0.0760049 -0.27618 0)
(-0.0674703 -0.270742 0)
(-0.0589958 -0.265899 0)
(-0.0505574 -0.261646 0)
(-0.0421316 -0.25798 0)
(-0.0336944 -0.2549 0)
(-0.0252217 -0.252404 0)
(-0.0166884 -0.250494 0)
(-0.00806862 -0.249172 0)
(0.000664696 -0.248441 0)
(0.00953968 -0.248305 0)
(0.0185856 -0.24877 0)
(0.0278333 -0.249842 0)
(0.0373148 -0.251531 0)
(0.0470647 -0.253845 0)
(0.0571196 -0.256795 0)
(0.0675184 -0.260391 0)
(0.0783028 -0.264648 0)
(0.0895176 -0.269578 0)
(0.101211 -0.275195 0)
(0.113435 -0.281513 0)
(0.126249 -0.288549 0)
(0.139715 -0.296316 0)
(0.153902 -0.304831 0)
(0.168887 -0.314106 0)
(0.184749 -0.324154 0)
(0.20158 -0.334986 0)
(0.219479 -0.346607 0)
(0.238555 -0.359019 0)
(0.258929 -0.372216 0)
(0.280734 -0.386187 0)
(0.304112 -0.400906 0)
(0.329219 -0.416336 0)
(0.356224 -0.432417 0)
(0.385307 -0.449068 0)
(0.416654 -0.46618 0)
(0.450459 -0.483609 0)
(0.486912 -0.501169 0)
(0.526194 -0.518628 0)
(0.568462 -0.535699 0)
(0.613821 -0.552039 0)
(0.662267 -0.567251 0)
(0.713423 -0.580907 0)
(0.765165 -0.592611 0)
(0.806988 -0.602345 0)
(0.794959 -0.612232 0)
(0.626074 -0.634894 0)
(0.141561 -0.771276 0)
(-0.46548 -1.79825 0)
(-1.36239 -1.83227 0)
(-1.63418 -1.80621 0)
(-1.60562 -1.77191 0)
(-1.50229 -1.73066 0)
(-1.39133 -1.68322 0)
(-1.2864 -1.63117 0)
(-1.18974 -1.57605 0)
(-1.10139 -1.51918 0)
(-1.02089 -1.46163 0)
(-0.947643 -1.40421 0)
(-0.881006 -1.34753 0)
(-0.820348 -1.29206 0)
(-0.765068 -1.23809 0)
(-0.714609 -1.18585 0)
(-0.668462 -1.13547 0)
(-0.626171 -1.08702 0)
(-0.587327 -1.04054 0)
(-0.551568 -0.996015 0)
(-0.518574 -0.953427 0)
(-0.488061 -0.912734 0)
(-0.459779 -0.873885 0)
(-0.433508 -0.83682 0)
(-0.409051 -0.801475 0)
(-0.386235 -0.767787 0)
(-0.364908 -0.73569 0)
(-0.344933 -0.705118 0)
(-0.326188 -0.676009 0)
(-0.308565 -0.6483 0)
(-0.291966 -0.621933 0)
(-0.276304 -0.596851 0)
(-0.2615 -0.573001 0)
(-0.247481 -0.550329 0)
(-0.234184 -0.52879 0)
(-0.221548 -0.508335 0)
(-0.209522 -0.488923 0)
(-0.198055 -0.470514 0)
(-0.187104 -0.453068 0)
(-0.176628 -0.436551 0)
(-0.166589 -0.42093 0)
(-0.156951 -0.406175 0)
(-0.147683 -0.392255 0)
(-0.138755 -0.379146 0)
(-0.130132 -0.366761 0)
(-0.121776 -0.355039 0)
(-0.113664 -0.344022 0)
(-0.10577 -0.33373 0)
(-0.09807 -0.324143 0)
(-0.0905421 -0.315247 0)
(-0.0831652 -0.307027 0)
(-0.0759185 -0.299472 0)
(-0.0687811 -0.29257 0)
(-0.0617324 -0.286312 0)
(-0.0547517 -0.280691 0)
(-0.0478188 -0.275701 0)
(-0.0409135 -0.271338 0)
(-0.034016 -0.267598 0)
(-0.0271063 -0.26448 0)
(-0.0201638 -0.261986 0)
(-0.0131672 -0.260116 0)
(-0.00609408 -0.258875 0)
(0.00107897 -0.258267 0)
(0.00837641 -0.258299 0)
(0.0158236 -0.258979 0)
(0.0234472 -0.260317 0)
(0.0312752 -0.262325 0)
(0.0393376 -0.265016 0)
(0.0476672 -0.268406 0)
(0.0562991 -0.272512 0)
(0.0652716 -0.277353 0)
(0.0746257 -0.282948 0)
(0.0844062 -0.289321 0)
(0.094662 -0.296496 0)
(0.105447 -0.304498 0)
(0.116823 -0.313356 0)
(0.128856 -0.323097 0)
(0.14162 -0.333753 0)
(0.155199 -0.345354 0)
(0.169686 -0.357931 0)
(0.185185 -0.371514 0)
(0.201816 -0.386132 0)
(0.21971 -0.40181 0)
(0.239019 -0.418567 0)
(0.259912 -0.436417 0)
(0.282581 -0.455358 0)
(0.307245 -0.475376 0)
(0.33415 -0.496429 0)
(0.363565 -0.518448 0)
(0.395784 -0.541319 0)
(0.431125 -0.564872 0)
(0.469924 -0.588867 0)
(0.512515 -0.612971 0)
(0.559194 -0.636742 0)
(0.610141 -0.659607 0)
(0.665129 -0.680866 0)
(0.722142 -0.699761 0)
(0.770727 -0.715872 0)
(0.766933 -0.731195 0)
(0.607475 -0.759973 0)
(0.135465 -0.91984 0)
(-0.447204 -2.14273 0)
(-1.30276 -2.17866 0)
(-1.5388 -2.13514 0)
(-1.4824 -2.07736 0)
(-1.35879 -2.00978 0)
(-1.23397 -1.93534 0)
(-1.12057 -1.85714 0)
(-1.01981 -1.77764 0)
(-0.930739 -1.69859 0)
(-0.852028 -1.62118 0)
(-0.782359 -1.54618 0)
(-0.720524 -1.47403 0)
(-0.665455 -1.40499 0)
(-0.616228 -1.33916 0)
(-0.572048 -1.27654 0)
(-0.532241 -1.21707 0)
(-0.496235 -1.16065 0)
(-0.463543 -1.10716 0)
(-0.43375 -1.05647 0)
(-0.406504 -1.00844 0)
(-0.381506 -0.962929 0)
(-0.358498 -0.919801 0)
(-0.337257 -0.878927 0)
(-0.317593 -0.840184 0)
(-0.29934 -0.803453 0)
(-0.282353 -0.768626 0)
(-0.266507 -0.735598 0)
(-0.25169 -0.704274 0)
(-0.237805 -0.674565 0)
(-0.224767 -0.646385 0)
(-0.212497 -0.619658 0)
(-0.200927 -0.594311 0)
(-0.189996 -0.570276 0)
(-0.179649 -0.547492 0)
(-0.169835 -0.525901 0)
(-0.160511 -0.505448 0)
(-0.151635 -0.486085 0)
(-0.143171 -0.467764 0)
(-0.135086 -0.450444 0)
(-0.127349 -0.434084 0)
(-0.119931 -0.418648 0)
(-0.112806 -0.404103 0)
(-0.105951 -0.390417 0)
(-0.0993381 -0.377517 0)
(-0.0929354 -0.365344 0)
(-0.0867211 -0.353921 0)
(-0.0806753 -0.34326 0)
(-0.0747794 -0.33334 0)
(-0.0690166 -0.324145 0)
(-0.0633704 -0.315659 0)
(-0.0578243 -0.307869 0)
(-0.052362 -0.300763 0)
(-0.046967 -0.294331 0)
(-0.0416233 -0.288565 0)
(-0.036315 -0.283461 0)
(-0.0310266 -0.279012 0)
(-0.0257427 -0.275217 0)
(-0.0204478 -0.272076 0)
(-0.0151256 -0.269589 0)
(-0.00975902 -0.26776 0)
(-0.00433003 -0.266594 0)
(0.00118036 -0.266096 0)
(0.00679182 -0.266276 0)
(0.0125246 -0.267145 0)
(0.0183999 -0.268715 0)
(0.0244403 -0.271002 0)
(0.0306703 -0.274023 0)
(0.0371166 -0.277798 0)
(0.0438089 -0.28235 0)
(0.050779 -0.287703 0)
(0.0580614 -0.293885 0)
(0.0656939 -0.300927 0)
(0.0737182 -0.308863 0)
(0.0821812 -0.31773 0)
(0.091136 -0.32757 0)
(0.100643 -0.338427 0)
(0.110768 -0.350347 0)
(0.121589 -0.363384 0)
(0.13319 -0.377593 0)
(0.145671 -0.393033 0)
(0.159148 -0.409767 0)
(0.173754 -0.427862 0)
(0.189644 -0.447385 0)
(0.206999 -0.468403 0)
(0.226032 -0.49098 0)
(0.246993 -0.515177 0)
(0.270181 -0.541041 0)
(0.295945 -0.5686 0)
(0.324697 -0.597848 0)
(0.356919 -0.628728 0)
(0.39317 -0.661103 0)
(0.434083 -0.694723 0)
(0.480338 -0.729171 0)
(0.532583 -0.763796 0)
(0.59111 -0.797636 0)
(0.654401 -0.829395 0)
(0.712402 -0.857797 0)
(0.721277 -0.883973 0)
(0.577111 -0.923293 0)
(0.125643 -1.11452 0)
(-0.414325 -2.61623 0)
(-1.1955 -2.64664 0)
(-1.37094 -2.56123 0)
(-1.27358 -2.45188 0)
(-1.12653 -2.33281 0)
(-0.99121 -2.21142 0)
(-0.876289 -2.09238 0)
(-0.779892 -1.97821 0)
(-0.698799 -1.87011 0)
(-0.6301 -1.76849 0)
(-0.571423 -1.67331 0)
(-0.520881 -1.58434 0)
(-0.476989 -1.50122 0)
(-0.438574 -1.42355 0)
(-0.404707 -1.35093 0)
(-0.374648 -1.28296 0)
(-0.347805 -1.21929 0)
(-0.323697 -1.15959 0)
(-0.301931 -1.10353 0)
(-0.282186 -1.05085 0)
(-0.264195 -1.00128 0)
(-0.247736 -0.95461 0)
(-0.232623 -0.910621 0)
(-0.218697 -0.86913 0)
(-0.205823 -0.829966 0)
(-0.193886 -0.792976 0)
(-0.182787 -0.75802 0)
(-0.17244 -0.724971 0)
(-0.162769 -0.693713 0)
(-0.153709 -0.66414 0)
(-0.145201 -0.636155 0)
(-0.137194 -0.60967 0)
(-0.129642 -0.584604 0)
(-0.122505 -0.560882 0)
(-0.115746 -0.538436 0)
(-0.109333 -0.517204 0)
(-0.103236 -0.497127 0)
(-0.0974289 -0.478153 0)
(-0.0918883 -0.460233 0)
(-0.086592 -0.443322 0)
(-0.08152 -0.427378 0)
(-0.0766538 -0.412364 0)
(-0.0719771 -0.398245 0)
(-0.0674704 -0.384958 0)
(-0.0631103 -0.372452 0)
(-0.0588785 -0.360732 0)
(-0.0547609 -0.349799 0)
(-0.0507454 -0.339632 0)
(-0.0468206 -0.330213 0)
(-0.0429753 -0.321525 0)
(-0.0391981 -0.313554 0)
(-0.0354775 -0.306288 0)
(-0.0318023 -0.299718 0)
(-0.0281613 -0.293834 0)
(-0.0245437 -0.288631 0)
(-0.0209391 -0.284106 0)
(-0.0173367 -0.280255 0)
(-0.0137259 -0.277079 0)
(-0.0100952 -0.27458 0)
(-0.00643234 -0.272761 0)
(-0.00272453 -0.271628 0)
(0.00104161 -0.27119 0)
(0.00487972 -0.271456 0)
(0.00880385 -0.272439 0)
(0.0128288 -0.274155 0)
(0.0169705 -0.276622 0)
(0.0212469 -0.279861 0)
(0.0256778 -0.283894 0)
(0.0302846 -0.28875 0)
(0.0350905 -0.294457 0)
(0.0401204 -0.30105 0)
(0.0454014 -0.308566 0)
(0.0509642 -0.31705 0)
(0.0568441 -0.326547 0)
(0.0630819 -0.33711 0)
(0.0697239 -0.348797 0)
(0.076822 -0.361674 0)
(0.0844346 -0.37581 0)
(0.0926291 -0.391288 0)
(0.101485 -0.408195 0)
(0.111096 -0.426628 0)
(0.121576 -0.446698 0)
(0.133058 -0.468522 0)
(0.145701 -0.492236 0)
(0.159698 -0.517984 0)
(0.175286 -0.545927 0)
(0.192759 -0.576239 0)
(0.212486 -0.609103 0)
(0.234928 -0.64471 0)
(0.260675 -0.683248 0)
(0.290479 -0.724882 0)
(0.325304 -0.769721 0)
(0.366377 -0.817756 0)
(0.415201 -0.868761 0)
(0.473336 -0.922088 0)
(0.541012 -0.976415 0)
(0.610272 -1.0296 0)
(0.638975 -1.08054 0)
(0.522289 -1.14257 0)
(0.108558 -1.37972 0)
(-0.348805 -3.30957 0)
(-0.96713 -3.2851 0)
(-1.03013 -3.06804 0)
(-0.883174 -2.83688 0)
(-0.72964 -2.62371 0)
(-0.60935 -2.43298 0)
(-0.518405 -2.26313 0)
(-0.448588 -2.11147 0)
(-0.39369 -1.97537 0)
(-0.349515 -1.85258 0)
(-0.313242 -1.74121 0)
(-0.282936 -1.63971 0)
(-0.257233 -1.54678 0)
(-0.235155 -1.46138 0)
(-0.21598 -1.3826 0)
(-0.199167 -1.30969 0)
(-0.184314 -1.24203 0)
(-0.171084 -1.17908 0)
(-0.15921 -1.12037 0)
(-0.1485 -1.06551 0)
(-0.138791 -1.01416 0)
(-0.129947 -0.966004 0)
(-0.121855 -0.920788 0)
(-0.114423 -0.878277 0)
(-0.107572 -0.838264 0)
(-0.101235 -0.800564 0)
(-0.0953561 -0.765013 0)
(-0.0898855 -0.731465 0)
(-0.0847812 -0.699786 0)
(-0.0800065 -0.669857 0)
(-0.075529 -0.64157 0)
(-0.0713202 -0.614826 0)
(-0.0673551 -0.589536 0)
(-0.0636112 -0.565619 0)
(-0.0600689 -0.543 0)
(-0.0567106 -0.521612 0)
(-0.0535204 -0.501393 0)
(-0.0504843 -0.482286 0)
(-0.0475894 -0.464239 0)
(-0.0448242 -0.447202 0)
(-0.0421781 -0.431133 0)
(-0.0396416 -0.415991 0)
(-0.0372068 -0.401738 0)
(-0.0348634 -0.388324 0)
(-0.0325972 -0.375706 0)
(-0.0303959 -0.363875 0)
(-0.0282522 -0.352819 0)
(-0.0261605 -0.342518 0)
(-0.0241154 -0.332953 0)
(-0.0221109 -0.324107 0)
(-0.0201413 -0.315967 0)
(-0.0182004 -0.308519 0)
(-0.0162825 -0.301753 0)
(-0.0143819 -0.295661 0)
(-0.0124929 -0.290236 0)
(-0.0106103 -0.285475 0)
(-0.00872833 -0.281375 0)
(-0.00684132 -0.277934 0)
(-0.00494295 -0.275156 0)
(-0.00302656 -0.273043 0)
(-0.00108521 -0.271601 0)
(0.000888141 -0.270838 0)
(0.00290057 -0.270765 0)
(0.00495937 -0.271395 0)
(0.00707237 -0.272743 0)
(0.00924831 -0.274828 0)
(0.011497 -0.277671 0)
(0.0138295 -0.281297 0)
(0.0162574 -0.285733 0)
(0.0187933 -0.291011 0)
(0.0214503 -0.297168 0)
(0.0242432 -0.304245 0)
(0.0271892 -0.312285 0)
(0.0303084 -0.321342 0)
(0.0336238 -0.331471 0)
(0.0371612 -0.342738 0)
(0.0409493 -0.355216 0)
(0.0450209 -0.368987 0)
(0.0494145 -0.384142 0)
(0.0541767 -0.400788 0)
(0.0593637 -0.419042 0)
(0.0650424 -0.439038 0)
(0.0712918 -0.460931 0)
(0.0782079 -0.4849 0)
(0.0859109 -0.511147 0)
(0.0945533 -0.539911 0)
(0.10433 -0.571466 0)
(0.115492 -0.606137 0)
(0.128367 -0.644304 0)
(0.143404 -0.686419 0)
(0.161229 -0.733016 0)
(0.182737 -0.78473 0)
(0.209229 -0.842307 0)
(0.242721 -0.906617 0)
(0.286223 -0.978649 0)
(0.343421 -1.05945 0)
(0.413731 -1.15002 0)
(0.4672 -1.25208 0)
(0.406822 -1.37884 0)
(0.0844875 -1.72365 0)
(-0.131103 -2.53196 0)
(-0.281087 -2.41991 0)
(-0.195267 -2.15972 0)
(-0.115636 -1.93623 0)
(-0.0784149 -1.75694 0)
(-0.0610218 -1.60987 0)
(-0.0509285 -1.48609 0)
(-0.0438752 -1.37978 0)
(-0.0384633 -1.28702 0)
(-0.034128 -1.20504 0)
(-0.0305684 -1.13185 0)
(-0.027592 -1.06595 0)
(-0.0250655 -1.0062 0)
(-0.022893 -0.951697 0)
(-0.0210044 -0.901735 0)
(-0.0193475 -0.85574 0)
(-0.0178735 -0.81324 0)
(-0.0165571 -0.773842 0)
(-0.0153801 -0.737222 0)
(-0.0143143 -0.703102 0)
(-0.0133444 -0.671244 0)
(-0.0124578 -0.641445 0)
(-0.0116438 -0.613525 0)
(-0.0108933 -0.58733 0)
(-0.0101987 -0.562724 0)
(-0.00955343 -0.539585 0)
(-0.00895196 -0.517808 0)
(-0.00838951 -0.497296 0)
(-0.00786195 -0.477964 0)
(-0.00736564 -0.459736 0)
(-0.00689739 -0.442542 0)
(-0.00645438 -0.426321 0)
(-0.00603413 -0.411016 0)
(-0.0056344 -0.396575 0)
(-0.00525324 -0.382952 0)
(-0.00488886 -0.370105 0)
(-0.00453969 -0.357996 0)
(-0.00420429 -0.346588 0)
(-0.00388135 -0.335849 0)
(-0.00356964 -0.32575 0)
(-0.00326808 -0.316263 0)
(-0.00297569 -0.307364 0)
(-0.00269174 -0.299029 0)
(-0.00241531 -0.291237 0)
(-0.00214469 -0.283967 0)
(-0.00187834 -0.277206 0)
(-0.0016156 -0.270942 0)
(-0.00135598 -0.265161 0)
(-0.00109883 -0.259856 0)
(-0.000843454 -0.255015 0)
(-0.000589106 -0.250632 0)
(-0.000335044 -0.246699 0)
(-8.05425e-05 -0.243213 0)
(0.000175098 -0.240168 0)
(0.000432557 -0.237563 0)
(0.000692522 -0.235397 0)
(0.000955729 -0.233668 0)
(0.00122299 -0.23238 0)
(0.00149519 -0.231533 0)
(0.00177331 -0.231133 0)
(0.00205832 -0.231186 0)
(0.0023512 -0.231698 0)
(0.00265295 -0.232679 0)
(0.00296458 -0.23414 0)
(0.00328729 -0.236093 0)
(0.0036224 -0.238551 0)
(0.00397148 -0.241533 0)
(0.00433619 -0.245057 0)
(0.00471829 -0.249144 0)
(0.00511961 -0.253819 0)
(0.00554214 -0.25911 0)
(0.00598817 -0.265046 0)
(0.00646052 -0.271664 0)
(0.00696256 -0.279 0)
(0.00749803 -0.2871 0)
(0.00807097 -0.296013 0)
(0.00868575 -0.305795 0)
(0.00934748 -0.316509 0)
(0.0100625 -0.328226 0)
(0.0108387 -0.341028 0)
(0.0116855 -0.355009 0)
(0.0126138 -0.370276 0)
(0.013636 -0.386955 0)
(0.0147675 -0.405191 0)
(0.0160283 -0.425154 0)
(0.0174442 -0.447047 0)
(0.0190475 -0.471113 0)
(0.0208783 -0.497647 0)
(0.0229885 -0.527011 0)
(0.0254482 -0.559657 0)
(0.0283501 -0.596158 0)
(0.0318094 -0.637262 0)
(0.0359632 -0.683961 0)
(0.0409123 -0.737599 0)
(0.0466782 -0.800056 0)
(0.0531983 -0.873963 0)
(0.0597452 -0.962815 0)
(0.0557653 -1.06934 0)
(-0.00869547 -1.18425 0)
(-0.0478586 -1.38311 0)
)
;

boundaryField
{
    fuel
    {
        type            fixedValue;
        value           uniform (0.1 0 0);
    }
    air
    {
        type            fixedValue;
        value           uniform (-0.1 0 0);
    }
    outlet
    {
        type            zeroGradient;
    }
    frontAndBack
    {
        type            empty;
    }
}


// ************************************************************************* //
