/*--------------------------------*- C++ -*----------------------------------*\
  =========                 |
  \\      /  F ield         | OpenFOAM: The Open Source CFD Toolbox
   \\    /   O peration     | Website:  https://openfoam.org
    \\  /    A nd           | Version:  10
     \\/     M anipulation  |
\*---------------------------------------------------------------------------*/
FoamFile
{
    format      ascii;
    class       volScalarField;
    location    "6.4416e-05";
    object      nut;
}
// * * * * * * * * * * * * * * * * * * * * * * * * * * * * * * * * * * * * * //

dimensions      [0 2 -1 0 0 0 0];

internalField   nonuniform List<scalar> 
7600
(
0.000443131
0.000470777
0.000540599
0.000954762
0.00125596
0.00167454
0.00217967
0.00274835
0.00417104
0.00404536
0.00042993
0.000451843
0.000552803
0.000948438
0.00125553
0.00166918
0.00215023
0.00261735
0.0039685
0.00375628
0.000417886
0.000435788
0.000566382
0.000942704
0.00125538
0.00166582
0.00213956
0.00260996
0.00387415
0.00375878
0.000406717
0.000421745
0.000580137
0.00093696
0.00125521
0.00166424
0.00213556
0.00261405
0.00374395
0.00381072
0.000396477
0.00040953
0.000593984
0.00093168
0.00125558
0.00166433
0.00213536
0.00262427
0.00364541
0.00383669
0.000387169
0.000398914
0.000607485
0.000926925
0.00125636
0.00166534
0.00213705
0.00263727
0.00356532
0.00384187
0.000378565
0.000389746
0.000620156
0.000922847
0.00125725
0.00166646
0.00213948
0.00265068
0.00349651
0.00382914
0.000370643
0.00038221
0.000631957
0.000919861
0.00125844
0.00166817
0.00214253
0.00266313
0.00343715
0.00380617
0.00036424
0.000375934
0.000642228
0.000917776
0.00125991
0.00167039
0.00214543
0.00267372
0.00338735
0.00378089
0.000358101
0.000370122
0.000650202
0.000915916
0.0012612
0.00167208
0.00214756
0.0026816
0.00334717
0.00375899
0.000545235
0.000639807
0.000470343
0.000994527
0.00124949
0.00166401
0.00214068
0.00268282
0.00324262
0.00403394
0.000544078
0.000636671
0.000472103
0.000993991
0.00124993
0.00166421
0.00214056
0.00268464
0.00322545
0.00400321
0.000538176
0.000624446
0.00047443
0.000990958
0.00124891
0.00166267
0.00213848
0.0026867
0.00319084
0.00394449
0.000530987
0.000609234
0.000478465
0.000988051
0.00124863
0.00166158
0.00213625
0.00268969
0.00314061
0.00386306
0.000521623
0.000590585
0.000483754
0.000984292
0.00124821
0.00165992
0.00213253
0.00269186
0.00307496
0.00376294
0.000510815
0.000570088
0.000490343
0.00097994
0.00124782
0.00165775
0.00212715
0.00269144
0.00299317
0.00364555
0.000499218
0.000548749
0.000498114
0.000975474
0.00124762
0.00165524
0.0021201
0.00268642
0.00289358
0.00350872
0.000487322
0.000527762
0.000507229
0.000970452
0.00124816
0.0016539
0.00211234
0.00267547
0.00277227
0.00335309
0.00047534
0.000507278
0.000517236
0.000964989
0.0012491
0.00165474
0.00210885
0.00266026
0.00259337
0.00310293
0.000464135
0.000489618
0.000528474
0.000959775
0.00125218
0.00166287
0.00212925
0.00273253
0.00243454
0.00318782
0.00567611
0.00828183
0.0112148
0.013443
0.0152003
0.0165297
0.0175273
0.0182742
0.0188279
0.0192381
0.0195507
0.0197815
0.0199686
0.0201204
0.0202407
0.0203375
0.0204159
0.0204798
0.0205317
0.0205741
0.0206094
0.020639
0.0206638
0.0206843
0.0207013
0.0207156
0.0207276
0.0207376
0.0207461
0.0207532
0.0207593
0.0207644
0.0207687
0.0207724
0.0207755
0.0207781
0.0207803
0.0207822
0.0207838
0.0207852
0.0207864
0.0207874
0.0207882
0.020789
0.0207896
0.0207901
0.0207906
0.020791
0.0207913
0.0207916
0.0207918
0.020792
0.0207922
0.0207923
0.0207924
0.0207926
0.0207927
0.0207927
0.0207928
0.0207929
0.0207929
0.020793
0.020793
0.0207931
0.0207931
0.0207931
0.0207932
0.0207932
0.0207932
0.0207933
0.0207933
0.0207933
0.0207933
0.0207933
0.0207933
0.0207934
0.0207924
0.020791
0.0207917
0.0207858
0.00567032
0.00824762
0.0112036
0.0134148
0.015174
0.0165064
0.0175072
0.0182574
0.0188229
0.0192375
0.01955
0.0197881
0.0199687
0.0201194
0.0202397
0.0203366
0.0204151
0.020479
0.020531
0.0205735
0.0206088
0.0206386
0.0206634
0.020684
0.0207011
0.0207154
0.0207274
0.0207374
0.0207459
0.0207531
0.0207592
0.0207643
0.0207686
0.0207723
0.0207754
0.0207781
0.0207803
0.0207822
0.0207838
0.0207852
0.0207864
0.0207874
0.0207882
0.020789
0.0207896
0.0207901
0.0207906
0.020791
0.0207913
0.0207916
0.0207918
0.020792
0.0207922
0.0207923
0.0207924
0.0207926
0.0207927
0.0207927
0.0207928
0.0207929
0.0207929
0.020793
0.020793
0.0207931
0.0207931
0.0207931
0.0207932
0.0207932
0.0207932
0.0207933
0.0207933
0.0207933
0.0207933
0.0207933
0.0207933
0.0207934
0.0207924
0.020791
0.0207917
0.0207858
0.00566444
0.00818308
0.0111794
0.0133579
0.015121
0.01646
0.0174673
0.0182227
0.0187991
0.0192262
0.0195422
0.0197954
0.0199723
0.0201183
0.0202381
0.0203349
0.0204134
0.0204776
0.0205298
0.0205724
0.0206078
0.0206377
0.0206627
0.0206834
0.0207006
0.020715
0.020727
0.0207371
0.0207457
0.0207529
0.020759
0.0207642
0.0207685
0.0207722
0.0207753
0.020778
0.0207802
0.0207821
0.0207838
0.0207852
0.0207863
0.0207873
0.0207882
0.0207889
0.0207896
0.0207901
0.0207906
0.0207909
0.0207913
0.0207915
0.0207918
0.020792
0.0207922
0.0207923
0.0207924
0.0207926
0.0207927
0.0207927
0.0207928
0.0207929
0.0207929
0.020793
0.020793
0.0207931
0.0207931
0.0207931
0.0207932
0.0207932
0.0207932
0.0207933
0.0207933
0.0207933
0.0207933
0.0207933
0.0207933
0.0207934
0.0207924
0.020791
0.0207917
0.0207858
0.00566797
0.00809707
0.0111392
0.013272
0.0150412
0.0163911
0.0174083
0.0181719
0.0187503
0.0192069
0.0195375
0.0197959
0.0199894
0.0201201
0.0202373
0.0203332
0.0204114
0.0204758
0.020528
0.0205707
0.0206062
0.0206364
0.0206617
0.0206825
0.0206998
0.0207143
0.0207264
0.0207367
0.0207453
0.0207526
0.0207587
0.0207639
0.0207683
0.020772
0.0207752
0.0207779
0.0207801
0.0207821
0.0207837
0.0207851
0.0207863
0.0207873
0.0207882
0.0207889
0.0207895
0.0207901
0.0207905
0.0207909
0.0207913
0.0207915
0.0207918
0.020792
0.0207921
0.0207923
0.0207924
0.0207926
0.0207927
0.0207927
0.0207928
0.0207929
0.0207929
0.020793
0.020793
0.0207931
0.0207931
0.0207931
0.0207932
0.0207932
0.0207932
0.0207933
0.0207933
0.0207933
0.0207933
0.0207933
0.0207933
0.0207934
0.0207924
0.020791
0.0207917
0.0207859
0.0056922
0.00800407
0.0110787
0.013157
0.0149339
0.0163
0.0173328
0.0181093
0.0186914
0.0191627
0.0195284
0.0197852
0.0200058
0.0201454
0.0202423
0.0203334
0.0204102
0.0204741
0.0205262
0.0205688
0.0206042
0.0206348
0.0206604
0.0206814
0.0206988
0.0207134
0.0207257
0.020736
0.0207447
0.0207521
0.0207583
0.0207636
0.020768
0.0207718
0.020775
0.0207777
0.02078
0.0207819
0.0207836
0.020785
0.0207862
0.0207872
0.0207881
0.0207889
0.0207895
0.0207901
0.0207905
0.0207909
0.0207912
0.0207915
0.0207918
0.020792
0.0207921
0.0207923
0.0207924
0.0207926
0.0207927
0.0207927
0.0207928
0.0207929
0.0207929
0.020793
0.020793
0.0207931
0.0207931
0.0207931
0.0207932
0.0207932
0.0207932
0.0207933
0.0207933
0.0207933
0.0207933
0.0207933
0.0207933
0.0207934
0.0207924
0.020791
0.0207917
0.0207859
0.00574726
0.0079264
0.010992
0.0130138
0.0147997
0.0161879
0.0172429
0.0180356
0.0186294
0.019085
0.0194728
0.0197681
0.0199922
0.0201689
0.020276
0.0203491
0.0204136
0.0204745
0.0205256
0.0205674
0.0206023
0.0206331
0.020659
0.0206801
0.0206977
0.0207124
0.0207248
0.0207353
0.0207441
0.0207515
0.0207578
0.0207632
0.0207677
0.0207715
0.0207747
0.0207775
0.0207798
0.0207818
0.0207835
0.0207849
0.0207861
0.0207872
0.0207881
0.0207888
0.0207895
0.02079
0.0207905
0.0207909
0.0207912
0.0207915
0.0207917
0.020792
0.0207921
0.0207923
0.0207924
0.0207925
0.0207927
0.0207927
0.0207928
0.0207929
0.0207929
0.020793
0.020793
0.0207931
0.0207931
0.0207931
0.0207932
0.0207932
0.0207932
0.0207933
0.0207933
0.0207933
0.0207933
0.0207933
0.0207933
0.0207934
0.0207925
0.020791
0.0207917
0.0207859
0.00583765
0.00789274
0.010859
0.0128196
0.014607
0.0160192
0.0171022
0.017919
0.0185316
0.0189838
0.0193499
0.0196729
0.0199174
0.0201266
0.02028
0.0203754
0.0204406
0.0204838
0.0205257
0.0205639
0.0205973
0.0206291
0.0206559
0.0206776
0.0206955
0.0207106
0.0207232
0.0207339
0.0207429
0.0207505
0.020757
0.0207624
0.0207671
0.020771
0.0207743
0.0207771
0.0207795
0.0207815
0.0207832
0.0207847
0.0207859
0.020787
0.0207879
0.0207887
0.0207894
0.0207899
0.0207904
0.0207908
0.0207912
0.0207915
0.0207917
0.0207919
0.0207921
0.0207923
0.0207924
0.0207925
0.0207926
0.0207927
0.0207928
0.0207929
0.0207929
0.020793
0.020793
0.0207931
0.0207931
0.0207931
0.0207932
0.0207932
0.0207932
0.0207933
0.0207933
0.0207933
0.0207933
0.0207933
0.0207933
0.0207934
0.0207925
0.020791
0.0207917
0.020786
0.00589009
0.00793888
0.010754
0.0127897
0.014679
0.0161849
0.017329
0.0181754
0.0187946
0.019239
0.0195565
0.0198153
0.020042
0.0202321
0.0203936
0.0205012
0.0205664
0.020606
0.0206299
0.0206517
0.0206699
0.0206812
0.0206916
0.0207024
0.0207132
0.0207235
0.0207329
0.0207414
0.0207488
0.0207552
0.0207607
0.0207655
0.0207696
0.0207731
0.0207761
0.0207786
0.0207808
0.0207826
0.0207842
0.0207856
0.0207867
0.0207877
0.0207885
0.0207892
0.0207898
0.0207903
0.0207908
0.0207912
0.0207915
0.0207918
0.020792
0.0207922
0.0207923
0.0207925
0.0207926
0.0207927
0.0207928
0.0207929
0.0207929
0.020793
0.020793
0.0207931
0.0207931
0.0207932
0.0207932
0.0207932
0.0207932
0.0207933
0.0207933
0.0207933
0.0207933
0.0207933
0.0207933
0.0207933
0.0207933
0.0207934
0.0207925
0.020791
0.0207917
0.020786
0.0062892
0.00816445
0.0100904
0.0115768
0.01308
0.014427
0.015582
0.0165437
0.0173304
0.0179648
0.018465
0.0188586
0.019191
0.0194727
0.019728
0.0199317
0.0201057
0.0202542
0.0203653
0.0204476
0.020508
0.0205433
0.0205782
0.02061
0.0206377
0.0206618
0.0206824
0.0207
0.0207149
0.0207275
0.0207381
0.020747
0.0207545
0.0207608
0.0207661
0.0207706
0.0207743
0.0207774
0.02078
0.0207822
0.020784
0.0207855
0.0207868
0.0207878
0.0207887
0.0207894
0.02079
0.0207906
0.020791
0.0207914
0.0207917
0.020792
0.0207922
0.0207924
0.0207925
0.0207926
0.0207927
0.0207928
0.0207929
0.020793
0.020793
0.0207931
0.0207931
0.0207931
0.0207932
0.0207932
0.0207932
0.0207932
0.0207932
0.0207933
0.0207933
0.0207933
0.0207933
0.0207933
0.0207933
0.0207934
0.0207925
0.020791
0.0207917
0.0207861
0.00618239
0.00885407
0.0100712
0.0117541
0.0133142
0.0146754
0.0158108
0.0167371
0.0174851
0.0180854
0.018564
0.0189414
0.0192327
0.0194745
0.0196863
0.0198658
0.0200304
0.0201786
0.0202936
0.0203847
0.0204567
0.0205208
0.0205732
0.0206144
0.0206466
0.0206721
0.0206927
0.0207095
0.0207235
0.020735
0.0207446
0.0207526
0.0207593
0.0207649
0.0207696
0.0207735
0.0207768
0.0207796
0.0207819
0.0207838
0.0207854
0.0207867
0.0207878
0.0207887
0.0207895
0.0207901
0.0207906
0.0207911
0.0207915
0.0207918
0.0207921
0.0207923
0.0207925
0.0207926
0.0207928
0.0207929
0.0207929
0.020793
0.0207931
0.0207931
0.0207931
0.0207932
0.0207932
0.0207932
0.0207932
0.0207933
0.0207933
0.0207933
0.0207933
0.0207933
0.0207933
0.0207933
0.0207933
0.0207933
0.0207934
0.0207934
0.0207925
0.020791
0.0207917
0.0207862
0.00601061
0.00843214
0.0102895
0.0124234
0.014265
0.0157508
0.0168926
0.0177521
0.0183979
0.0188861
0.0192581
0.0195443
0.0197671
0.0199407
0.0200749
0.0201951
0.0202956
0.0203777
0.0204473
0.0205054
0.020553
0.0205979
0.0206346
0.0206633
0.0206859
0.0207041
0.0207189
0.0207311
0.0207412
0.0207497
0.0207567
0.0207627
0.0207676
0.0207718
0.0207753
0.0207782
0.0207807
0.0207828
0.0207845
0.020786
0.0207872
0.0207883
0.0207891
0.0207899
0.0207905
0.020791
0.0207914
0.0207917
0.020792
0.0207922
0.0207923
0.0207924
0.0207925
0.0207926
0.0207926
0.0207927
0.0207927
0.0207928
0.0207928
0.0207928
0.0207929
0.0207929
0.020793
0.020793
0.0207931
0.0207931
0.0207932
0.0207932
0.0207933
0.0207933
0.0207933
0.0207933
0.0207934
0.0207934
0.0207934
0.0207934
0.0207925
0.020791
0.0207918
0.0207862
0.0103342
0.00986758
0.0120072
0.0134362
0.0146781
0.0157451
0.0166435
0.0173905
0.018005
0.0185072
0.0189157
0.0192474
0.0195172
0.0197373
0.0199177
0.0200654
0.0201881
0.0202902
0.0203752
0.0204456
0.0205035
0.0205504
0.02059
0.0206234
0.0206513
0.0206746
0.0206939
0.0207101
0.0207236
0.0207349
0.0207444
0.0207523
0.020759
0.0207646
0.0207692
0.0207732
0.0207765
0.0207792
0.0207815
0.0207835
0.0207851
0.0207865
0.0207876
0.0207886
0.0207894
0.0207901
0.0207906
0.0207911
0.0207915
0.0207918
0.0207921
0.0207923
0.0207925
0.0207927
0.0207928
0.0207929
0.020793
0.0207931
0.0207931
0.0207932
0.0207932
0.0207932
0.0207933
0.0207933
0.0207933
0.0207933
0.0207933
0.0207933
0.0207933
0.0207934
0.0207934
0.0207934
0.0207934
0.0207934
0.0207934
0.0207934
0.0207925
0.020791
0.0207918
0.0207861
0.0106801
0.0104835
0.0125055
0.0138767
0.0151138
0.0161672
0.0170427
0.0177566
0.0183323
0.0187944
0.0191641
0.0194603
0.0196983
0.0198906
0.0200468
0.0201746
0.0202798
0.0203666
0.0204384
0.0204976
0.0205464
0.0205867
0.0206204
0.0206486
0.020672
0.0206915
0.0207078
0.0207215
0.0207329
0.0207425
0.0207505
0.0207573
0.020763
0.0207678
0.0207718
0.0207752
0.0207781
0.0207805
0.0207825
0.0207842
0.0207857
0.0207869
0.0207879
0.0207888
0.0207895
0.0207901
0.0207906
0.0207911
0.0207914
0.0207917
0.020792
0.0207922
0.0207924
0.0207926
0.0207927
0.0207928
0.0207929
0.020793
0.0207931
0.0207931
0.0207932
0.0207932
0.0207932
0.0207933
0.0207933
0.0207933
0.0207933
0.0207933
0.0207934
0.0207934
0.0207934
0.0207934
0.0207934
0.0207934
0.0207934
0.0207934
0.0207925
0.020791
0.0207918
0.0207861
0.0117522
0.0118576
0.0136342
0.0147636
0.0157822
0.0166527
0.0173844
0.0179916
0.0184911
0.0188993
0.0192325
0.0195042
0.019726
0.0199077
0.020057
0.0201802
0.0202823
0.020367
0.0204374
0.0204959
0.0205444
0.0205848
0.0206185
0.0206467
0.0206703
0.02069
0.0207065
0.0207204
0.0207319
0.0207417
0.0207499
0.0207567
0.0207625
0.0207674
0.0207715
0.0207749
0.0207778
0.0207803
0.0207823
0.0207841
0.0207856
0.0207868
0.0207878
0.0207887
0.0207895
0.0207901
0.0207906
0.020791
0.0207914
0.0207917
0.020792
0.0207922
0.0207924
0.0207926
0.0207927
0.0207928
0.0207929
0.020793
0.0207931
0.0207931
0.0207932
0.0207932
0.0207932
0.0207933
0.0207933
0.0207933
0.0207933
0.0207933
0.0207934
0.0207934
0.0207934
0.0207934
0.0207934
0.0207934
0.0207934
0.0207934
0.0207925
0.020791
0.0207918
0.0207861
0.0128193
0.0130575
0.0145421
0.0154717
0.016321
0.0170537
0.0176778
0.0182034
0.0186421
0.0190068
0.0193087
0.019558
0.0197643
0.0199351
0.0200767
0.0201944
0.0202924
0.0203742
0.0204424
0.0204993
0.0205468
0.0205865
0.0206197
0.0206476
0.0206709
0.0206904
0.0207068
0.0207205
0.0207321
0.0207418
0.0207499
0.0207568
0.0207625
0.0207674
0.0207715
0.0207749
0.0207778
0.0207803
0.0207823
0.0207841
0.0207856
0.0207868
0.0207878
0.0207887
0.0207894
0.0207901
0.0207906
0.020791
0.0207914
0.0207917
0.020792
0.0207922
0.0207924
0.0207926
0.0207927
0.0207928
0.0207929
0.020793
0.0207931
0.0207931
0.0207932
0.0207932
0.0207932
0.0207933
0.0207933
0.0207933
0.0207933
0.0207933
0.0207934
0.0207934
0.0207934
0.0207934
0.0207934
0.0207934
0.0207934
0.0207934
0.0207925
0.020791
0.0207918
0.0207861
0.013896
0.0141802
0.0153743
0.016123
0.0168188
0.0174279
0.0179548
0.0184058
0.0187889
0.0191123
0.019384
0.0196121
0.019803
0.0199627
0.0200964
0.0202085
0.0203025
0.0203813
0.0204474
0.0205028
0.0205492
0.0205882
0.0206209
0.0206483
0.0206714
0.0206907
0.020707
0.0207206
0.0207321
0.0207418
0.0207499
0.0207568
0.0207625
0.0207674
0.0207715
0.0207749
0.0207778
0.0207803
0.0207823
0.0207841
0.0207855
0.0207868
0.0207878
0.0207887
0.0207894
0.0207901
0.0207906
0.020791
0.0207914
0.0207917
0.020792
0.0207922
0.0207924
0.0207926
0.0207927
0.0207928
0.0207929
0.020793
0.0207931
0.0207931
0.0207932
0.0207932
0.0207932
0.0207933
0.0207933
0.0207933
0.0207933
0.0207933
0.0207934
0.0207934
0.0207934
0.0207934
0.0207934
0.0207934
0.0207934
0.0207934
0.0207925
0.020791
0.0207918
0.0207861
0.0149033
0.0151815
0.0161126
0.0167047
0.0172667
0.0177679
0.0182096
0.0185946
0.0189275
0.0192132
0.0194573
0.0196649
0.019841
0.0199901
0.0201162
0.0202227
0.0203126
0.0203885
0.0204524
0.0205063
0.0205517
0.0205899
0.020622
0.0206491
0.0206719
0.0206911
0.0207072
0.0207208
0.0207322
0.0207419
0.02075
0.0207568
0.0207625
0.0207674
0.0207715
0.0207749
0.0207778
0.0207803
0.0207823
0.0207841
0.0207855
0.0207868
0.0207878
0.0207887
0.0207894
0.0207901
0.0207906
0.020791
0.0207914
0.0207917
0.020792
0.0207922
0.0207924
0.0207926
0.0207927
0.0207928
0.0207929
0.020793
0.0207931
0.0207931
0.0207932
0.0207932
0.0207932
0.0207933
0.0207933
0.0207933
0.0207933
0.0207933
0.0207934
0.0207934
0.0207934
0.0207934
0.0207934
0.0207934
0.0207934
0.0207934
0.0207925
0.020791
0.0207918
0.0207861
0.0158045
0.0160506
0.0167576
0.0172176
0.0176653
0.0180737
0.0184413
0.0187684
0.0190565
0.0193084
0.019527
0.0197158
0.019878
0.0200169
0.0201356
0.0202366
0.0203226
0.0203956
0.0204575
0.0205099
0.0205542
0.0205916
0.0206233
0.0206499
0.0206725
0.0206914
0.0207075
0.0207209
0.0207323
0.0207419
0.02075
0.0207568
0.0207625
0.0207674
0.0207715
0.0207749
0.0207778
0.0207803
0.0207823
0.0207841
0.0207855
0.0207868
0.0207878
0.0207887
0.0207894
0.0207901
0.0207906
0.020791
0.0207914
0.0207917
0.020792
0.0207922
0.0207924
0.0207926
0.0207927
0.0207928
0.0207929
0.020793
0.0207931
0.0207931
0.0207932
0.0207932
0.0207932
0.0207933
0.0207933
0.0207933
0.0207933
0.0207933
0.0207934
0.0207934
0.0207934
0.0207934
0.0207934
0.0207934
0.0207934
0.0207934
0.0207926
0.020791
0.0207918
0.0207861
0.0165872
0.0167903
0.0173141
0.0176649
0.0180166
0.0183459
0.0186499
0.0189265
0.0191753
0.0193969
0.0195925
0.0197639
0.0199132
0.0200426
0.0201542
0.0202502
0.0203324
0.0204026
0.0204625
0.0205134
0.0205567
0.0205934
0.0206245
0.0206508
0.020673
0.0206918
0.0207077
0.0207211
0.0207324
0.020742
0.02075
0.0207568
0.0207626
0.0207674
0.0207715
0.0207749
0.0207778
0.0207803
0.0207823
0.0207841
0.0207855
0.0207868
0.0207878
0.0207887
0.0207894
0.0207901
0.0207906
0.020791
0.0207914
0.0207917
0.020792
0.0207922
0.0207924
0.0207926
0.0207927
0.0207928
0.0207929
0.020793
0.0207931
0.0207931
0.0207932
0.0207932
0.0207932
0.0207933
0.0207933
0.0207933
0.0207933
0.0207933
0.0207934
0.0207934
0.0207934
0.0207934
0.0207934
0.0207934
0.0207934
0.0207934
0.0207926
0.020791
0.0207918
0.0207861
0.0172545
0.0174118
0.0177897
0.0180514
0.0183233
0.0185861
0.0188358
0.0190688
0.0192832
0.019478
0.0196531
0.0198089
0.0199464
0.0200669
0.020172
0.0202631
0.0203417
0.0204093
0.0204673
0.0205169
0.0205591
0.0205951
0.0206257
0.0206516
0.0206736
0.0206922
0.020708
0.0207213
0.0207325
0.020742
0.0207501
0.0207568
0.0207626
0.0207674
0.0207715
0.0207749
0.0207778
0.0207803
0.0207823
0.0207841
0.0207855
0.0207868
0.0207878
0.0207887
0.0207894
0.02079
0.0207906
0.020791
0.0207914
0.0207917
0.020792
0.0207922
0.0207924
0.0207926
0.0207927
0.0207928
0.0207929
0.020793
0.020793
0.0207931
0.0207932
0.0207932
0.0207932
0.0207933
0.0207933
0.0207933
0.0207933
0.0207933
0.0207934
0.0207934
0.0207934
0.0207934
0.0207934
0.0207934
0.0207934
0.0207933
0.0207926
0.020791
0.0207918
0.0207861
0.0178173
0.0179301
0.0181935
0.0183829
0.018589
0.0187963
0.0189999
0.0191956
0.0193802
0.0195516
0.0197084
0.0198502
0.0199771
0.0200896
0.0201886
0.0202752
0.0203505
0.0204157
0.0204719
0.0205201
0.0205615
0.0205967
0.0206268
0.0206524
0.0206741
0.0206926
0.0207082
0.0207214
0.0207326
0.0207421
0.0207501
0.0207569
0.0207626
0.0207674
0.0207715
0.0207749
0.0207778
0.0207802
0.0207823
0.020784
0.0207855
0.0207868
0.0207878
0.0207887
0.0207894
0.02079
0.0207906
0.020791
0.0207914
0.0207917
0.020792
0.0207922
0.0207924
0.0207926
0.0207927
0.0207928
0.0207929
0.020793
0.020793
0.0207931
0.0207932
0.0207932
0.0207932
0.0207933
0.0207933
0.0207933
0.0207933
0.0207933
0.0207934
0.0207934
0.0207934
0.0207934
0.0207934
0.0207934
0.0207934
0.0207933
0.0207926
0.020791
0.0207918
0.0207861
0.0182898
0.0183608
0.0185346
0.0186654
0.0188173
0.0189784
0.0191434
0.0193074
0.0194664
0.0196174
0.0197583
0.0198877
0.0200051
0.0201104
0.020204
0.0202865
0.0203588
0.0204217
0.0204762
0.0205232
0.0205637
0.0205983
0.0206279
0.0206532
0.0206747
0.0206929
0.0207085
0.0207216
0.0207327
0.0207422
0.0207502
0.0207569
0.0207626
0.0207674
0.0207715
0.0207749
0.0207778
0.0207802
0.0207823
0.020784
0.0207855
0.0207867
0.0207878
0.0207887
0.0207894
0.02079
0.0207906
0.020791
0.0207914
0.0207917
0.020792
0.0207922
0.0207924
0.0207926
0.0207927
0.0207928
0.0207929
0.020793
0.020793
0.0207931
0.0207932
0.0207932
0.0207932
0.0207933
0.0207933
0.0207933
0.0207933
0.0207933
0.0207934
0.0207934
0.0207934
0.0207934
0.0207934
0.0207934
0.0207934
0.0207933
0.0207926
0.020791
0.0207918
0.0207861
0.0186852
0.0187177
0.0188211
0.0189042
0.0190119
0.0191347
0.0192674
0.0194047
0.019542
0.0196756
0.0198026
0.0199212
0.0200303
0.0201292
0.0202179
0.0202967
0.0203663
0.0204271
0.0204801
0.0205261
0.0205657
0.0205997
0.0206289
0.0206539
0.0206752
0.0206933
0.0207087
0.0207218
0.0207328
0.0207422
0.0207502
0.0207569
0.0207626
0.0207674
0.0207715
0.0207749
0.0207778
0.0207802
0.0207823
0.020784
0.0207855
0.0207867
0.0207878
0.0207887
0.0207894
0.02079
0.0207906
0.020791
0.0207914
0.0207917
0.020792
0.0207922
0.0207924
0.0207926
0.0207927
0.0207928
0.0207929
0.020793
0.020793
0.0207931
0.0207932
0.0207932
0.0207932
0.0207933
0.0207933
0.0207933
0.0207933
0.0207933
0.0207933
0.0207934
0.0207934
0.0207934
0.0207934
0.0207934
0.0207934
0.0207933
0.0207926
0.020791
0.0207918
0.0207861
0.0190159
0.019013
0.0190603
0.0191044
0.0191759
0.0192673
0.0193732
0.0194882
0.0196072
0.019726
0.0198413
0.0199506
0.0200524
0.0201458
0.0202302
0.0203059
0.020373
0.020432
0.0204837
0.0205286
0.0205675
0.0206011
0.0206299
0.0206545
0.0206756
0.0206936
0.0207089
0.0207219
0.0207329
0.0207423
0.0207502
0.0207569
0.0207626
0.0207674
0.0207715
0.0207749
0.0207778
0.0207802
0.0207823
0.020784
0.0207855
0.0207867
0.0207878
0.0207887
0.0207894
0.02079
0.0207906
0.020791
0.0207914
0.0207917
0.020792
0.0207922
0.0207924
0.0207926
0.0207927
0.0207928
0.0207929
0.020793
0.020793
0.0207931
0.0207932
0.0207932
0.0207932
0.0207933
0.0207933
0.0207933
0.0207933
0.0207933
0.0207933
0.0207934
0.0207934
0.0207934
0.0207934
0.0207934
0.0207934
0.0207933
0.0207926
0.020791
0.0207918
0.0207861
0.0192921
0.0192561
0.0192582
0.0192702
0.0193121
0.0193778
0.0194618
0.0195585
0.0196624
0.0197689
0.0198743
0.0199758
0.0200715
0.0201601
0.020241
0.0203138
0.0203788
0.0204363
0.0204868
0.0205309
0.0205692
0.0206022
0.0206307
0.0206551
0.020676
0.0206939
0.0207091
0.020722
0.020733
0.0207423
0.0207503
0.020757
0.0207626
0.0207674
0.0207715
0.0207749
0.0207778
0.0207802
0.0207823
0.020784
0.0207855
0.0207867
0.0207878
0.0207887
0.0207894
0.02079
0.0207906
0.020791
0.0207914
0.0207917
0.020792
0.0207922
0.0207924
0.0207925
0.0207927
0.0207928
0.0207929
0.020793
0.020793
0.0207931
0.0207932
0.0207932
0.0207932
0.0207933
0.0207933
0.0207933
0.0207933
0.0207933
0.0207933
0.0207934
0.0207934
0.0207934
0.0207934
0.0207934
0.0207934
0.0207933
0.0207926
0.020791
0.0207918
0.0207861
0.0195211
0.019454
0.019419
0.0194046
0.0194227
0.0194678
0.0195343
0.0196162
0.0197078
0.0198044
0.0199017
0.0199969
0.0200875
0.0201722
0.02025
0.0203205
0.0203838
0.02044
0.0204895
0.0205328
0.0205705
0.0206032
0.0206314
0.0206556
0.0206764
0.0206941
0.0207092
0.0207221
0.0207331
0.0207424
0.0207503
0.020757
0.0207626
0.0207674
0.0207715
0.0207749
0.0207778
0.0207802
0.0207823
0.020784
0.0207855
0.0207867
0.0207878
0.0207887
0.0207894
0.02079
0.0207906
0.020791
0.0207914
0.0207917
0.020792
0.0207922
0.0207924
0.0207925
0.0207927
0.0207928
0.0207929
0.020793
0.020793
0.0207931
0.0207932
0.0207932
0.0207932
0.0207933
0.0207933
0.0207933
0.0207933
0.0207933
0.0207933
0.0207934
0.0207934
0.0207934
0.0207934
0.0207934
0.0207934
0.0207933
0.0207926
0.020791
0.0207918
0.0207861
0.0197074
0.0196114
0.0195458
0.0195101
0.0195095
0.0195385
0.0195913
0.0196617
0.0197439
0.0198326
0.0199236
0.0200137
0.0201003
0.0201818
0.0202572
0.0203259
0.0203878
0.0204429
0.0204916
0.0205344
0.0205717
0.020604
0.020632
0.020656
0.0206766
0.0206943
0.0207094
0.0207222
0.0207332
0.0207424
0.0207503
0.020757
0.0207626
0.0207674
0.0207715
0.0207749
0.0207778
0.0207802
0.0207823
0.020784
0.0207855
0.0207867
0.0207878
0.0207887
0.0207894
0.02079
0.0207906
0.020791
0.0207914
0.0207917
0.020792
0.0207922
0.0207924
0.0207925
0.0207927
0.0207928
0.0207929
0.020793
0.020793
0.0207931
0.0207932
0.0207932
0.0207932
0.0207933
0.0207933
0.0207933
0.0207933
0.0207933
0.0207933
0.0207934
0.0207934
0.0207934
0.0207934
0.0207934
0.0207934
0.0207933
0.0207926
0.020791
0.0207918
0.0207861
0.0198521
0.01973
0.0196402
0.0195883
0.0195736
0.0195908
0.0196336
0.0196956
0.0197707
0.0198536
0.0199399
0.0200263
0.0201099
0.0201891
0.0202627
0.02033
0.0203908
0.0204451
0.0204933
0.0205356
0.0205725
0.0206046
0.0206324
0.0206563
0.0206769
0.0206945
0.0207095
0.0207223
0.0207332
0.0207425
0.0207503
0.020757
0.0207626
0.0207674
0.0207715
0.0207749
0.0207778
0.0207802
0.0207823
0.020784
0.0207855
0.0207867
0.0207878
0.0207887
0.0207894
0.02079
0.0207906
0.020791
0.0207914
0.0207917
0.020792
0.0207922
0.0207924
0.0207925
0.0207927
0.0207928
0.0207929
0.020793
0.020793
0.0207931
0.0207932
0.0207932
0.0207932
0.0207933
0.0207933
0.0207933
0.0207933
0.0207933
0.0207933
0.0207934
0.0207934
0.0207934
0.0207934
0.0207934
0.0207934
0.0207933
0.0207926
0.020791
0.0207918
0.0207861
0.0199526
0.0198097
0.0197029
0.0196399
0.0196159
0.0196253
0.0196615
0.019718
0.0197884
0.0198676
0.0199508
0.0200346
0.0201163
0.020194
0.0202664
0.0203328
0.0203928
0.0204466
0.0204944
0.0205364
0.0205731
0.020605
0.0206327
0.0206565
0.020677
0.0206946
0.0207096
0.0207223
0.0207332
0.0207425
0.0207503
0.020757
0.0207626
0.0207674
0.0207715
0.0207749
0.0207778
0.0207802
0.0207823
0.020784
0.0207855
0.0207867
0.0207878
0.0207887
0.0207894
0.02079
0.0207906
0.020791
0.0207914
0.0207917
0.020792
0.0207922
0.0207924
0.0207925
0.0207927
0.0207928
0.0207929
0.020793
0.020793
0.0207931
0.0207932
0.0207932
0.0207932
0.0207933
0.0207933
0.0207933
0.0207933
0.0207933
0.0207933
0.0207934
0.0207934
0.0207934
0.0207934
0.0207934
0.0207934
0.0207933
0.0207926
0.020791
0.0207918
0.0207861
0.0199998
0.0198489
0.019734
0.0196656
0.019637
0.0196425
0.0196754
0.0197291
0.0197973
0.0198745
0.0199563
0.0200388
0.0201196
0.0201964
0.0202682
0.0203341
0.0203939
0.0204474
0.0204949
0.0205368
0.0205734
0.0206052
0.0206328
0.0206566
0.0206771
0.0206946
0.0207096
0.0207224
0.0207332
0.0207425
0.0207503
0.020757
0.0207626
0.0207674
0.0207715
0.0207749
0.0207778
0.0207802
0.0207823
0.020784
0.0207855
0.0207867
0.0207878
0.0207887
0.0207894
0.02079
0.0207906
0.020791
0.0207914
0.0207917
0.020792
0.0207922
0.0207924
0.0207925
0.0207927
0.0207928
0.0207929
0.020793
0.020793
0.0207931
0.0207932
0.0207932
0.0207932
0.0207933
0.0207933
0.0207933
0.0207933
0.0207933
0.0207933
0.0207934
0.0207934
0.0207934
0.0207934
0.0207934
0.0207934
0.0207933
0.0207926
0.020791
0.0207918
0.0207861
0.00516127
0.00513176
0.00509516
0.00504009
0.00495138
0.00481567
0.0046202
0.00454184
0.00343267
0.00347713
0.00677723
0.00681139
0.00687645
0.00697524
0.00710975
0.00727961
0.00746032
0.00805968
0.00565352
0.00651784
0.00906758
0.00901996
0.00898098
0.00895214
0.00893526
0.00893105
0.00892524
0.00930154
0.00688929
0.0077052
0.0110378
0.0109923
0.0109467
0.010904
0.0108641
0.0108251
0.0107719
0.0110014
0.00862763
0.00937359
0.0127466
0.0126972
0.01264
0.0125783
0.0125119
0.0124402
0.0123518
0.0124619
0.0103872
0.0110537
0.0141714
0.0141232
0.0140627
0.0139941
0.0139171
0.0138304
0.0137276
0.0137593
0.0120592
0.0126188
0.0153379
0.0152946
0.0152374
0.01517
0.0150927
0.0150053
0.0149035
0.01489
0.0135582
0.0140068
0.0162878
0.0162503
0.0161994
0.0161384
0.0160675
0.0159869
0.0158933
0.0158578
0.014848
0.0151956
0.0170632
0.0170312
0.016987
0.0169341
0.0168721
0.016801
0.0167202
0.016676
0.0159254
0.0161884
0.0176986
0.0176724
0.0176351
0.0175901
0.0175371
0.0174762
0.0174068
0.0173615
0.016811
0.0170061
0.0182242
0.0182027
0.0181716
0.0181334
0.0180887
0.0180369
0.0179778
0.0179351
0.0175335
0.0176743
0.0186637
0.0186458
0.0186197
0.0185876
0.0185491
0.0185046
0.0184544
0.0184151
0.0181207
0.0182193
0.019035
0.0190203
0.0189984
0.0189707
0.0189367
0.0188978
0.0188547
0.0188187
0.0186005
0.0186653
0.0193536
0.0193412
0.0193218
0.0192971
0.0192673
0.0192324
0.0191931
0.0191594
0.018995
0.0190323
0.0196313
0.0196204
0.0196029
0.01958
0.0195521
0.0195196
0.0194824
0.0194488
0.0193217
0.0193359
0.0198773
0.0198671
0.0198507
0.0198285
0.0198005
0.0197682
0.0197318
0.019697
0.0195945
0.0195878
0.0201001
0.0200898
0.0200725
0.0200492
0.0200197
0.0199849
0.019946
0.019908
0.0198229
0.019796
0.0203065
0.0202959
0.0202762
0.0202488
0.0202149
0.0201751
0.0201305
0.0200859
0.0200114
0.0199635
0.0204907
0.0204731
0.0204419
0.020401
0.0203536
0.0203028
0.0202511
0.0202014
0.0201392
0.0200801
0.0207092
0.0206781
0.0206283
0.0205706
0.0205091
0.020445
0.0203785
0.0203095
0.0202326
0.0201439
0.00358959
0.00348041
0.00277936
0.00217931
0.00168094
0.00126416
0.000932593
0.000609523
0.000402499
0.000360171
0.00371742
0.00341897
0.00267575
0.00215677
0.0016761
0.00126297
0.00092807
0.000618065
0.000392823
0.000355662
0.00365451
0.00336093
0.00265661
0.00214582
0.00167291
0.00126281
0.000924998
0.000627924
0.00038586
0.00035391
0.0037059
0.00331769
0.00265607
0.00214133
0.00167071
0.00126192
0.00092145
0.000636517
0.000379741
0.000352055
0.00372122
0.00329252
0.00266179
0.00214074
0.00166999
0.00126142
0.000918552
0.000644261
0.000374923
0.000350855
0.0037283
0.00327963
0.00266944
0.00214191
0.00167007
0.00126118
0.000916266
0.000650613
0.000371269
0.000350257
0.00372959
0.00327587
0.0026767
0.00214362
0.00167056
0.00126112
0.000914595
0.000655219
0.00036875
0.000350272
0.00372938
0.00328015
0.00268198
0.00214531
0.00167112
0.00126118
0.000913651
0.000657701
0.000367314
0.000350912
0.00373164
0.00329216
0.00268406
0.00214635
0.00167126
0.00126095
0.000913444
0.00065765
0.000366711
0.000351384
0.00374149
0.00331463
0.00268432
0.00214735
0.00167169
0.00126111
0.000914042
0.000655082
0.000366779
0.000354322
0.00397411
0.00327742
0.00269638
0.00215468
0.00167683
0.00126248
0.000960231
0.000550396
0.000477477
0.000385663
0.0039574
0.00326913
0.00269768
0.00215532
0.0016778
0.00126375
0.000960965
0.000552497
0.000477607
0.000386348
0.00392499
0.00325089
0.00269687
0.00215246
0.00167531
0.00126175
0.00095767
0.000553853
0.000471291
0.000383989
0.00388107
0.00322575
0.00269679
0.00215016
0.001674
0.00126125
0.000955587
0.000557586
0.000464879
0.000382371
0.00382679
0.00319255
0.00269484
0.00214642
0.0016719
0.00126044
0.000952832
0.000562287
0.000456624
0.00038006
0.00375847
0.00314907
0.00268892
0.00214066
0.00166919
0.00125965
0.000949632
0.000568096
0.000447413
0.000377397
0.00366699
0.00309168
0.00267667
0.00213281
0.00166611
0.00125879
0.000946106
0.000575006
0.000437838
0.000374589
0.00355416
0.00301264
0.0026559
0.00212377
0.00166351
0.00125854
0.000942802
0.000582794
0.000428441
0.000372057
0.00330746
0.00283081
0.00262251
0.00211763
0.0016632
0.0012585
0.000938414
0.000590467
0.000418531
0.000369576
0.0034538
0.00276475
0.00270984
0.0021437
0.00167194
0.00126159
0.000935832
0.000599951
0.000411498
0.000367188
0.0200349
0.0200219
0.0199872
0.0199327
0.0198557
0.0197526
0.0196191
0.0194483
0.01923
0.0189509
0.0185967
0.0181426
0.0175527
0.0167947
0.0158778
0.0145895
0.0128348
0.0106536
0.00806372
0.00547732
0.0199979
0.0200229
0.0199879
0.0199332
0.0198556
0.0197518
0.0196175
0.0194459
0.0192266
0.0189459
0.0185907
0.0181356
0.0175493
0.0168383
0.0158618
0.0145519
0.0127673
0.0106057
0.00801107
0.00547147
0.0199298
0.0200251
0.0199895
0.0199341
0.0198556
0.0197502
0.0196144
0.0194412
0.0192199
0.0189362
0.0185795
0.0181233
0.0175444
0.0168978
0.0158279
0.0144627
0.0126346
0.0105143
0.00791335
0.00546545
0.0198388
0.0200282
0.0199917
0.0199354
0.0198553
0.0197477
0.0196095
0.0194342
0.0192103
0.0189225
0.0185656
0.0181117
0.0175989
0.0168551
0.0157299
0.0142492
0.0124463
0.0103868
0.00778446
0.00546962
0.0197329
0.020032
0.0199945
0.0199368
0.0198547
0.0197441
0.019603
0.0194254
0.0191992
0.0189076
0.0185615
0.0181584
0.0176939
0.016715
0.015599
0.0139576
0.0122282
0.0102324
0.00764284
0.00549547
0.0196182
0.0200361
0.0199972
0.0199379
0.0198536
0.019739
0.019595
0.0194177
0.0191965
0.0189217
0.0186435
0.0183029
0.0176321
0.0166087
0.0152674
0.0136924
0.012001
0.0100595
0.0075108
0.0055539
0.0195001
0.0200425
0.0200024
0.0199424
0.0198578
0.0197435
0.0195983
0.0194239
0.0192263
0.0190467
0.01871
0.0182125
0.0172311
0.0161508
0.0147171
0.0133976
0.0117091
0.00983095
0.00739586
0.00563974
0.019368
0.0200305
0.0199963
0.0199512
0.0199033
0.0198599
0.019801
0.0197135
0.0196056
0.0194834
0.0190607
0.0183116
0.0173742
0.0162684
0.0151871
0.0138335
0.0119875
0.00996068
0.00751817
0.0057801
0.0192177
0.0199835
0.0199122
0.0198076
0.0196736
0.0195117
0.0192878
0.0189653
0.0185101
0.0178292
0.0170362
0.0159704
0.0149241
0.0137761
0.012589
0.011151
0.0096441
0.00824693
0.00680311
0.00573355
0.0190957
0.0200234
0.0199597
0.0198595
0.0197127
0.019507
0.0192327
0.0188777
0.0184076
0.0177608
0.0170919
0.0163337
0.015514
0.0145964
0.013427
0.0120755
0.0106086
0.00912199
0.00804536
0.00549782
0.0189102
0.0201017
0.0200547
0.0199801
0.0198706
0.0197179
0.0195254
0.0192896
0.0189948
0.0186426
0.0182123
0.0177217
0.0170773
0.0162252
0.0150941
0.0136284
0.0118224
0.00987907
0.00745497
0.0064964
0.0186044
0.0201639
0.0200921
0.0199843
0.0198391
0.0196547
0.0194257
0.0191417
0.0187939
0.0183759
0.0178693
0.0172589
0.016533
0.0156815
0.014698
0.0135915
0.0123875
0.0112257
0.00865978
0.0115989
0.0183544
0.0202585
0.0201964
0.0201053
0.0199858
0.0198362
0.0196511
0.0194236
0.0191457
0.0188074
0.0183954
0.0178939
0.0172857
0.0165529
0.0156785
0.0146546
0.0134811
0.0122896
0.00973985
0.0121335
0.0181485
0.0203479
0.0202768
0.0201768
0.0200503
0.0198963
0.0197113
0.0194899
0.0192254
0.0189097
0.0185332
0.0180848
0.0175522
0.0169231
0.0161874
0.0153375
0.0143658
0.0133841
0.0111629
0.0129983
0.017992
0.0204405
0.0203587
0.0202504
0.0201196
0.0199658
0.019786
0.0195758
0.0193297
0.0190412
0.0187028
0.0183059
0.0178423
0.0173035
0.0166816
0.015971
0.0151657
0.0143653
0.0125069
0.0138715
0.0178845
0.0205273
0.0204303
0.0203125
0.0201778
0.020025
0.0198512
0.0196526
0.0194244
0.0191615
0.0188586
0.0185098
0.0181091
0.0176509
0.0171304
0.0165449
0.0158912
0.0152548
0.0137519
0.0147563
0.017825
0.0205946
0.0204813
0.0203567
0.020221
0.0200715
0.0199053
0.0197188
0.0195085
0.0192705
0.0190008
0.0186955
0.018351
0.0179641
0.0175326
0.017056
0.0165337
0.0160369
0.0148546
0.015592
0.0178118
0.0206192
0.0205019
0.0203783
0.0202463
0.0201034
0.0199467
0.0197736
0.0195812
0.0193667
0.0191278
0.018862
0.0185675
0.018243
0.0178884
0.017505
0.0170938
0.0167127
0.0158041
0.0163469
0.0178428
0.0205914
0.02049
0.0203768
0.0202541
0.020121
0.0199759
0.0198168
0.0196422
0.0194503
0.0192396
0.0190094
0.018759
0.0184889
0.0182001
0.0178952
0.0175765
0.0172894
0.0166061
0.017008
0.0179159
0.0205348
0.0204546
0.020357
0.0202471
0.0201262
0.0199939
0.0198496
0.0196924
0.0195217
0.019337
0.0191385
0.0189269
0.0187035
0.0184707
0.0182315
0.0179887
0.0177777
0.0172754
0.0175764
0.0180286
0.0204707
0.0204079
0.0203259
0.0202298
0.020122
0.0200032
0.0198735
0.0197331
0.0195821
0.0194209
0.0192506
0.0190728
0.0188895
0.0187039
0.0185192
0.0183388
0.0181891
0.0178303
0.0180601
0.0181785
0.0204083
0.0203582
0.0202896
0.0202066
0.0201116
0.0200059
0.0198904
0.0197657
0.0196327
0.0194927
0.0193472
0.0191985
0.0190495
0.0189034
0.0187641
0.0186346
0.0185347
0.0182889
0.0184693
0.0183629
0.0203514
0.0203104
0.0202527
0.0201812
0.0200979
0.0200044
0.0199019
0.0197916
0.0196749
0.0195535
0.0194296
0.019306
0.0191859
0.0190729
0.018971
0.0188833
0.0188241
0.0186676
0.0188151
0.0185792
0.0203013
0.0202671
0.020218
0.020156
0.020083
0.0200004
0.0199096
0.0198122
0.0197098
0.0196046
0.0194992
0.0193968
0.0193009
0.0192155
0.0191445
0.019091
0.0190654
0.0189798
0.019107
0.018824
0.0202586
0.0202294
0.0201871
0.020133
0.0200686
0.0199954
0.0199147
0.0198284
0.0197383
0.0196469
0.0195571
0.0194724
0.0193965
0.0193337
0.019288
0.0192626
0.0192649
0.0192364
0.0193532
0.0190931
0.0202233
0.0201979
0.0201608
0.020113
0.0200557
0.0199903
0.0199181
0.019841
0.0197612
0.0196812
0.0196042
0.0195339
0.0194742
0.0194296
0.0194044
0.0194018
0.0194275
0.0194451
0.0195596
0.01938
0.0201954
0.0201728
0.0201397
0.0200967
0.020045
0.0199857
0.0199203
0.0198506
0.019779
0.019708
0.0196412
0.0195821
0.0195352
0.0195049
0.0194956
0.0195113
0.019556
0.019611
0.0197293
0.019673
0.0201746
0.0201541
0.0201238
0.0200844
0.0200368
0.019982
0.0199217
0.0198576
0.019792
0.0197279
0.0196685
0.0196178
0.0195803
0.0195605
0.0195632
0.0195924
0.0196521
0.0197361
0.0198623
0.019946
0.020161
0.0201417
0.0201132
0.0200761
0.0200312
0.0199795
0.0199225
0.0198621
0.0198006
0.0197409
0.0196865
0.0196414
0.0196101
0.0195973
0.0196078
0.0196462
0.019716
0.0198205
0.0199564
0.0201347
0.0201541
0.0201355
0.0201079
0.020072
0.0200284
0.0199782
0.0199229
0.0198644
0.0198049
0.0197475
0.0196955
0.0196532
0.0196249
0.0196155
0.01963
0.0196729
0.0197477
0.0198612
0.019999
0.00356628
0.00317575
0.00523351
0.00501194
0.00515028
0.00522037
0.005245
0.00523839
0.00521506
0.00518801
0.00588579
0.004511
0.00855174
0.00743098
0.00723391
0.00705886
0.00693201
0.0068451
0.00679138
0.00676978
0.00712434
0.00575405
0.0102754
0.00941907
0.00941052
0.00935888
0.00930123
0.00923981
0.00917718
0.00911955
0.00867085
0.00736124
0.0118287
0.0111805
0.0112208
0.0112098
0.0111869
0.0111565
0.0111195
0.0110794
0.0102872
0.00911157
0.0131942
0.012736
0.0128158
0.0128424
0.0128495
0.012841
0.012819
0.0127868
0.0118589
0.0108651
0.0143912
0.0140721
0.0141658
0.0142115
0.0142352
0.0142414
0.014231
0.0142067
0.0133071
0.0125067
0.0154219
0.0152017
0.0152936
0.0153458
0.0153765
0.0153894
0.015386
0.0153676
0.014586
0.0139643
0.0162945
0.0161444
0.016227
0.0162779
0.0163103
0.0163261
0.0163266
0.0163128
0.0156805
0.015212
0.0170269
0.0169254
0.016997
0.0170431
0.0170737
0.0170907
0.0170941
0.0170838
0.0165973
0.0162525
0.0176387
0.0175723
0.0176332
0.0176741
0.0177022
0.0177181
0.0177223
0.017715
0.0173548
0.0171075
0.0181503
0.0181092
0.018161
0.0181962
0.0182217
0.0182373
0.018242
0.0182368
0.0179767
0.0178057
0.0185799
0.018557
0.0186019
0.018633
0.0186554
0.0186702
0.0186765
0.0186736
0.0184856
0.0183738
0.0189427
0.0189336
0.0189733
0.0190026
0.0190235
0.019037
0.0190437
0.0190427
0.0189033
0.0188384
0.0192517
0.0192536
0.0192892
0.0193168
0.0193383
0.0193526
0.0193595
0.0193595
0.0192463
0.0192191
0.0195164
0.019528
0.0195624
0.0195893
0.0196104
0.0196258
0.0196345
0.0196359
0.0195282
0.0195328
0.0197448
0.0197647
0.0197992
0.0198281
0.0198511
0.0198678
0.0198779
0.0198809
0.0197578
0.0197897
0.0199407
0.0199701
0.020007
0.0200387
0.0200649
0.0200849
0.020098
0.0201029
0.0199397
0.0199972
0.0201047
0.0201446
0.0201879
0.0202254
0.0202572
0.0202824
0.0202995
0.0203076
0.0200691
0.0201459
0.0202234
0.0202719
0.0203232
0.0203717
0.0204148
0.0204518
0.0204793
0.0204928
0.020132
0.0202333
0.0203122
0.0203782
0.0204421
0.0205037
0.0205622
0.0206169
0.0206668
0.0207041
0.000443139
0.000429925
0.00041788
0.000406703
0.000396478
0.000387179
0.000378563
0.000370634
0.000364223
0.00035809
0.000470761
0.000451831
0.000435785
0.000421737
0.000409533
0.000398914
0.00038974
0.000382202
0.000375916
0.000370141
0.000540591
0.000552804
0.000566396
0.000580152
0.000593982
0.000607468
0.000620163
0.000631971
0.000642244
0.000650263
0.00095478
0.000948463
0.000942726
0.000936972
0.000931661
0.000926944
0.000922857
0.00091986
0.000917812
0.00091591
0.00125597
0.00125553
0.00125538
0.0012552
0.00125552
0.00125631
0.00125719
0.00125843
0.00126
0.00126115
0.0016746
0.00166916
0.00166578
0.0016642
0.00166424
0.00166517
0.00166636
0.00166826
0.0016705
0.00167191
0.00217971
0.00215011
0.00213942
0.00213543
0.00213524
0.00213701
0.00213953
0.00214253
0.00214537
0.00214752
0.00274822
0.00261717
0.00260979
0.00261389
0.00262424
0.00263736
0.00265067
0.002663
0.00267361
0.00268159
0.00417069
0.00396806
0.00387367
0.00374382
0.0036456
0.00356534
0.0034964
0.00343705
0.0033873
0.00334725
0.00404582
0.00375617
0.00375873
0.00381091
0.00383673
0.00384175
0.00382915
0.00380611
0.00378087
0.00375917
0.000545238
0.000544081
0.000538185
0.000530984
0.000521628
0.000510818
0.000499219
0.00048732
0.000475346
0.000464154
0.000639814
0.000636669
0.000624444
0.000609236
0.000590591
0.000570092
0.000548759
0.000527772
0.000507286
0.00048962
0.000470345
0.000472103
0.000474425
0.000478471
0.000483758
0.000490345
0.000498115
0.000507227
0.000517235
0.00052847
0.000994516
0.000994007
0.000990979
0.000988065
0.000984309
0.00097996
0.000975483
0.000970429
0.000964955
0.000959777
0.0012495
0.00124993
0.00124892
0.00124863
0.00124821
0.0012478
0.00124759
0.00124815
0.00124912
0.00125222
0.00166403
0.0016642
0.00166261
0.00166153
0.00165986
0.00165767
0.00165523
0.00165394
0.00165477
0.00166291
0.00214068
0.00214052
0.00213844
0.00213618
0.00213252
0.00212723
0.00212023
0.00211242
0.00210894
0.00212937
0.00268283
0.00268465
0.00268673
0.00268971
0.0026919
0.00269154
0.00268651
0.00267559
0.00266045
0.00273263
0.00324262
0.00322542
0.0031907
0.00314046
0.00307468
0.00299287
0.00289334
0.00277226
0.00259345
0.00243466
0.00403384
0.00400304
0.00394419
0.00386271
0.00376254
0.00364526
0.0035087
0.00335341
0.00310357
0.00318824
0.005676
0.00567016
0.00566432
0.00566791
0.00569232
0.00574773
0.0058388
0.00589212
0.00629086
0.00618099
0.0082818
0.00824756
0.00818313
0.00809716
0.00800414
0.00792633
0.00789232
0.00793787
0.00816288
0.00885094
0.0112146
0.0112032
0.0111788
0.0111386
0.011078
0.0109911
0.0108578
0.0107521
0.0100896
0.0100707
0.0134428
0.0134142
0.0133571
0.0132711
0.013156
0.0130128
0.0128186
0.0127889
0.0115767
0.0117542
0.0152002
0.0151735
0.0151204
0.0150405
0.0149331
0.0147989
0.0146061
0.0146782
0.01308
0.0133143
0.0165296
0.0165061
0.0164596
0.0163905
0.0162993
0.0161871
0.0160183
0.0161841
0.014427
0.0146757
0.0175272
0.0175069
0.0174669
0.0174078
0.0173322
0.0172422
0.0171014
0.0173282
0.015582
0.0158111
0.0182741
0.0182571
0.0182223
0.0181714
0.0181087
0.018035
0.0179183
0.0181747
0.0165437
0.0167375
0.0188278
0.0188226
0.0187986
0.0187499
0.0186909
0.0186288
0.018531
0.018794
0.0173305
0.0174855
0.019238
0.0192374
0.0192259
0.0192066
0.0191622
0.0190844
0.0189833
0.0192386
0.0179649
0.0180858
0.0195507
0.0195499
0.0195419
0.0195373
0.0195281
0.0194724
0.0193493
0.0195561
0.0184652
0.0185644
0.0197815
0.019788
0.0197952
0.0197957
0.0197849
0.0197678
0.0196726
0.0198148
0.0188586
0.0189418
0.0199686
0.0199686
0.0199722
0.0199893
0.0200057
0.0199919
0.019917
0.0200416
0.019191
0.019233
0.0201204
0.0201194
0.0201182
0.02012
0.0201453
0.0201688
0.0201263
0.0202317
0.0194726
0.0194748
0.0202408
0.0202397
0.0202381
0.0202372
0.0202422
0.0202759
0.0202799
0.0203932
0.0197279
0.0196865
0.0203376
0.0203366
0.0203348
0.0203331
0.0203334
0.020349
0.0203752
0.020501
0.0199317
0.0198658
0.020416
0.0204151
0.0204134
0.0204114
0.0204102
0.0204136
0.0204406
0.0205663
0.0201057
0.0200304
0.0204798
0.0204791
0.0204776
0.0204758
0.0204741
0.0204745
0.0204838
0.0206059
0.0202541
0.0201786
0.0205317
0.0205311
0.0205298
0.0205281
0.0205262
0.0205256
0.0205257
0.0206299
0.0203653
0.0202935
0.0205742
0.0205736
0.0205724
0.0205707
0.0205688
0.0205675
0.020564
0.0206517
0.0204475
0.0203846
0.0206094
0.0206089
0.0206078
0.0206062
0.0206043
0.0206024
0.0205974
0.0206699
0.0205079
0.0204566
0.0206391
0.0206387
0.0206378
0.0206365
0.0206349
0.0206332
0.0206291
0.0206812
0.0205432
0.0205207
0.0206638
0.0206635
0.0206628
0.0206617
0.0206604
0.020659
0.020656
0.0206916
0.0205781
0.0205731
0.0206843
0.0206841
0.0206834
0.0206826
0.0206814
0.0206802
0.0206777
0.0207024
0.0206099
0.0206143
0.0207014
0.0207012
0.0207006
0.0206999
0.0206989
0.0206977
0.0206956
0.0207132
0.0206377
0.0206465
0.0207156
0.0207154
0.020715
0.0207143
0.0207135
0.0207125
0.0207106
0.0207236
0.0206617
0.020672
0.0207276
0.0207274
0.020727
0.0207265
0.0207258
0.0207249
0.0207233
0.020733
0.0206824
0.0206926
0.0207377
0.0207375
0.0207372
0.0207367
0.0207361
0.0207353
0.020734
0.0207414
0.0207
0.0207094
0.0207461
0.020746
0.0207457
0.0207453
0.0207448
0.0207441
0.020743
0.0207488
0.0207149
0.0207234
0.0207533
0.0207532
0.0207529
0.0207526
0.0207521
0.0207516
0.0207506
0.0207553
0.0207275
0.0207349
0.0207593
0.0207592
0.020759
0.0207587
0.0207584
0.0207579
0.0207571
0.0207608
0.0207381
0.0207445
0.0207644
0.0207644
0.0207642
0.0207639
0.0207636
0.0207632
0.0207625
0.0207656
0.020747
0.0207525
0.0207688
0.0207687
0.0207685
0.0207683
0.0207681
0.0207677
0.0207671
0.0207697
0.0207545
0.0207592
0.0207724
0.0207724
0.0207722
0.0207721
0.0207718
0.0207715
0.020771
0.0207731
0.0207608
0.0207649
0.0207755
0.0207755
0.0207754
0.0207752
0.020775
0.0207748
0.0207743
0.0207761
0.0207661
0.0207695
0.0207781
0.0207781
0.020778
0.0207779
0.0207777
0.0207775
0.0207772
0.0207787
0.0207706
0.0207735
0.0207804
0.0207803
0.0207803
0.0207802
0.02078
0.0207798
0.0207795
0.0207808
0.0207743
0.0207768
0.0207823
0.0207822
0.0207822
0.0207821
0.020782
0.0207818
0.0207815
0.0207827
0.0207774
0.0207795
0.0207839
0.0207838
0.0207838
0.0207837
0.0207836
0.0207835
0.0207833
0.0207842
0.02078
0.0207818
0.0207852
0.0207852
0.0207852
0.0207851
0.020785
0.0207849
0.0207847
0.0207856
0.0207822
0.0207837
0.0207864
0.0207864
0.0207863
0.0207863
0.0207862
0.0207861
0.020786
0.0207867
0.020784
0.0207853
0.0207874
0.0207874
0.0207874
0.0207873
0.0207872
0.0207872
0.020787
0.0207877
0.0207855
0.0207867
0.0207883
0.0207882
0.0207882
0.0207882
0.0207881
0.0207881
0.0207879
0.0207885
0.0207868
0.0207878
0.020789
0.020789
0.0207889
0.0207889
0.0207889
0.0207888
0.0207887
0.0207892
0.0207878
0.0207887
0.0207896
0.0207896
0.0207896
0.0207895
0.0207895
0.0207894
0.0207893
0.0207898
0.0207887
0.0207895
0.0207901
0.0207901
0.0207901
0.0207901
0.02079
0.02079
0.0207899
0.0207903
0.0207894
0.0207901
0.0207906
0.0207906
0.0207906
0.0207905
0.0207905
0.0207905
0.0207904
0.0207908
0.02079
0.0207906
0.020791
0.020791
0.0207909
0.0207909
0.0207909
0.0207909
0.0207908
0.0207912
0.0207906
0.0207911
0.0207913
0.0207913
0.0207913
0.0207913
0.0207912
0.0207912
0.0207912
0.0207915
0.020791
0.0207915
0.0207916
0.0207916
0.0207915
0.0207915
0.0207915
0.0207915
0.0207914
0.0207918
0.0207914
0.0207918
0.0207918
0.0207918
0.0207918
0.0207918
0.0207918
0.0207917
0.0207917
0.020792
0.0207917
0.0207921
0.020792
0.020792
0.020792
0.020792
0.020792
0.0207919
0.0207919
0.0207922
0.020792
0.0207923
0.0207922
0.0207922
0.0207922
0.0207921
0.0207921
0.0207921
0.0207921
0.0207923
0.0207922
0.0207925
0.0207923
0.0207923
0.0207923
0.0207923
0.0207923
0.0207923
0.0207923
0.0207925
0.0207924
0.0207926
0.0207924
0.0207924
0.0207924
0.0207924
0.0207924
0.0207924
0.0207924
0.0207926
0.0207925
0.0207928
0.0207926
0.0207926
0.0207926
0.0207925
0.0207925
0.0207925
0.0207925
0.0207927
0.0207926
0.0207929
0.0207927
0.0207927
0.0207927
0.0207927
0.0207926
0.0207926
0.0207926
0.0207928
0.0207927
0.0207929
0.0207927
0.0207927
0.0207927
0.0207927
0.0207927
0.0207927
0.0207927
0.0207929
0.0207928
0.020793
0.0207928
0.0207928
0.0207928
0.0207928
0.0207928
0.0207928
0.0207928
0.0207929
0.0207929
0.020793
0.0207929
0.0207929
0.0207929
0.0207929
0.0207929
0.0207929
0.0207929
0.020793
0.0207929
0.0207931
0.0207929
0.0207929
0.0207929
0.0207929
0.0207929
0.0207929
0.0207929
0.020793
0.020793
0.0207931
0.020793
0.020793
0.020793
0.020793
0.020793
0.020793
0.020793
0.0207931
0.020793
0.0207932
0.020793
0.020793
0.020793
0.020793
0.020793
0.020793
0.020793
0.0207931
0.0207931
0.0207932
0.0207931
0.0207931
0.0207931
0.0207931
0.0207931
0.0207931
0.0207931
0.0207932
0.0207931
0.0207932
0.0207931
0.0207931
0.0207931
0.0207931
0.0207931
0.0207931
0.0207931
0.0207932
0.0207932
0.0207932
0.0207931
0.0207931
0.0207931
0.0207931
0.0207931
0.0207931
0.0207931
0.0207932
0.0207932
0.0207933
0.0207932
0.0207932
0.0207932
0.0207932
0.0207932
0.0207932
0.0207932
0.0207932
0.0207932
0.0207933
0.0207932
0.0207932
0.0207932
0.0207932
0.0207932
0.0207932
0.0207932
0.0207932
0.0207932
0.0207933
0.0207932
0.0207932
0.0207932
0.0207932
0.0207932
0.0207932
0.0207932
0.0207933
0.0207932
0.0207933
0.0207933
0.0207933
0.0207933
0.0207933
0.0207933
0.0207933
0.0207933
0.0207933
0.0207933
0.0207933
0.0207933
0.0207933
0.0207933
0.0207933
0.0207933
0.0207933
0.0207933
0.0207933
0.0207933
0.0207933
0.0207933
0.0207933
0.0207933
0.0207933
0.0207933
0.0207933
0.0207933
0.0207933
0.0207933
0.0207933
0.0207933
0.0207933
0.0207933
0.0207933
0.0207933
0.0207933
0.0207933
0.0207933
0.0207933
0.0207933
0.0207933
0.0207933
0.0207933
0.0207933
0.0207933
0.0207933
0.0207933
0.0207933
0.0207933
0.0207933
0.0207933
0.0207933
0.0207933
0.0207933
0.0207933
0.0207933
0.0207933
0.0207934
0.0207933
0.0207934
0.0207934
0.0207934
0.0207934
0.0207934
0.0207934
0.0207934
0.0207934
0.0207934
0.0207934
0.0207934
0.0207924
0.0207924
0.0207924
0.0207924
0.0207925
0.0207925
0.0207925
0.0207925
0.0207925
0.0207925
0.020791
0.020791
0.020791
0.020791
0.020791
0.020791
0.020791
0.020791
0.020791
0.020791
0.0207917
0.0207917
0.0207917
0.0207917
0.0207917
0.0207917
0.0207917
0.0207917
0.0207917
0.0207917
0.0207858
0.0207858
0.0207858
0.0207859
0.0207859
0.0207859
0.020786
0.020786
0.0207861
0.0207862
0.00600956
0.0103341
0.0106811
0.0117528
0.0128198
0.0138964
0.0149037
0.0158048
0.0165874
0.0172547
0.0178176
0.0182901
0.0186854
0.019016
0.0192923
0.0195211
0.0197074
0.0198521
0.0199527
0.0199999
0.00843165
0.0098677
0.0104838
0.0118577
0.0130576
0.0141803
0.0151816
0.0160507
0.0167904
0.017412
0.0179303
0.0183609
0.0187178
0.0190131
0.0192562
0.0194541
0.0196115
0.0197301
0.0198098
0.0198489
0.0102893
0.0120073
0.0125056
0.0136343
0.0145421
0.0153744
0.0161126
0.0167576
0.0173141
0.0177898
0.0181936
0.0185347
0.0188212
0.0190605
0.0192583
0.0194191
0.0195459
0.0196403
0.0197029
0.0197341
0.0124228
0.0134361
0.0138767
0.0147637
0.0154717
0.016123
0.0167047
0.0172176
0.0176649
0.0180515
0.018383
0.0186654
0.0189043
0.0191045
0.0192703
0.0194047
0.0195102
0.0195883
0.01964
0.0196657
0.0142646
0.0146781
0.0151138
0.0157822
0.016321
0.0168188
0.0172667
0.0176654
0.0180166
0.0183233
0.018589
0.0188174
0.019012
0.019176
0.0193122
0.0194228
0.0195095
0.0195737
0.019616
0.019637
0.0157506
0.0157451
0.0161672
0.0166527
0.0170537
0.0174279
0.0177679
0.0180737
0.018346
0.0185862
0.0187963
0.0189785
0.0191348
0.0192673
0.0193778
0.0194679
0.0195386
0.0195908
0.0196254
0.0196425
0.0168925
0.0166436
0.0170427
0.0173844
0.0176778
0.0179548
0.0182096
0.0184413
0.0186499
0.0188358
0.0189999
0.0191434
0.0192674
0.0193732
0.0194619
0.0195343
0.0195914
0.0196336
0.0196616
0.0196755
0.0177522
0.0173905
0.0177566
0.0179916
0.0182034
0.0184058
0.0185946
0.0187684
0.0189265
0.0190688
0.0191956
0.0193074
0.0194047
0.0194882
0.0195585
0.0196162
0.0196618
0.0196956
0.019718
0.0197291
0.018398
0.0180051
0.0183323
0.0184911
0.0186421
0.0187889
0.0189275
0.0190566
0.0191753
0.0192832
0.0193803
0.0194664
0.019542
0.0196072
0.0196624
0.0197079
0.0197439
0.0197707
0.0197885
0.0197973
0.0188863
0.0185073
0.0187944
0.0188993
0.0190068
0.0191123
0.0192132
0.0193084
0.0193969
0.019478
0.0195516
0.0196175
0.0196756
0.019726
0.0197689
0.0198044
0.0198326
0.0198536
0.0198676
0.0198745
0.0192582
0.0189158
0.0191641
0.0192325
0.0193086
0.019384
0.0194573
0.019527
0.0195925
0.0196531
0.0197084
0.0197583
0.0198026
0.0198413
0.0198743
0.0199017
0.0199236
0.01994
0.0199508
0.0199563
0.0195444
0.0192475
0.0194602
0.0195042
0.019558
0.0196121
0.0196649
0.0197158
0.0197639
0.0198089
0.0198502
0.0198877
0.0199212
0.0199506
0.0199758
0.0199969
0.0200137
0.0200263
0.0200346
0.0200388
0.0197672
0.0195172
0.0196983
0.019726
0.0197643
0.019803
0.019841
0.019878
0.0199132
0.0199464
0.0199771
0.0200051
0.0200303
0.0200524
0.0200715
0.0200875
0.0201003
0.0201099
0.0201163
0.0201195
0.0199409
0.0197374
0.0198906
0.0199077
0.0199351
0.0199627
0.0199901
0.0200169
0.0200426
0.0200669
0.0200896
0.0201104
0.0201292
0.0201458
0.0201601
0.0201722
0.0201818
0.0201891
0.020194
0.0201964
0.020075
0.0199178
0.0200468
0.020057
0.0200767
0.0200964
0.0201162
0.0201355
0.0201542
0.020172
0.0201886
0.020204
0.0202179
0.0202302
0.0202409
0.02025
0.0202572
0.0202627
0.0202664
0.0202682
0.0201951
0.0200654
0.0201746
0.0201802
0.0201944
0.0202085
0.0202227
0.0202366
0.0202502
0.0202631
0.0202752
0.0202865
0.0202967
0.0203059
0.0203138
0.0203205
0.0203259
0.02033
0.0203327
0.0203341
0.0202956
0.0201881
0.0202798
0.0202823
0.0202924
0.0203025
0.0203126
0.0203226
0.0203323
0.0203417
0.0203505
0.0203587
0.0203662
0.020373
0.0203788
0.0203838
0.0203878
0.0203908
0.0203928
0.0203939
0.0203777
0.0202902
0.0203666
0.020367
0.0203742
0.0203813
0.0203885
0.0203956
0.0204026
0.0204093
0.0204157
0.0204217
0.0204271
0.020432
0.0204363
0.0204399
0.0204429
0.0204451
0.0204466
0.0204474
0.0204473
0.0203752
0.0204384
0.0204374
0.0204424
0.0204474
0.0204524
0.0204575
0.0204625
0.0204673
0.0204719
0.0204762
0.0204801
0.0204837
0.0204868
0.0204895
0.0204916
0.0204932
0.0204943
0.0204949
0.0205054
0.0204457
0.0204976
0.0204959
0.0204993
0.0205028
0.0205063
0.0205099
0.0205134
0.0205168
0.0205201
0.0205232
0.0205261
0.0205286
0.0205309
0.0205328
0.0205344
0.0205355
0.0205363
0.0205367
0.020553
0.0205035
0.0205464
0.0205444
0.0205468
0.0205492
0.0205517
0.0205542
0.0205567
0.0205591
0.0205614
0.0205636
0.0205657
0.0205675
0.0205691
0.0205705
0.0205716
0.0205725
0.0205731
0.0205734
0.0205978
0.0205504
0.0205867
0.0205848
0.0205865
0.0205882
0.0205899
0.0205916
0.0205934
0.0205951
0.0205967
0.0205983
0.0205997
0.020601
0.0206022
0.0206032
0.020604
0.0206046
0.020605
0.0206052
0.0206346
0.02059
0.0206204
0.0206185
0.0206197
0.0206209
0.020622
0.0206232
0.0206245
0.0206257
0.0206268
0.0206279
0.0206289
0.0206298
0.0206307
0.0206314
0.0206319
0.0206324
0.0206327
0.0206328
0.0206633
0.0206234
0.0206486
0.0206467
0.0206475
0.0206483
0.0206491
0.0206499
0.0206508
0.0206516
0.0206524
0.0206532
0.0206539
0.0206545
0.0206551
0.0206556
0.020656
0.0206563
0.0206565
0.0206566
0.0206859
0.0206513
0.020672
0.0206703
0.0206709
0.0206714
0.0206719
0.0206724
0.020673
0.0206736
0.0206741
0.0206747
0.0206752
0.0206756
0.020676
0.0206764
0.0206766
0.0206768
0.020677
0.0206771
0.020704
0.0206746
0.0206915
0.02069
0.0206904
0.0206907
0.0206911
0.0206914
0.0206918
0.0206922
0.0206926
0.0206929
0.0206933
0.0206936
0.0206939
0.0206941
0.0206943
0.0206944
0.0206945
0.0206946
0.0207189
0.0206939
0.0207078
0.0207065
0.0207068
0.020707
0.0207072
0.0207074
0.0207077
0.020708
0.0207082
0.0207084
0.0207087
0.0207089
0.0207091
0.0207092
0.0207094
0.0207095
0.0207095
0.0207096
0.0207311
0.0207101
0.0207215
0.0207203
0.0207205
0.0207206
0.0207208
0.0207209
0.0207211
0.0207213
0.0207214
0.0207216
0.0207217
0.0207219
0.020722
0.0207221
0.0207222
0.0207223
0.0207223
0.0207224
0.0207412
0.0207236
0.0207329
0.0207319
0.0207321
0.0207321
0.0207322
0.0207323
0.0207324
0.0207325
0.0207326
0.0207327
0.0207328
0.0207329
0.020733
0.0207331
0.0207331
0.0207332
0.0207332
0.0207332
0.0207496
0.0207349
0.0207425
0.0207417
0.0207417
0.0207418
0.0207418
0.0207419
0.020742
0.020742
0.0207421
0.0207422
0.0207422
0.0207423
0.0207423
0.0207424
0.0207424
0.0207424
0.0207425
0.0207425
0.0207567
0.0207444
0.0207505
0.0207498
0.0207499
0.0207499
0.02075
0.02075
0.02075
0.0207501
0.0207501
0.0207501
0.0207502
0.0207502
0.0207502
0.0207503
0.0207503
0.0207503
0.0207503
0.0207503
0.0207626
0.0207523
0.0207573
0.0207567
0.0207568
0.0207568
0.0207568
0.0207568
0.0207568
0.0207568
0.0207569
0.0207569
0.0207569
0.0207569
0.0207569
0.020757
0.020757
0.020757
0.020757
0.020757
0.0207676
0.020759
0.020763
0.0207625
0.0207625
0.0207625
0.0207625
0.0207625
0.0207626
0.0207626
0.0207626
0.0207626
0.0207626
0.0207626
0.0207626
0.0207626
0.0207626
0.0207626
0.0207626
0.0207626
0.0207718
0.0207646
0.0207678
0.0207674
0.0207674
0.0207674
0.0207674
0.0207674
0.0207674
0.0207674
0.0207674
0.0207674
0.0207674
0.0207674
0.0207674
0.0207674
0.0207674
0.0207674
0.0207674
0.0207674
0.0207753
0.0207692
0.0207718
0.0207715
0.0207715
0.0207715
0.0207715
0.0207715
0.0207715
0.0207715
0.0207715
0.0207715
0.0207715
0.0207715
0.0207715
0.0207715
0.0207715
0.0207715
0.0207715
0.0207715
0.0207782
0.0207732
0.0207752
0.0207749
0.0207749
0.0207749
0.0207749
0.0207749
0.0207749
0.0207749
0.0207749
0.0207749
0.0207749
0.0207749
0.0207749
0.0207749
0.0207749
0.0207749
0.0207749
0.0207749
0.0207807
0.0207765
0.0207781
0.0207778
0.0207778
0.0207778
0.0207778
0.0207778
0.0207778
0.0207778
0.0207778
0.0207778
0.0207778
0.0207778
0.0207778
0.0207778
0.0207778
0.0207778
0.0207778
0.0207778
0.0207828
0.0207792
0.0207805
0.0207803
0.0207803
0.0207803
0.0207803
0.0207803
0.0207803
0.0207802
0.0207802
0.0207802
0.0207802
0.0207802
0.0207802
0.0207802
0.0207802
0.0207802
0.0207802
0.0207802
0.0207845
0.0207815
0.0207825
0.0207823
0.0207823
0.0207823
0.0207823
0.0207823
0.0207823
0.0207823
0.0207823
0.0207823
0.0207823
0.0207823
0.0207823
0.0207823
0.0207823
0.0207823
0.0207823
0.0207823
0.020786
0.0207835
0.0207842
0.0207841
0.0207841
0.0207841
0.0207841
0.0207841
0.0207841
0.020784
0.020784
0.020784
0.020784
0.020784
0.020784
0.020784
0.020784
0.020784
0.020784
0.020784
0.0207872
0.0207851
0.0207857
0.0207856
0.0207856
0.0207855
0.0207855
0.0207855
0.0207855
0.0207855
0.0207855
0.0207855
0.0207855
0.0207855
0.0207855
0.0207855
0.0207855
0.0207855
0.0207855
0.0207855
0.0207883
0.0207865
0.0207869
0.0207868
0.0207868
0.0207868
0.0207868
0.0207868
0.0207868
0.0207868
0.0207867
0.0207867
0.0207867
0.0207867
0.0207867
0.0207867
0.0207867
0.0207867
0.0207867
0.0207867
0.0207891
0.0207876
0.0207879
0.0207878
0.0207878
0.0207878
0.0207878
0.0207878
0.0207878
0.0207878
0.0207878
0.0207878
0.0207878
0.0207878
0.0207878
0.0207878
0.0207878
0.0207878
0.0207878
0.0207878
0.0207899
0.0207886
0.0207888
0.0207887
0.0207887
0.0207887
0.0207887
0.0207887
0.0207887
0.0207887
0.0207887
0.0207887
0.0207887
0.0207887
0.0207887
0.0207887
0.0207887
0.0207887
0.0207886
0.0207886
0.0207905
0.0207894
0.0207895
0.0207894
0.0207894
0.0207894
0.0207894
0.0207894
0.0207894
0.0207894
0.0207894
0.0207894
0.0207894
0.0207894
0.0207894
0.0207894
0.0207894
0.0207894
0.0207894
0.0207894
0.020791
0.0207901
0.0207901
0.0207901
0.0207901
0.0207901
0.0207901
0.0207901
0.02079
0.02079
0.02079
0.02079
0.02079
0.02079
0.02079
0.02079
0.02079
0.02079
0.02079
0.02079
0.0207914
0.0207906
0.0207906
0.0207906
0.0207906
0.0207906
0.0207906
0.0207906
0.0207906
0.0207906
0.0207906
0.0207906
0.0207906
0.0207906
0.0207906
0.0207906
0.0207906
0.0207906
0.0207906
0.0207906
0.0207917
0.0207911
0.0207911
0.020791
0.020791
0.020791
0.020791
0.020791
0.020791
0.020791
0.020791
0.020791
0.020791
0.020791
0.020791
0.020791
0.020791
0.020791
0.020791
0.020791
0.020792
0.0207915
0.0207914
0.0207914
0.0207914
0.0207914
0.0207914
0.0207914
0.0207914
0.0207914
0.0207914
0.0207914
0.0207914
0.0207914
0.0207914
0.0207914
0.0207914
0.0207914
0.0207914
0.0207914
0.0207922
0.0207918
0.0207917
0.0207917
0.0207917
0.0207917
0.0207917
0.0207917
0.0207917
0.0207917
0.0207917
0.0207917
0.0207917
0.0207917
0.0207917
0.0207917
0.0207917
0.0207917
0.0207917
0.0207917
0.0207923
0.0207921
0.020792
0.020792
0.020792
0.020792
0.020792
0.020792
0.020792
0.020792
0.020792
0.020792
0.020792
0.020792
0.020792
0.020792
0.020792
0.020792
0.020792
0.020792
0.0207924
0.0207923
0.0207922
0.0207922
0.0207922
0.0207922
0.0207922
0.0207922
0.0207922
0.0207922
0.0207922
0.0207922
0.0207922
0.0207922
0.0207922
0.0207922
0.0207922
0.0207922
0.0207922
0.0207922
0.0207925
0.0207925
0.0207924
0.0207924
0.0207924
0.0207924
0.0207924
0.0207924
0.0207924
0.0207924
0.0207924
0.0207924
0.0207924
0.0207924
0.0207924
0.0207924
0.0207924
0.0207924
0.0207924
0.0207924
0.0207926
0.0207927
0.0207926
0.0207926
0.0207926
0.0207926
0.0207926
0.0207926
0.0207926
0.0207926
0.0207926
0.0207926
0.0207925
0.0207925
0.0207925
0.0207925
0.0207925
0.0207925
0.0207925
0.0207925
0.0207926
0.0207928
0.0207927
0.0207927
0.0207927
0.0207927
0.0207927
0.0207927
0.0207927
0.0207927
0.0207927
0.0207927
0.0207927
0.0207927
0.0207927
0.0207927
0.0207927
0.0207927
0.0207927
0.0207927
0.0207927
0.0207929
0.0207928
0.0207928
0.0207928
0.0207928
0.0207928
0.0207928
0.0207928
0.0207928
0.0207928
0.0207928
0.0207928
0.0207928
0.0207928
0.0207928
0.0207928
0.0207928
0.0207928
0.0207928
0.0207927
0.020793
0.0207929
0.0207929
0.0207929
0.0207929
0.0207929
0.0207929
0.0207929
0.0207929
0.0207929
0.0207929
0.0207929
0.0207929
0.0207929
0.0207929
0.0207929
0.0207929
0.0207929
0.0207929
0.0207928
0.0207931
0.020793
0.020793
0.020793
0.020793
0.020793
0.020793
0.020793
0.020793
0.020793
0.020793
0.020793
0.020793
0.020793
0.020793
0.020793
0.020793
0.020793
0.020793
0.0207928
0.0207931
0.020793
0.0207931
0.0207931
0.0207931
0.0207931
0.0207931
0.020793
0.020793
0.020793
0.020793
0.020793
0.020793
0.020793
0.020793
0.020793
0.020793
0.020793
0.020793
0.0207928
0.0207932
0.0207931
0.0207931
0.0207931
0.0207931
0.0207931
0.0207931
0.0207931
0.0207931
0.0207931
0.0207931
0.0207931
0.0207931
0.0207931
0.0207931
0.0207931
0.0207931
0.0207931
0.0207931
0.0207929
0.0207932
0.0207932
0.0207932
0.0207932
0.0207932
0.0207932
0.0207932
0.0207932
0.0207932
0.0207932
0.0207932
0.0207932
0.0207932
0.0207932
0.0207932
0.0207932
0.0207932
0.0207931
0.0207931
0.0207929
0.0207932
0.0207932
0.0207932
0.0207932
0.0207932
0.0207932
0.0207932
0.0207932
0.0207932
0.0207932
0.0207932
0.0207932
0.0207932
0.0207932
0.0207932
0.0207932
0.0207932
0.0207932
0.0207932
0.020793
0.0207933
0.0207932
0.0207932
0.0207932
0.0207932
0.0207932
0.0207932
0.0207932
0.0207932
0.0207932
0.0207932
0.0207932
0.0207932
0.0207932
0.0207932
0.0207932
0.0207932
0.0207932
0.0207932
0.020793
0.0207933
0.0207933
0.0207933
0.0207933
0.0207933
0.0207933
0.0207933
0.0207933
0.0207933
0.0207933
0.0207933
0.0207933
0.0207933
0.0207933
0.0207933
0.0207933
0.0207933
0.0207933
0.0207933
0.0207931
0.0207933
0.0207933
0.0207933
0.0207933
0.0207933
0.0207933
0.0207933
0.0207933
0.0207933
0.0207933
0.0207933
0.0207933
0.0207933
0.0207933
0.0207933
0.0207933
0.0207933
0.0207933
0.0207933
0.0207931
0.0207933
0.0207933
0.0207933
0.0207933
0.0207933
0.0207933
0.0207933
0.0207933
0.0207933
0.0207933
0.0207933
0.0207933
0.0207933
0.0207933
0.0207933
0.0207933
0.0207933
0.0207933
0.0207933
0.0207932
0.0207933
0.0207933
0.0207933
0.0207933
0.0207933
0.0207933
0.0207933
0.0207933
0.0207933
0.0207933
0.0207933
0.0207933
0.0207933
0.0207933
0.0207933
0.0207933
0.0207933
0.0207933
0.0207933
0.0207932
0.0207933
0.0207933
0.0207933
0.0207933
0.0207933
0.0207933
0.0207933
0.0207933
0.0207933
0.0207933
0.0207933
0.0207933
0.0207933
0.0207933
0.0207933
0.0207933
0.0207933
0.0207933
0.0207933
0.0207932
0.0207933
0.0207934
0.0207934
0.0207934
0.0207934
0.0207934
0.0207934
0.0207934
0.0207934
0.0207934
0.0207934
0.0207933
0.0207933
0.0207933
0.0207933
0.0207933
0.0207933
0.0207933
0.0207933
0.0207933
0.0207934
0.0207934
0.0207934
0.0207934
0.0207934
0.0207934
0.0207934
0.0207934
0.0207934
0.0207934
0.0207934
0.0207934
0.0207934
0.0207934
0.0207934
0.0207934
0.0207934
0.0207934
0.0207934
0.0207933
0.0207934
0.0207934
0.0207934
0.0207934
0.0207934
0.0207934
0.0207934
0.0207934
0.0207934
0.0207934
0.0207934
0.0207934
0.0207934
0.0207934
0.0207934
0.0207934
0.0207934
0.0207934
0.0207934
0.0207933
0.0207934
0.0207934
0.0207934
0.0207934
0.0207934
0.0207934
0.0207934
0.0207934
0.0207934
0.0207934
0.0207934
0.0207934
0.0207934
0.0207934
0.0207934
0.0207934
0.0207934
0.0207934
0.0207934
0.0207934
0.0207934
0.0207934
0.0207934
0.0207934
0.0207934
0.0207934
0.0207934
0.0207934
0.0207934
0.0207934
0.0207934
0.0207934
0.0207934
0.0207934
0.0207934
0.0207934
0.0207934
0.0207934
0.0207934
0.0207934
0.0207934
0.0207934
0.0207934
0.0207934
0.0207934
0.0207934
0.0207934
0.0207934
0.0207934
0.0207934
0.0207934
0.0207934
0.0207934
0.0207934
0.0207934
0.0207934
0.0207934
0.0207934
0.0207934
0.0207934
0.0207934
0.0207934
0.0207934
0.0207934
0.0207934
0.0207934
0.0207934
0.0207934
0.0207934
0.0207934
0.0207934
0.0207934
0.0207934
0.0207934
0.0207934
0.0207934
0.0207934
0.0207934
0.0207934
0.0207934
0.0207934
0.0207934
0.0207934
0.0207934
0.0207934
0.0207934
0.0207934
0.0207934
0.0207933
0.0207933
0.0207933
0.0207933
0.0207933
0.0207933
0.0207933
0.0207933
0.0207933
0.0207933
0.0207933
0.0207925
0.0207925
0.0207925
0.0207925
0.0207925
0.0207925
0.0207925
0.0207926
0.0207926
0.0207926
0.0207926
0.0207926
0.0207926
0.0207926
0.0207926
0.0207926
0.0207926
0.0207926
0.0207926
0.0207926
0.020791
0.020791
0.020791
0.020791
0.020791
0.020791
0.020791
0.020791
0.020791
0.020791
0.020791
0.020791
0.020791
0.020791
0.020791
0.020791
0.020791
0.020791
0.020791
0.020791
0.0207918
0.0207918
0.0207918
0.0207918
0.0207918
0.0207918
0.0207918
0.0207918
0.0207918
0.0207918
0.0207918
0.0207918
0.0207918
0.0207918
0.0207918
0.0207918
0.0207918
0.0207918
0.0207918
0.0207918
0.0207862
0.0207861
0.0207861
0.0207861
0.0207861
0.0207861
0.0207861
0.0207861
0.0207861
0.0207861
0.0207861
0.0207861
0.0207861
0.0207861
0.0207861
0.0207861
0.0207861
0.0207861
0.0207861
0.0207861
0.00516144
0.00677732
0.00906792
0.0110377
0.0127468
0.0141715
0.0153379
0.0162883
0.0170638
0.0176989
0.0182242
0.0186639
0.0190353
0.0193535
0.0196323
0.0198777
0.0201005
0.0203067
0.0204912
0.0207094
0.00513185
0.0068114
0.00901999
0.0109927
0.012697
0.0141238
0.0152949
0.0162503
0.0170319
0.0176726
0.0182026
0.0186459
0.0190204
0.0193408
0.0196208
0.0198676
0.0200901
0.0202961
0.0204734
0.0206782
0.00509514
0.00687623
0.00898098
0.0109475
0.0126402
0.0140629
0.0152377
0.0161995
0.0169875
0.0176356
0.0181715
0.0186197
0.0189985
0.0193217
0.0196027
0.0198508
0.0200726
0.0202763
0.020442
0.0206283
0.00503997
0.00697494
0.00895223
0.0109043
0.0125785
0.0139942
0.0151706
0.0161389
0.0169346
0.0175908
0.0181338
0.0185877
0.0189708
0.0192974
0.01958
0.0198284
0.0200489
0.0202489
0.0204011
0.0205709
0.00495117
0.00710939
0.00893503
0.0108638
0.012512
0.0139175
0.0150937
0.016068
0.0168729
0.0175379
0.0180891
0.0185493
0.018937
0.0192676
0.0195522
0.0198007
0.0200196
0.0202148
0.0203539
0.0205094
0.00481541
0.00727903
0.00893057
0.0108249
0.0124404
0.0138314
0.0150064
0.0159873
0.0168021
0.0174769
0.0180373
0.0185051
0.0188982
0.0192329
0.0195195
0.0197682
0.0199851
0.0201751
0.020303
0.0204452
0.00461996
0.00745965
0.00892489
0.0107721
0.0123524
0.0137289
0.0149045
0.0158942
0.016721
0.0174075
0.0179786
0.018455
0.0188549
0.0191936
0.0194825
0.0197316
0.0199462
0.0201308
0.0202511
0.0203785
0.0045416
0.00805924
0.00930147
0.0110019
0.0124631
0.0137604
0.0148908
0.0158592
0.0166767
0.0173625
0.0179361
0.0184155
0.0188188
0.0191596
0.0194491
0.019697
0.0199081
0.020086
0.0202013
0.0203095
0.00343266
0.00565387
0.00688989
0.00862866
0.0103887
0.0120603
0.0135596
0.0148494
0.0159265
0.0168122
0.0175342
0.0181212
0.0186009
0.0189952
0.0193218
0.0195948
0.019823
0.0200114
0.0201391
0.0202327
0.00347727
0.0065181
0.0077061
0.00937489
0.0110553
0.0126201
0.0140084
0.0151968
0.0161895
0.0170069
0.0176749
0.0182199
0.0186657
0.0190326
0.019336
0.019588
0.019796
0.0199635
0.0200802
0.020144
0.00358964
0.00371752
0.00365453
0.00370594
0.00372135
0.00372852
0.00372982
0.00372949
0.00373169
0.00374164
0.00348085
0.00341913
0.00336085
0.00331753
0.0032925
0.00327988
0.00327609
0.00328008
0.00329214
0.00331477
0.00277951
0.00267583
0.00265663
0.00265606
0.00266176
0.00266947
0.00267679
0.00268201
0.00268415
0.0026844
0.00217935
0.00215675
0.00214581
0.00214136
0.00214078
0.00214187
0.00214357
0.0021453
0.00214642
0.00214746
0.00168095
0.0016761
0.00167289
0.00167072
0.00167003
0.00167005
0.00167047
0.00167109
0.00167147
0.00167173
0.00126417
0.00126298
0.00126281
0.00126193
0.00126145
0.0012612
0.00126112
0.00126122
0.00126104
0.00126101
0.000932578
0.000928046
0.000924995
0.00092149
0.000918597
0.000916291
0.000914629
0.000913709
0.000913434
0.000913935
0.000609524
0.000618047
0.000627903
0.000636516
0.000644296
0.000650659
0.000655242
0.000657699
0.000657591
0.000655071
0.000402495
0.000392809
0.000385849
0.00037976
0.000374937
0.000371262
0.000368743
0.000367301
0.000366697
0.000366808
0.000360175
0.000355661
0.00035391
0.000352066
0.00035085
0.000350243
0.000350272
0.000350913
0.000351389
0.000354331
0.00397418
0.00395748
0.00392519
0.0038812
0.00382682
0.00375845
0.00366699
0.00355404
0.00330703
0.00345344
0.00327744
0.00326921
0.00325109
0.00322583
0.00319253
0.00314911
0.00309171
0.00301265
0.00283071
0.00276471
0.00269635
0.00269774
0.00269693
0.00269677
0.00269474
0.00268888
0.0026767
0.00265595
0.0026225
0.00270987
0.00215465
0.00215528
0.00215243
0.00215014
0.00214635
0.00214062
0.0021328
0.00212377
0.00211764
0.00214377
0.00167679
0.00167773
0.0016753
0.00167403
0.00167191
0.00166914
0.00166609
0.00166351
0.00166317
0.00167195
0.00126247
0.00126373
0.00126173
0.00126129
0.00126047
0.0012596
0.00125875
0.00125853
0.00125848
0.00126158
0.000960244
0.000960962
0.000957653
0.000955611
0.000952841
0.00094961
0.00094609
0.000942802
0.000938401
0.000935818
0.0005504
0.000552495
0.000553846
0.000557574
0.000562292
0.000568106
0.000575005
0.000582789
0.000590458
0.000599952
0.000477469
0.00047761
0.000471294
0.000464872
0.000456621
0.000447416
0.000437846
0.000428457
0.000418536
0.000411488
0.000385656
0.000386347
0.000383991
0.000382373
0.000380058
0.000377396
0.000374599
0.000372068
0.000369569
0.000367179
0.0200351
0.019998
0.0199297
0.0198387
0.019733
0.0196183
0.0195003
0.0193683
0.0192182
0.0190963
0.0200222
0.0200233
0.0200253
0.0200284
0.0200322
0.0200364
0.0200428
0.0200308
0.019984
0.0200238
0.0199874
0.0199882
0.0199897
0.0199919
0.0199947
0.0199975
0.0200028
0.0199966
0.0199127
0.0199602
0.019933
0.0199334
0.0199343
0.0199356
0.019937
0.0199382
0.0199427
0.0199515
0.019808
0.0198599
0.0198559
0.0198559
0.0198557
0.0198555
0.019855
0.0198538
0.0198581
0.0199036
0.019674
0.0197131
0.0197528
0.019752
0.0197504
0.0197479
0.0197443
0.0197393
0.0197438
0.0198603
0.0195121
0.0195074
0.0196192
0.0196177
0.0196146
0.0196098
0.0196033
0.0195953
0.0195986
0.0198015
0.0192883
0.019233
0.0194485
0.0194462
0.0194414
0.0194345
0.0194257
0.019418
0.0194243
0.019714
0.0189658
0.0188779
0.0192302
0.0192268
0.0192201
0.0192106
0.0191995
0.0191969
0.0192268
0.0196062
0.0185105
0.0184078
0.0189511
0.0189462
0.0189365
0.0189229
0.018908
0.0189221
0.0190472
0.0194843
0.0178297
0.0177608
0.0185969
0.0185909
0.0185797
0.018566
0.018562
0.0186441
0.0187107
0.0190619
0.0170367
0.0170916
0.0181428
0.018136
0.0181236
0.0181122
0.0181591
0.0183038
0.0182136
0.0183127
0.0159707
0.0163334
0.0175529
0.0175496
0.0175449
0.0175996
0.0176947
0.0176332
0.0172324
0.0173755
0.0149241
0.0155135
0.0167948
0.0168386
0.0168985
0.0168562
0.0167159
0.0166099
0.0161523
0.0162695
0.0137759
0.014596
0.015878
0.0158623
0.0158286
0.0157309
0.0156003
0.0152689
0.0147185
0.0151882
0.0125888
0.0134265
0.0145894
0.0145523
0.0144636
0.0142503
0.0139589
0.0136938
0.0133989
0.0138348
0.0111508
0.0120749
0.0128348
0.0127677
0.0126354
0.0124472
0.0122292
0.0120021
0.0117103
0.0119886
0.00964387
0.010608
0.0106537
0.0106061
0.0105148
0.0103875
0.0102331
0.0100602
0.00983164
0.00996131
0.00824675
0.00912166
0.0080638
0.00801127
0.00791355
0.00778466
0.00764302
0.00751096
0.00739608
0.0075184
0.00680299
0.00804513
0.00547732
0.00547153
0.00546554
0.00546975
0.00549556
0.00555386
0.00563972
0.0057798
0.00573303
0.00549745
0.0189107
0.0186048
0.0183547
0.0181489
0.0179924
0.0178848
0.0178253
0.017812
0.017843
0.0179161
0.0180287
0.0181786
0.0183631
0.0185794
0.0188242
0.0190932
0.0193801
0.0196731
0.0199461
0.0201348
0.0201018
0.0201639
0.0202585
0.0203479
0.0204405
0.0205273
0.0205946
0.0206192
0.0205914
0.0205348
0.0204707
0.0204084
0.0203514
0.0203013
0.0202586
0.0202233
0.0201954
0.0201747
0.020161
0.0201542
0.0200548
0.0200921
0.0201964
0.0202768
0.0203587
0.0204302
0.0204813
0.0205019
0.02049
0.0204547
0.0204079
0.0203582
0.0203104
0.0202671
0.0202294
0.0201979
0.0201728
0.0201541
0.0201417
0.0201355
0.0199802
0.0199842
0.0201053
0.0201768
0.0202503
0.0203125
0.0203567
0.0203783
0.0203768
0.020357
0.0203259
0.0202896
0.0202527
0.020218
0.0201871
0.0201608
0.0201397
0.0201238
0.0201132
0.020108
0.0198707
0.0198391
0.0199858
0.0200503
0.0201195
0.0201778
0.020221
0.0202463
0.0202541
0.0202471
0.0202298
0.0202066
0.0201812
0.0201561
0.020133
0.0201131
0.0200968
0.0200844
0.0200762
0.020072
0.019718
0.0196546
0.0198362
0.0198963
0.0199657
0.020025
0.0200715
0.0201034
0.020121
0.0201262
0.020122
0.0201116
0.0200979
0.020083
0.0200687
0.0200558
0.020045
0.0200368
0.0200312
0.0200284
0.0195254
0.0194257
0.0196511
0.0197113
0.019786
0.0198512
0.0199053
0.0199467
0.0199759
0.019994
0.0200032
0.0200059
0.0200044
0.0200004
0.0199954
0.0199903
0.0199857
0.0199821
0.0199795
0.0199783
0.0192896
0.0191417
0.0194236
0.0194899
0.0195758
0.0196526
0.0197188
0.0197736
0.0198169
0.0198496
0.0198735
0.0198904
0.0199019
0.0199096
0.0199148
0.0199181
0.0199203
0.0199217
0.0199226
0.019923
0.0189947
0.0187939
0.0191457
0.0192254
0.0193296
0.0194244
0.0195085
0.0195812
0.0196422
0.0196924
0.0197331
0.0197657
0.0197916
0.0198122
0.0198284
0.019841
0.0198506
0.0198576
0.0198621
0.0198644
0.0186425
0.0183759
0.0188074
0.0189097
0.0190412
0.0191615
0.0192705
0.0193667
0.0194503
0.0195217
0.0195821
0.0196327
0.0196749
0.0197098
0.0197383
0.0197612
0.019779
0.019792
0.0198006
0.0198049
0.0182121
0.0178693
0.0183954
0.0185332
0.0187028
0.0188586
0.0190008
0.0191278
0.0192396
0.019337
0.0194209
0.0194927
0.0195535
0.0196046
0.0196469
0.0196812
0.019708
0.0197279
0.019741
0.0197475
0.0177215
0.0172589
0.0178939
0.0180848
0.0183059
0.0185098
0.0186955
0.018862
0.0190094
0.0191385
0.0192506
0.0193472
0.0194296
0.0194992
0.0195571
0.0196042
0.0196412
0.0196685
0.0196865
0.0196955
0.0170772
0.0165329
0.0172857
0.0175522
0.0178423
0.0181091
0.018351
0.0185675
0.018759
0.0189269
0.0190728
0.0191985
0.019306
0.0193968
0.0194724
0.0195338
0.0195821
0.0196178
0.0196414
0.0196531
0.0162251
0.0156814
0.0165529
0.0169231
0.0173035
0.0176509
0.0179641
0.018243
0.0184889
0.0187035
0.0188895
0.0190495
0.0191858
0.0193009
0.0193965
0.0194742
0.0195352
0.0195803
0.0196101
0.0196249
0.015094
0.0146979
0.0156785
0.0161874
0.0166816
0.0171304
0.0175326
0.0178884
0.0182001
0.0184707
0.0187038
0.0189034
0.0190729
0.0192154
0.0193337
0.0194296
0.0195049
0.0195605
0.0195972
0.0196155
0.0136283
0.0135914
0.0146547
0.0153376
0.015971
0.0165449
0.017056
0.017505
0.0178952
0.0182314
0.0185192
0.018764
0.018971
0.0191444
0.0192879
0.0194043
0.0194956
0.0195632
0.0196078
0.01963
0.0118224
0.0123874
0.0134811
0.0143658
0.0151658
0.0158912
0.0165337
0.0170938
0.0175764
0.0179887
0.0183388
0.0186346
0.0188833
0.019091
0.0192625
0.0194018
0.0195112
0.0195924
0.0196462
0.0196729
0.00987905
0.0112257
0.0122897
0.0133842
0.0143654
0.0152549
0.016037
0.0167126
0.0172893
0.0177776
0.0181891
0.0185346
0.018824
0.0190653
0.0192649
0.0194274
0.019556
0.019652
0.019716
0.0197476
0.0074549
0.00865981
0.00973987
0.0111629
0.0125068
0.0137518
0.0148545
0.015804
0.0166059
0.0172753
0.0178302
0.0182888
0.0186675
0.0189797
0.0192363
0.0194451
0.0196109
0.0197361
0.0198205
0.0198611
0.00649603
0.011598
0.0121325
0.0129971
0.0138707
0.0147557
0.0155918
0.0163466
0.0170076
0.0175761
0.0180598
0.0184691
0.018815
0.0191068
0.0193531
0.0195596
0.0197292
0.0198622
0.0199563
0.0199989
0.00356599
0.00588517
0.00712343
0.0086695
0.0102851
0.011857
0.0133054
0.0145845
0.0156795
0.0165961
0.0173536
0.0179758
0.0184854
0.018903
0.0192462
0.0195283
0.0197579
0.0199393
0.0200688
0.020132
0.00317575
0.00451078
0.00575354
0.00736084
0.00911009
0.0108636
0.0125046
0.0139627
0.0152109
0.0162515
0.0171066
0.0178049
0.0183734
0.0188383
0.0192187
0.0195325
0.0197901
0.019997
0.0201453
0.0202334
0.00523364
0.00855211
0.0102746
0.011829
0.0131936
0.0143904
0.0154207
0.0162936
0.0170264
0.0176387
0.0181505
0.0185803
0.0189425
0.019252
0.0195161
0.0197445
0.0199409
0.0201054
0.0202236
0.0203125
0.0050122
0.00743126
0.0094192
0.0111797
0.0127357
0.014071
0.0152013
0.0161435
0.016925
0.017572
0.0181088
0.0185572
0.0189337
0.0192538
0.0195284
0.0197647
0.0199702
0.0201455
0.0202729
0.0203787
0.00515073
0.0072336
0.00941121
0.0112197
0.0128157
0.0141643
0.0152927
0.0162262
0.0169962
0.0176329
0.0181603
0.0186011
0.0189731
0.0192892
0.0195631
0.0197995
0.0200072
0.0201882
0.0203241
0.0204426
0.0052208
0.00705866
0.00935901
0.0112097
0.0128423
0.0142113
0.0153445
0.0162774
0.0170423
0.0176737
0.0181965
0.0186327
0.019002
0.0193168
0.0195897
0.0198284
0.0200391
0.0202256
0.020372
0.0205041
0.00524533
0.00693235
0.00930065
0.0111873
0.012849
0.0142359
0.0153758
0.0163099
0.0170735
0.0177016
0.0182219
0.0186558
0.0190234
0.0193381
0.0196103
0.0198511
0.0200649
0.0202575
0.0204149
0.0205625
0.0052387
0.00684567
0.00923928
0.0111564
0.0128408
0.0142415
0.0153893
0.0163257
0.0170903
0.0177174
0.0182368
0.0186703
0.0190372
0.0193524
0.0196251
0.0198676
0.0200845
0.0202825
0.0204514
0.0206169
0.00521533
0.00679175
0.00917712
0.011119
0.0128191
0.014231
0.0153864
0.0163267
0.0170933
0.0177219
0.0182419
0.0186763
0.0190436
0.0193596
0.0196338
0.0198776
0.0200976
0.0202992
0.0204786
0.0206661
0.00518825
0.00676989
0.0091199
0.0110791
0.0127871
0.0142064
0.015368
0.0163135
0.0170836
0.017715
0.018237
0.0186737
0.0190427
0.0193597
0.0196363
0.0198808
0.020103
0.0203075
0.0204928
0.0207033
)
;

boundaryField
{
    down
    {
        type            symmetry;
    }
    right
    {
        type            zeroGradient;
    }
    up
    {
        type            symmetry;
    }
    left
    {
        type            fixedValue;
        value           uniform 0.00748;
    }
    cylinder
    {
        type            symmetry;
    }
    defaultFaces
    {
        type            empty;
    }
}


// ************************************************************************* //
