/*--------------------------------*- C++ -*----------------------------------*\
  =========                 |
  \\      /  F ield         | OpenFOAM: The Open Source CFD Toolbox
   \\    /   O peration     | Website:  https://openfoam.org
    \\  /    A nd           | Version:  10
     \\/     M anipulation  |
\*---------------------------------------------------------------------------*/
FoamFile
{
    format      ascii;
    class       volScalarField;
    location    "6.4416e-05";
    object      p;
}
// * * * * * * * * * * * * * * * * * * * * * * * * * * * * * * * * * * * * * //

dimensions      [0 2 -2 0 0 0 0];

internalField   nonuniform List<scalar> 
7600
(
0.000642102
1670.7
834.834
919.237
1012.63
1099.84
1167.19
1209.51
1229.8
1119.41
255.061
1784.46
1016.84
1090.57
1171.49
1245.9
1300.91
1330.92
1338.58
1215.5
527.355
1904.92
1212.43
1276.6
1346.71
1410.88
1458.17
1484.9
1496.47
1402.6
816.711
2033.1
1421.51
1476.79
1537.24
1593.08
1635.57
1662.98
1682.41
1617.86
1121.11
2168.23
1642.61
1689.48
1741.03
1789.48
1828.19
1856.79
1882.7
1841.57
1438.63
2309.5
1874.11
1912.83
1955.71
1996.85
2031.37
2059.63
2088.37
2064.19
1767.36
2455.65
2114.08
2144.72
2178.81
2212.16
2241.32
2266.89
2294.4
2281.6
2104.89
2604.64
2360.02
2382.65
2407.78
2432.7
2455.13
2475.65
2498.32
2492.54
2448.17
2754.9
2609.53
2624.18
2640.27
2656.19
2670.73
2684.3
2699.4
2697.52
2794.45
2905.6
2860.98
2867.72
2874.6
2881.15
2887
2892.43
2898.28
2898.41
-1291.88
1164.78
-35.3389
129.073
324.281
529.47
727.754
916.194
1095.68
1271.1
-1271.92
1167.73
-23.0795
140.15
333.533
536.344
731.869
917.238
1093.18
1266.67
-1224.88
1182.82
6.19197
165.763
354.488
551.88
741.459
920.435
1089.16
1258.83
-1152.82
1207.81
51.4086
205.385
387.047
576.305
757.037
926.579
1084.76
1249.11
-1056.03
1242.85
112.823
259.461
431.861
610.466
779.628
936.918
1081.55
1239.56
-935.06
1288.01
190.619
328.517
489.71
655.375
810.48
952.896
1081.22
1232.44
-790.57
1343.37
285.088
413.109
561.477
712.307
851.079
976.03
1085.25
1229.65
-623.45
1409.16
396.411
513.751
648.322
782.86
903.307
1008.05
1094.53
1231.3
-434.754
1485.49
524.856
631.187
751.528
869.202
969.945
1051.47
1109.61
1232.69
-226.685
1570.58
669.711
765.448
872.155
973.605
1055.05
1111.55
1132.05
1208.73
1641.38
1839.95
2001.49
2112.13
2188.21
2239.95
2274.52
2296.96
2310.87
2319.07
2321.81
2320.2
2316.34
2311.21
2305.42
2299.35
2293.27
2287.38
2281.8
2276.57
2271.72
2267.24
2263.14
2259.43
2256.09
2253.09
2250.41
2248.03
2245.91
2244.04
2242.39
2240.94
2239.66
2238.54
2237.55
2236.7
2235.95
2235.3
2234.74
2234.25
2233.83
2233.47
2233.15
2232.89
2232.66
2232.46
2232.3
2232.15
2232.03
2231.93
2231.84
2231.77
2231.71
2231.66
2231.62
2231.58
2231.56
2231.54
2231.52
2231.51
2231.5
2231.49
2231.49
2231.48
2231.48
2231.48
2231.48
2231.49
2231.49
2231.49
2231.49
2231.5
2231.5
2231.5
2231.51
2231.51
2231.51
2231.53
2231.37
2231.53
1621.41
1818.12
1985.65
2100.17
2179.02
2232.72
2268.7
2292.18
2306.89
2315.66
2319.2
2318.29
2314.84
2310.02
2304.45
2298.56
2292.62
2286.85
2281.36
2276.21
2271.42
2266.99
2262.94
2259.27
2255.95
2252.98
2250.32
2247.96
2245.86
2244
2242.35
2240.91
2239.64
2238.52
2237.54
2236.69
2235.95
2235.3
2234.74
2234.25
2233.83
2233.47
2233.16
2232.89
2232.66
2232.47
2232.3
2232.16
2232.04
2231.93
2231.85
2231.77
2231.71
2231.66
2231.62
2231.59
2231.56
2231.54
2231.52
2231.51
2231.5
2231.49
2231.49
2231.49
2231.49
2231.49
2231.49
2231.49
2231.49
2231.49
2231.5
2231.5
2231.5
2231.5
2231.51
2231.51
2231.51
2231.53
2231.37
2231.53
1582.82
1775.46
1954.18
2076.27
2160.6
2218.22
2257.03
2282.6
2298.94
2308.78
2313.81
2314.34
2311.79
2307.59
2302.5
2296.98
2291.32
2285.78
2280.48
2275.49
2270.83
2266.5
2262.54
2258.93
2255.68
2252.76
2250.14
2247.81
2245.74
2243.91
2242.28
2240.85
2239.6
2238.49
2237.52
2236.68
2235.94
2235.3
2234.74
2234.26
2233.84
2233.48
2233.17
2232.9
2232.68
2232.48
2232.31
2232.17
2232.05
2231.95
2231.86
2231.79
2231.72
2231.67
2231.63
2231.6
2231.57
2231.55
2231.53
2231.52
2231.51
2231.5
2231.49
2231.49
2231.49
2231.49
2231.49
2231.49
2231.49
2231.49
2231.5
2231.5
2231.5
2231.5
2231.51
2231.51
2231.51
2231.53
2231.36
2231.53
1528.21
1714.16
1907.65
2040.54
2132.93
2196.41
2239.49
2268.21
2286.89
2298.42
2305.46
2308.13
2307.05
2303.86
2299.52
2294.56
2289.33
2284.15
2279.15
2274.4
2269.93
2265.76
2261.93
2258.43
2255.27
2252.42
2249.87
2247.59
2245.57
2243.77
2242.18
2240.77
2239.54
2238.45
2237.5
2236.66
2235.93
2235.3
2234.75
2234.27
2233.85
2233.5
2233.19
2232.92
2232.69
2232.5
2232.33
2232.19
2232.07
2231.97
2231.88
2231.8
2231.74
2231.69
2231.65
2231.61
2231.58
2231.56
2231.54
2231.53
2231.52
2231.51
2231.5
2231.5
2231.5
2231.5
2231.49
2231.5
2231.5
2231.5
2231.5
2231.5
2231.5
2231.5
2231.51
2231.51
2231.51
2231.53
2231.36
2231.53
1461.16
1637.58
1847.09
1993.31
2096.06
2167.26
2216.06
2249.05
2270.93
2284.99
2294.06
2299.19
2300.41
2298.68
2295.41
2291.25
2286.63
2281.93
2277.33
2272.92
2268.72
2264.76
2261.1
2257.76
2254.72
2251.97
2249.51
2247.3
2245.33
2243.58
2242.04
2240.66
2239.46
2238.39
2237.46
2236.64
2235.92
2235.3
2234.75
2234.28
2233.87
2233.52
2233.21
2232.94
2232.72
2232.52
2232.36
2232.21
2232.09
2231.99
2231.9
2231.83
2231.77
2231.71
2231.67
2231.63
2231.6
2231.58
2231.56
2231.54
2231.53
2231.52
2231.51
2231.51
2231.5
2231.5
2231.5
2231.5
2231.5
2231.5
2231.5
2231.5
2231.5
2231.51
2231.51
2231.51
2231.51
2231.53
2231.36
2231.53
1385.93
1550.27
1774.17
1935.2
2050.18
2130.78
2186.7
2225.09
2251.04
2268.14
2279.43
2287.19
2291.26
2291.87
2290.04
2286.95
2283.13
2279.09
2275.01
2271.02
2267.17
2263.49
2260.06
2256.9
2254.01
2251.4
2249.04
2246.93
2245.04
2243.35
2241.85
2240.53
2239.35
2238.32
2237.41
2236.61
2235.91
2235.3
2234.76
2234.3
2233.89
2233.54
2233.24
2232.97
2232.75
2232.55
2232.39
2232.24
2232.12
2232.02
2231.93
2231.86
2231.79
2231.74
2231.7
2231.66
2231.63
2231.6
2231.58
2231.56
2231.55
2231.54
2231.53
2231.52
2231.52
2231.51
2231.51
2231.51
2231.51
2231.51
2231.51
2231.51
2231.51
2231.51
2231.51
2231.51
2231.51
2231.53
2231.36
2231.53
1306.88
1457.93
1691.46
1867.38
1995.75
2087.11
2151.43
2196.32
2227.3
2248.28
2262.37
2272.41
2279.05
2282.53
2283.15
2281.53
2278.74
2275.53
2272.12
2268.67
2265.27
2261.92
2258.77
2255.85
2253.15
2250.7
2248.48
2246.48
2244.68
2243.07
2241.64
2240.36
2239.23
2238.23
2237.35
2236.57
2235.89
2235.29
2234.77
2234.31
2233.91
2233.57
2233.27
2233.01
2232.78
2232.59
2232.42
2232.28
2232.16
2232.06
2231.97
2231.89
2231.83
2231.77
2231.73
2231.69
2231.65
2231.62
2231.6
2231.58
2231.57
2231.55
2231.54
2231.53
2231.53
2231.52
2231.52
2231.51
2231.51
2231.51
2231.51
2231.51
2231.51
2231.51
2231.51
2231.51
2231.51
2231.53
2231.36
2231.53
1227.73
1366.94
1602.36
1791.46
1933.38
2036.4
2110.18
2162.61
2199.55
2225.25
2242.92
2255.31
2264.24
2270.34
2273.61
2274.44
2273.27
2271.16
2268.58
2265.8
2262.96
2260.03
2257.23
2254.58
2252.13
2249.87
2247.81
2245.94
2244.25
2242.73
2241.37
2240.16
2239.08
2238.13
2237.28
2236.53
2235.87
2235.29
2234.78
2234.33
2233.94
2233.6
2233.3
2233.05
2232.82
2232.63
2232.46
2232.32
2232.2
2232.1
2232.01
2231.93
2231.87
2231.81
2231.76
2231.72
2231.68
2231.65
2231.63
2231.61
2231.59
2231.57
2231.56
2231.55
2231.54
2231.54
2231.53
2231.52
2231.52
2231.52
2231.51
2231.51
2231.51
2231.51
2231.51
2231.51
2231.51
2231.53
2231.36
2231.53
1155.72
1290.19
1517.73
1715.49
1869.01
1983.13
2066.46
2126.78
2170.15
2201.05
2222.93
2238.51
2249.61
2257.41
2262.66
2265.3
2266.29
2265.88
2264.5
2262.58
2260.42
2257.94
2255.5
2253.16
2250.96
2248.92
2247.05
2245.33
2243.77
2242.35
2241.08
2239.94
2238.92
2238.01
2237.2
2236.48
2235.85
2235.29
2234.79
2234.36
2233.98
2233.64
2233.35
2233.09
2232.87
2232.68
2232.51
2232.37
2232.25
2232.15
2232.06
2231.98
2231.91
2231.85
2231.8
2231.76
2231.72
2231.69
2231.66
2231.63
2231.61
2231.6
2231.58
2231.57
2231.56
2231.55
2231.54
2231.53
2231.53
2231.52
2231.52
2231.52
2231.52
2231.51
2231.51
2231.51
2231.51
2231.53
2231.36
2231.53
1048.29
1181.27
1389.71
1593.01
1760.63
1890.76
1989.12
2062.52
2116.88
2156.86
2186.17
2207.72
2223.61
2235.08
2243.16
2249.1
2252.82
2254.65
2255.2
2254.91
2254.11
2253.27
2252.01
2250.49
2248.9
2247.31
2245.77
2244.33
2242.98
2241.73
2240.6
2239.57
2238.63
2237.79
2237.04
2236.37
2235.78
2235.24
2234.77
2234.36
2233.99
2233.66
2233.38
2233.13
2232.91
2232.72
2232.56
2232.42
2232.3
2232.19
2232.11
2232.03
2231.96
2231.9
2231.84
2231.8
2231.75
2231.72
2231.69
2231.66
2231.64
2231.62
2231.6
2231.59
2231.58
2231.56
2231.55
2231.55
2231.54
2231.53
2231.53
2231.52
2231.52
2231.52
2231.52
2231.51
2231.51
2231.53
2231.36
2231.53
880.835
1220.67
1360.63
1524.12
1675.81
1804.65
1908.91
1991.09
2054.89
2103.93
2141.42
2170.06
2191.93
2208.54
2221.03
2230.2
2236.75
2241.14
2243.91
2245.49
2246.23
2246.39
2246.08
2245.48
2244.69
2243.79
2242.84
2241.89
2240.95
2240.05
2239.21
2238.42
2237.68
2237.01
2236.4
2235.85
2235.35
2234.9
2234.49
2234.13
2233.81
2233.52
2233.27
2233.04
2232.84
2232.67
2232.52
2232.39
2232.28
2232.18
2232.1
2232.02
2231.96
2231.9
2231.85
2231.81
2231.77
2231.73
2231.7
2231.67
2231.65
2231.63
2231.61
2231.6
2231.59
2231.57
2231.56
2231.55
2231.54
2231.54
2231.53
2231.53
2231.52
2231.52
2231.52
2231.52
2231.51
2231.53
2231.36
2231.53
1216.29
1483.93
1589.81
1700.48
1803.72
1894.98
1972.04
2035.08
2085.52
2125.26
2156.24
2180.22
2198.68
2212.78
2223.4
2231.23
2236.84
2240.65
2243.08
2244.47
2245.12
2245.23
2244.95
2244.39
2243.66
2242.84
2241.96
2241.08
2240.22
2239.39
2238.61
2237.88
2237.2
2236.58
2236.02
2235.5
2235.04
2234.63
2234.25
2233.92
2233.62
2233.36
2233.13
2232.92
2232.74
2232.58
2232.44
2232.32
2232.21
2232.12
2232.04
2231.98
2231.92
2231.86
2231.82
2231.78
2231.74
2231.71
2231.68
2231.66
2231.64
2231.62
2231.6
2231.59
2231.58
2231.57
2231.56
2231.55
2231.54
2231.54
2231.53
2231.53
2231.52
2231.52
2231.52
2231.52
2231.52
2231.53
2231.36
2231.53
1557.4
1669.83
1720.72
1792.12
1865.65
1934.61
1995.68
2047.68
2090.76
2125.75
2153.77
2175.97
2193.4
2206.95
2217.37
2225.24
2231.06
2235.21
2238.07
2239.92
2241.02
2241.56
2241.68
2241.5
2241.12
2240.61
2240.01
2239.38
2238.73
2238.09
2237.48
2236.9
2236.35
2235.84
2235.38
2234.95
2234.56
2234.21
2233.9
2233.61
2233.36
2233.14
2232.93
2232.76
2232.6
2232.46
2232.34
2232.23
2232.14
2232.06
2231.99
2231.93
2231.88
2231.83
2231.79
2231.75
2231.72
2231.69
2231.67
2231.65
2231.63
2231.61
2231.6
2231.58
2231.57
2231.56
2231.56
2231.55
2231.54
2231.54
2231.53
2231.53
2231.52
2231.52
2231.52
2231.52
2231.52
2231.53
2231.36
2231.53
1851.88
1855.08
1854.18
1887.45
1932.79
1980.68
2026.15
2066.83
2101.89
2131.3
2155.51
2175.15
2190.9
2203.4
2213.19
2220.75
2226.48
2230.73
2233.8
2235.93
2237.34
2238.2
2238.64
2238.77
2238.68
2238.44
2238.09
2237.69
2237.24
2236.79
2236.33
2235.89
2235.47
2235.08
2234.71
2234.37
2234.06
2233.78
2233.52
2233.29
2233.08
2232.9
2232.73
2232.58
2232.45
2232.33
2232.23
2232.14
2232.06
2231.99
2231.93
2231.88
2231.84
2231.8
2231.76
2231.73
2231.7
2231.68
2231.65
2231.63
2231.62
2231.6
2231.59
2231.58
2231.57
2231.56
2231.55
2231.55
2231.54
2231.54
2231.53
2231.53
2231.53
2231.52
2231.52
2231.52
2231.52
2231.53
2231.37
2231.53
2076.9
2015.75
1976.4
1977.83
1998.44
2027.36
2058.45
2088.38
2115.52
2139.2
2159.33
2176.11
2189.89
2201.06
2210
2217.06
2222.55
2226.75
2229.9
2232.21
2233.85
2234.96
2235.68
2236.08
2236.26
2236.26
2236.15
2235.96
2235.71
2235.44
2235.15
2234.85
2234.56
2234.28
2234.01
2233.76
2233.53
2233.32
2233.12
2232.95
2232.78
2232.64
2232.51
2232.39
2232.29
2232.19
2232.11
2232.04
2231.98
2231.92
2231.87
2231.83
2231.79
2231.76
2231.73
2231.7
2231.68
2231.66
2231.64
2231.62
2231.61
2231.59
2231.58
2231.57
2231.57
2231.56
2231.55
2231.55
2231.54
2231.54
2231.53
2231.53
2231.53
2231.52
2231.52
2231.52
2231.52
2231.53
2231.37
2231.53
2243
2148.68
2084.26
2061.29
2061.27
2073.57
2091.6
2111.47
2130.97
2148.94
2164.86
2178.58
2190.18
2199.82
2207.73
2214.13
2219.24
2223.27
2226.4
2228.79
2230.58
2231.89
2232.83
2233.47
2233.88
2234.11
2234.22
2234.23
2234.17
2234.07
2233.94
2233.78
2233.62
2233.45
2233.29
2233.13
2232.98
2232.84
2232.71
2232.58
2232.47
2232.37
2232.27
2232.19
2232.11
2232.05
2231.99
2231.93
2231.88
2231.84
2231.8
2231.77
2231.74
2231.71
2231.69
2231.67
2231.65
2231.63
2231.62
2231.61
2231.59
2231.58
2231.58
2231.57
2231.56
2231.55
2231.55
2231.54
2231.54
2231.53
2231.53
2231.53
2231.53
2231.52
2231.52
2231.52
2231.52
2231.54
2231.37
2231.53
2364.94
2256.05
2176.96
2136.46
2120.02
2118.2
2124.65
2135.29
2147.57
2159.98
2171.69
2182.27
2191.56
2199.54
2206.28
2211.9
2216.51
2220.26
2223.28
2225.67
2227.55
2229.01
2230.12
2230.95
2231.57
2232.01
2232.32
2232.52
2232.64
2232.7
2232.72
2232.71
2232.67
2232.62
2232.56
2232.49
2232.42
2232.35
2232.28
2232.21
2232.15
2232.09
2232.03
2231.98
2231.93
2231.89
2231.85
2231.82
2231.78
2231.76
2231.73
2231.71
2231.69
2231.67
2231.65
2231.64
2231.62
2231.61
2231.6
2231.59
2231.58
2231.57
2231.57
2231.56
2231.55
2231.55
2231.54
2231.54
2231.54
2231.53
2231.53
2231.53
2231.52
2231.52
2231.52
2231.52
2231.52
2231.54
2231.37
2231.53
2455.26
2341.98
2255.35
2202.9
2173.84
2160.39
2156.81
2159.14
2164.72
2171.85
2179.46
2186.9
2193.82
2200.06
2205.54
2210.27
2214.31
2217.7
2220.53
2222.86
2224.77
2226.31
2227.56
2228.56
2229.35
2229.98
2230.47
2230.84
2231.13
2231.35
2231.52
2231.64
2231.72
2231.78
2231.82
2231.84
2231.85
2231.85
2231.84
2231.83
2231.82
2231.8
2231.79
2231.77
2231.75
2231.73
2231.72
2231.7
2231.68
2231.67
2231.66
2231.64
2231.63
2231.62
2231.61
2231.6
2231.6
2231.59
2231.58
2231.57
2231.57
2231.56
2231.56
2231.55
2231.55
2231.54
2231.54
2231.54
2231.53
2231.53
2231.53
2231.53
2231.52
2231.52
2231.52
2231.52
2231.52
2231.54
2231.37
2231.53
2523.21
2410.7
2321.03
2260.8
2222.35
2199.53
2187.45
2182.45
2181.95
2184.14
2187.82
2192.19
2196.76
2201.22
2205.4
2209.19
2212.58
2215.55
2218.13
2220.35
2222.23
2223.83
2225.18
2226.31
2227.25
2228.04
2228.69
2229.23
2229.68
2230.04
2230.34
2230.59
2230.79
2230.96
2231.09
2231.2
2231.29
2231.36
2231.41
2231.46
2231.49
2231.52
2231.54
2231.55
2231.57
2231.57
2231.58
2231.58
2231.58
2231.58
2231.58
2231.58
2231.58
2231.58
2231.57
2231.57
2231.57
2231.56
2231.56
2231.56
2231.55
2231.55
2231.55
2231.54
2231.54
2231.54
2231.54
2231.53
2231.53
2231.53
2231.53
2231.52
2231.52
2231.52
2231.52
2231.52
2231.52
2231.54
2231.37
2231.53
2575.21
2465.84
2375.79
2310.75
2265.47
2235.26
2216.09
2204.75
2198.81
2196.47
2196.47
2197.91
2200.19
2202.89
2205.74
2208.57
2211.27
2213.78
2216.06
2218.12
2219.95
2221.57
2222.98
2224.21
2225.28
2226.21
2227.01
2227.69
2228.28
2228.78
2229.21
2229.58
2229.89
2230.16
2230.39
2230.58
2230.74
2230.88
2230.99
2231.09
2231.17
2231.24
2231.3
2231.34
2231.38
2231.42
2231.44
2231.46
2231.48
2231.5
2231.51
2231.52
2231.52
2231.53
2231.53
2231.54
2231.54
2231.54
2231.54
2231.54
2231.54
2231.54
2231.54
2231.53
2231.53
2231.53
2231.53
2231.53
2231.53
2231.53
2231.52
2231.52
2231.52
2231.52
2231.52
2231.52
2231.52
2231.54
2231.37
2231.53
2615.67
2510.3
2421.32
2353.49
2303.34
2267.4
2242.42
2225.67
2214.94
2208.52
2205.13
2203.83
2203.92
2204.91
2206.46
2208.32
2210.32
2212.34
2214.31
2216.18
2217.92
2219.52
2220.97
2222.29
2223.46
2224.5
2225.43
2226.25
2226.96
2227.59
2228.14
2228.62
2229.04
2229.4
2229.71
2229.98
2230.21
2230.42
2230.59
2230.74
2230.86
2230.97
2231.06
2231.14
2231.21
2231.26
2231.31
2231.35
2231.38
2231.41
2231.44
2231.45
2231.47
2231.48
2231.49
2231.5
2231.51
2231.51
2231.52
2231.52
2231.52
2231.53
2231.53
2231.53
2231.53
2231.53
2231.53
2231.53
2231.52
2231.52
2231.52
2231.52
2231.52
2231.52
2231.52
2231.52
2231.52
2231.54
2231.37
2231.53
2647.55
2546.3
2459.07
2389.8
2336.24
2295.9
2266.23
2244.93
2230.06
2220.02
2213.56
2209.73
2207.78
2207.16
2207.46
2208.37
2209.67
2211.19
2212.83
2214.49
2216.13
2217.69
2219.16
2220.53
2221.79
2222.94
2223.97
2224.91
2225.74
2226.48
2227.14
2227.72
2228.23
2228.68
2229.07
2229.42
2229.72
2229.98
2230.2
2230.4
2230.57
2230.71
2230.84
2230.95
2231.04
2231.12
2231.19
2231.24
2231.29
2231.33
2231.37
2231.4
2231.42
2231.44
2231.46
2231.47
2231.48
2231.49
2231.5
2231.51
2231.51
2231.51
2231.52
2231.52
2231.52
2231.52
2231.52
2231.52
2231.52
2231.52
2231.52
2231.52
2231.52
2231.52
2231.52
2231.52
2231.52
2231.54
2231.37
2231.53
2672.88
2575.49
2490.27
2420.39
2364.5
2320.82
2287.39
2262.33
2243.92
2230.72
2221.55
2215.43
2211.61
2209.49
2208.62
2208.63
2209.26
2210.3
2211.61
2213.06
2214.57
2216.08
2217.56
2218.97
2220.29
2221.52
2222.65
2223.69
2224.62
2225.46
2226.22
2226.89
2227.49
2228.02
2228.49
2228.9
2229.26
2229.57
2229.85
2230.09
2230.3
2230.48
2230.63
2230.77
2230.88
2230.98
2231.07
2231.14
2231.2
2231.26
2231.3
2231.34
2231.37
2231.4
2231.42
2231.44
2231.46
2231.47
2231.48
2231.49
2231.5
2231.5
2231.51
2231.51
2231.51
2231.52
2231.52
2231.52
2231.52
2231.52
2231.52
2231.52
2231.52
2231.52
2231.52
2231.52
2231.52
2231.54
2231.37
2231.53
2693.09
2599.11
2515.88
2445.9
2388.43
2342.25
2305.86
2277.71
2256.34
2240.45
2228.9
2220.77
2215.28
2211.8
2209.86
2209.04
2209.04
2209.63
2210.61
2211.85
2213.23
2214.69
2216.15
2217.59
2218.96
2220.26
2221.48
2222.6
2223.62
2224.55
2225.39
2226.15
2226.82
2227.42
2227.95
2228.43
2228.84
2229.21
2229.52
2229.8
2230.05
2230.26
2230.44
2230.6
2230.74
2230.86
2230.96
2231.05
2231.12
2231.19
2231.24
2231.29
2231.33
2231.36
2231.39
2231.41
2231.43
2231.45
2231.46
2231.48
2231.48
2231.49
2231.5
2231.5
2231.51
2231.51
2231.51
2231.51
2231.52
2231.52
2231.52
2231.52
2231.52
2231.52
2231.52
2231.52
2231.52
2231.53
2231.37
2231.53
2709.14
2618.08
2536.66
2466.86
2408.35
2360.32
2321.62
2290.99
2267.19
2249.03
2235.47
2225.6
2218.65
2213.99
2211.09
2209.52
2208.96
2209.13
2209.81
2210.85
2212.11
2213.5
2214.95
2216.4
2217.82
2219.17
2220.45
2221.65
2222.75
2223.75
2224.67
2225.49
2226.23
2226.9
2227.49
2228.01
2228.47
2228.88
2229.24
2229.55
2229.83
2230.07
2230.27
2230.46
2230.61
2230.75
2230.86
2230.97
2231.05
2231.13
2231.19
2231.24
2231.29
2231.33
2231.36
2231.39
2231.41
2231.43
2231.45
2231.46
2231.47
2231.48
2231.49
2231.5
2231.5
2231.51
2231.51
2231.51
2231.51
2231.51
2231.52
2231.52
2231.52
2231.52
2231.52
2231.52
2231.52
2231.53
2231.37
2231.53
2721.74
2633.07
2553.21
2483.72
2424.54
2375.15
2334.68
2302.11
2276.35
2256.35
2241.12
2229.8
2221.62
2215.95
2212.23
2210.03
2208.97
2208.77
2209.19
2210.05
2211.2
2212.53
2213.95
2215.41
2216.86
2218.26
2219.59
2220.84
2222
2223.07
2224.05
2224.93
2225.73
2226.45
2227.08
2227.65
2228.16
2228.6
2228.99
2229.34
2229.64
2229.9
2230.13
2230.33
2230.5
2230.65
2230.78
2230.89
2230.99
2231.07
2231.14
2231.2
2231.26
2231.3
2231.34
2231.37
2231.39
2231.42
2231.44
2231.45
2231.46
2231.48
2231.48
2231.49
2231.5
2231.5
2231.51
2231.51
2231.51
2231.51
2231.51
2231.51
2231.52
2231.52
2231.52
2231.52
2231.52
2231.53
2231.37
2231.53
2731.38
2644.58
2565.99
2496.83
2437.22
2386.86
2345.08
2311.03
2283.76
2262.31
2245.76
2233.28
2224.11
2217.61
2213.22
2210.49
2209.03
2208.52
2208.72
2209.43
2210.48
2211.75
2213.16
2214.62
2216.08
2217.52
2218.89
2220.19
2221.4
2222.52
2223.55
2224.48
2225.32
2226.08
2226.76
2227.36
2227.9
2228.37
2228.79
2229.16
2229.48
2229.77
2230.01
2230.23
2230.41
2230.58
2230.72
2230.84
2230.94
2231.03
2231.11
2231.17
2231.23
2231.28
2231.32
2231.35
2231.38
2231.4
2231.42
2231.44
2231.46
2231.47
2231.48
2231.49
2231.49
2231.5
2231.5
2231.51
2231.51
2231.51
2231.51
2231.51
2231.51
2231.52
2231.52
2231.52
2231.52
2231.53
2231.37
2231.53
2738.41
2652.97
2575.32
2506.44
2446.58
2395.55
2352.84
2317.72
2289.35
2266.83
2249.3
2235.95
2226.04
2218.91
2214.02
2210.88
2209.1
2208.36
2208.39
2208.97
2209.95
2211.18
2212.56
2214.02
2215.5
2216.96
2218.37
2219.7
2220.95
2222.1
2223.17
2224.13
2225.01
2225.8
2226.51
2227.14
2227.7
2228.2
2228.64
2229.03
2229.37
2229.66
2229.92
2230.15
2230.35
2230.52
2230.66
2230.79
2230.9
2231
2231.08
2231.15
2231.21
2231.26
2231.3
2231.34
2231.37
2231.39
2231.42
2231.44
2231.45
2231.46
2231.47
2231.48
2231.49
2231.5
2231.5
2231.5
2231.51
2231.51
2231.51
2231.51
2231.51
2231.51
2231.52
2231.52
2231.52
2231.53
2231.37
2231.53
2743.07
2658.48
2581.44
2512.76
2452.74
2401.3
2358
2322.19
2293.1
2269.88
2251.7
2237.76
2227.35
2219.81
2214.57
2211.16
2209.17
2208.26
2208.17
2208.68
2209.59
2210.79
2212.16
2213.62
2215.11
2216.59
2218.01
2219.37
2220.64
2221.82
2222.91
2223.9
2224.8
2225.61
2226.34
2226.99
2227.57
2228.08
2228.54
2228.94
2229.29
2229.59
2229.86
2230.1
2230.3
2230.48
2230.63
2230.76
2230.88
2230.97
2231.06
2231.13
2231.19
2231.25
2231.29
2231.33
2231.36
2231.39
2231.41
2231.43
2231.45
2231.46
2231.47
2231.48
2231.49
2231.49
2231.5
2231.5
2231.51
2231.51
2231.51
2231.51
2231.51
2231.51
2231.52
2231.52
2231.51
2231.53
2231.37
2231.53
2745.51
2661.23
2584.47
2515.89
2455.81
2404.16
2360.57
2324.43
2294.98
2271.41
2252.9
2238.68
2228.02
2220.26
2214.85
2211.3
2209.2
2208.22
2208.07
2208.53
2209.42
2210.6
2211.97
2213.42
2214.92
2216.4
2217.84
2219.2
2220.49
2221.68
2222.78
2223.79
2224.7
2225.52
2226.26
2226.92
2227.5
2228.03
2228.49
2228.89
2229.25
2229.56
2229.83
2230.07
2230.28
2230.46
2230.61
2230.75
2230.86
2230.96
2231.05
2231.12
2231.19
2231.24
2231.28
2231.32
2231.36
2231.38
2231.41
2231.43
2231.44
2231.46
2231.47
2231.48
2231.49
2231.49
2231.5
2231.5
2231.51
2231.51
2231.51
2231.51
2231.51
2231.51
2231.52
2231.52
2231.51
2231.53
2231.37
2231.53
2933.5
2798.57
2655.01
2497.87
2323.52
2129.84
1916.6
1685.42
1448.59
1122.21
2978.61
2931.48
2873.53
2797.84
2698.04
2568.48
2404.5
2202.54
1967.8
1613.93
2989.38
2963.17
2928.87
2881.09
2814.6
2724.29
2605.11
2451.97
2264.63
1977.18
2993.45
2974.65
2949.86
2915.01
2865.95
2798.47
2708.23
2590.66
2444.34
2223.03
2994.55
2977.03
2955.11
2925.71
2885.7
2831.83
2760.73
2668.81
2554.63
2385.92
2994.7
2976.36
2954.75
2927.58
2892.52
2847.14
2788.91
2715.18
2624.8
2495.17
2994.67
2975.04
2952.97
2926.73
2894.61
2854.83
2805.52
2744.77
2671.75
2570.53
2994.77
2973.98
2951.35
2925.6
2895.44
2859.58
2816.67
2765.33
2705
2624.4
2995.06
2973.42
2950.4
2925.03
2896.35
2863.41
2825.24
2780.87
2729.9
2664.35
2995.54
2973.37
2950.16
2925.18
2897.71
2867.06
2832.52
2793.4
2749.45
2694.99
2996.13
2973.72
2950.52
2925.97
2899.55
2870.74
2839.03
2803.95
2765.32
2719.13
2996.81
2974.35
2951.3
2927.22
2901.72
2874.43
2844.98
2813.03
2778.48
2738.5
2997.51
2975.15
2952.34
2928.74
2904.07
2878.04
2850.41
2820.92
2789.52
2754.24
2998.2
2976.02
2953.51
2930.38
2906.44
2881.47
2855.3
2827.75
2798.78
2767.07
2998.85
2976.91
2954.7
2932.02
2908.71
2884.63
2859.63
2833.6
2806.51
2777.48
2999.43
2977.75
2955.85
2933.58
2910.82
2887.45
2863.38
2838.52
2812.85
2785.82
2999.94
2978.51
2956.9
2934.99
2912.69
2889.89
2866.54
2842.55
2817.92
2792.33
3000.35
2979.17
2957.84
2936.25
2914.31
2891.95
2869.11
2845.74
2821.83
2797.2
3000.67
2979.73
2958.65
2937.32
2915.66
2893.61
2871.11
2848.12
2824.63
2800.55
3000.97
2980.42
2959.7
2938.7
2917.32
2895.49
2873.13
2850.22
2826.73
2802.68
4875.69
4763.66
4783.05
4824.95
4891.93
4978.62
5071.07
5154.32
4314.64
5974.89
4782.23
4656.76
4662.85
4691.79
4745.82
4819.17
4898.57
4970.41
4197.97
5715.36
4596.44
4500.01
4509.64
4534.87
4580.72
4643.35
4711.41
4773.03
4074.69
5438.85
4381.41
4314.46
4331.88
4357.56
4398.29
4452.18
4510.17
4562.3
3943.92
5145.64
4157.43
4114.14
4138.09
4164.81
4201.55
4247.75
4296.47
4339.68
3806.52
4837.76
3934.34
3908.22
3935.07
3961.38
3993.78
4032.46
4072.22
4106.85
3663.38
4517.22
3716.43
3701.86
3727.53
3751.11
3778.03
3808.76
3839.49
3865.63
3515.58
4186.07
3504.97
3497.52
3518.37
3536.84
3556.89
3578.95
3600.4
3617.99
3364.29
3846.25
3299.39
3295.84
3309.09
3320.49
3332.43
3345.15
3357.06
3365.9
3210.75
3499.66
3097.98
3096.43
3100.37
3103.5
3106.6
3109.64
3111.88
3112.18
3056.96
3150.27
4719.34
4895.63
5076.34
5266.21
5466.15
5673.27
5870.51
6039.21
4842.12
7297.4
4723.49
4897.86
5075.05
5261.87
5459.06
5663.79
5859.17
6026.58
4838.66
7276.71
4730.83
4901.39
5071.41
5251.85
5443.1
5642.37
5833.01
5996.54
4822.5
7228.14
4739.79
4905.09
5064.68
5235.71
5418.11
5609.18
5792.64
5950.24
4796.09
7154.02
4748.32
4907.44
5053.64
5212.49
5383.31
5563.64
5737.64
5887.44
4759.14
7054.59
4754.23
4906.83
5036.98
5181.01
5337.73
5505.03
5667.59
5807.95
4711.67
6930.46
4755.9
4901.96
5013.29
5139.89
5280.17
5432.45
5581.98
5711.69
4653.64
6782.42
4753.63
4892.26
4981.07
5087.37
5209.11
5344.84
5480.19
5598.51
4585.1
6611.41
4752.56
4877.51
4938.02
5020.93
5122.56
5240.86
5361.56
5468.21
4505.87
6418.57
4779.01
4857.08
4879.12
4936.31
5018.16
5119.68
5226.06
5321.39
4417.78
6206.11
3804.24
3803.5
3802.08
3800.01
3797.32
3794.11
3790.52
3786.68
3782.75
3779.07
3776.29
3775.29
3777.59
3786.04
3807.95
3854.17
3928.73
4034.24
4185.14
4386.08
3804.35
3803.62
3802.26
3800.26
3797.67
3794.6
3791.21
3787.62
3784
3780.72
3778.49
3778.24
3781.6
3791.74
3817.26
3867.41
3944.19
4052.9
4208.66
4404.42
3804.53
3803.86
3802.6
3800.75
3798.37
3795.57
3792.56
3789.48
3786.5
3784.03
3782.9
3784.18
3789.76
3803.41
3836.1
3892.93
3974.5
4089.42
4254.26
4439.71
3804.8
3804.19
3803.08
3801.47
3799.4
3797.01
3794.58
3792.26
3790.25
3789.01
3789.6
3793.26
3802.49
3823.01
3864.99
3929.88
4018.51
4142.27
4319.07
4489.32
3805.12
3804.61
3803.71
3802.41
3800.74
3798.91
3797.26
3795.97
3795.29
3795.71
3798.71
3805.76
3820.45
3852.92
3904.63
3977.32
4074.38
4209.14
4398.85
4549.7
3805.48
3805.1
3804.46
3803.54
3802.4
3801.24
3800.59
3800.64
3801.67
3804.26
3810.52
3822.35
3846.44
3891.3
3954.04
4032.72
4139.76
4287.01
4488.07
4616.82
3805.87
3805.64
3805.32
3804.88
3804.36
3804.01
3804.6
3806.33
3809.54
3814.93
3825.8
3845.61
3883.75
3937.37
4007.97
4093.67
4212.05
4372.08
4580.09
4686.88
3806.28
3806.25
3806.31
3806.44
3806.66
3807.26
3809.4
3813.31
3819.51
3829.07
3848.37
3880.88
3927.59
3988.96
4061.47
4157.54
4288.39
4459.99
4667.93
4757.11
3806.88
3807.08
3807.61
3808.47
3809.67
3811.5
3815.65
3822.61
3833.76
3852.49
3878.67
3918.15
3968.06
4030.9
4111.28
4217.97
4359.88
4539.22
4738.46
4821.64
3808.25
3808.9
3810.37
3812.92
3817.06
3823.5
3832.06
3844.04
3861.44
3886.66
3920.51
3964.98
4022.72
4096.45
4191.01
4313.54
4469.4
4654.47
4836.21
4923.98
3811.12
3812.26
3814.71
3818.78
3824.99
3833.87
3845.64
3861.66
3883.62
3913.36
3952.47
4003.03
4067.53
4148.17
4247.88
4368.94
4509.08
4657.19
4781.53
5101.71
3815.28
3816.36
3818.63
3822.35
3827.85
3835.55
3845.92
3859.88
3878.54
3903.14
3934.78
3974.67
4024.12
4084.22
4155.86
4239.04
4331.81
4430.36
4523.98
4762.96
3819.57
3820.69
3823.04
3826.8
3832.26
3839.77
3849.81
3863.04
3880.25
3902.26
3929.86
3963.76
4004.61
4052.7
4107.8
4168.56
4231.63
4290.5
4327.29
4416.08
3823.71
3824.8
3827.05
3830.62
3835.72
3842.66
3851.8
3863.62
3878.62
3897.34
3920.2
3947.51
3979.32
4015.25
4054.08
4093.27
4127.76
4148.33
4134.39
4123.26
3827.59
3828.59
3830.64
3833.86
3838.42
3844.53
3852.46
3862.5
3874.97
3890.13
3908.09
3928.81
3951.86
3976.29
4000.18
4020.06
4029.91
4019.65
3970.2
3902.98
3831.13
3832
3833.77
3836.52
3840.37
3845.46
3851.95
3859.99
3869.71
3881.16
3894.2
3908.47
3923.2
3937.01
3947.52
3950.83
3940.8
3908.02
3836.99
3742.55
3834.28
3834.98
3836.41
3838.6
3841.63
3845.56
3850.45
3856.35
3863.22
3870.92
3879.13
3887.26
3894.27
3898.52
3897.43
3887.11
3861.88
3813.84
3731.35
3626.14
3837.02
3837.54
3838.57
3840.14
3842.26
3844.94
3848.15
3851.84
3855.84
3859.88
3863.47
3865.86
3865.85
3861.7
3850.86
3829.7
3793.36
3735.59
3648.16
3540.81
3839.35
3839.65
3840.27
3841.17
3842.34
3843.72
3845.23
3846.71
3847.9
3848.43
3847.69
3844.83
3838.59
3827.23
3808.37
3778.83
3734.63
3671.08
3582.56
3477.2
3841.26
3841.36
3841.54
3841.76
3841.96
3842.05
3841.86
3841.19
3839.7
3836.93
3832.21
3824.63
3812.96
3795.53
3770.21
3734.33
3684.75
3618.05
3530.54
3428.92
3842.81
3842.69
3842.43
3841.97
3841.22
3840.04
3838.22
3835.51
3831.5
3825.69
3817.38
3805.64
3789.3
3766.84
3736.41
3695.82
3642.65
3574.5
3489.03
3391.64
3844.01
3843.68
3843
3841.88
3840.21
3837.82
3834.47
3829.85
3823.53
3814.98
3803.47
3788.13
3767.85
3741.28
3706.84
3662.8
3607.32
3538.77
3455.73
3362.47
3844.91
3844.39
3843.3
3841.56
3839.03
3835.52
3830.76
3824.4
3816
3805.01
3790.72
3772.3
3748.74
3718.84
3681.32
3634.77
3577.86
3509.51
3428.92
3339.42
3845.57
3844.86
3843.4
3841.1
3837.78
3833.25
3827.21
3819.3
3809.07
3795.96
3779.3
3758.29
3732.03
3699.49
3659.6
3611.26
3553.52
3485.67
3407.36
3321.15
3846.02
3845.15
3843.36
3840.55
3836.54
3831.1
3823.95
3814.7
3802.9
3787.99
3769.33
3746.2
3717.76
3683.14
3641.46
3591.86
3533.66
3466.45
3390.15
3306.69
3846.31
3845.3
3843.23
3839.98
3835.37
3829.18
3821.08
3810.7
3797.59
3781.2
3760.92
3736.07
3705.92
3669.7
3626.68
3576.2
3517.79
3451.21
3376.6
3295.4
3846.49
3845.37
3843.06
3839.45
3834.36
3827.54
3818.68
3807.4
3793.23
3775.67
3754.12
3727.95
3696.49
3659.07
3615.08
3564.01
3505.5
3439.5
3366.23
3286.79
3846.6
3845.38
3842.9
3839.02
3833.55
3826.26
3816.82
3804.86
3789.91
3771.47
3748.99
3721.85
3689.44
3651.18
3606.52
3555.04
3496.52
3430.97
3358.68
3280.51
3846.65
3845.37
3842.77
3838.7
3832.99
3825.38
3815.56
3803.14
3787.67
3768.66
3745.55
3717.78
3684.76
3645.95
3600.87
3549.15
3490.64
3425.38
3353.73
3276.35
3846.67
3845.37
3842.7
3838.54
3832.71
3824.94
3814.92
3802.27
3786.54
3767.24
3743.83
3715.75
3682.43
3643.35
3598.06
3546.23
3487.72
3422.61
3351.24
3274.14
4880.69
4555.68
4317.88
4085.94
3871.89
3677.52
3502.63
3345.02
3200.96
3065.62
4390.59
4035.58
3799.54
3597.06
3432.79
3303.15
3203.34
3127.61
3069.49
3022.17
4027.4
3739.03
3550.84
3397.43
3278.15
3187.87
3121.46
3073.7
3039.29
3012.94
3781.33
3559.53
3412.85
3295.27
3205.12
3137.79
3088.86
3054.06
3029.23
3010.33
3619.01
3450.12
3335.86
3244.06
3173.12
3119.43
3079.55
3050.21
3028.26
3010.67
3511.04
3381.37
3291.02
3217.43
3159.35
3114.11
3079.14
3052.01
3030.38
3012
3437.38
3336.15
3263.16
3202.52
3153.32
3113.61
3081.55
3055.33
3033.22
3013.54
3385.4
3304.74
3244.41
3193.12
3150.26
3114.43
3084.29
3058.53
3035.84
3014.99
3347.36
3281.69
3230.68
3186.31
3148.13
3115.18
3086.48
3061.07
3037.98
3016.28
3318.58
3263.96
3219.92
3180.74
3146.15
3115.44
3087.93
3062.88
3039.61
3017.38
3296.21
3249.81
3211.04
3175.86
3144.06
3115.17
3088.68
3064.06
3040.79
3018.31
3278.44
3238.22
3203.51
3171.43
3141.87
3114.48
3088.9
3064.74
3041.61
3019.09
3264.17
3228.63
3197.05
3167.41
3139.65
3113.51
3088.74
3065.06
3042.16
3019.74
3252.64
3220.66
3191.5
3163.78
3137.47
3112.38
3088.33
3065.12
3042.52
3020.28
3243.36
3214.07
3186.77
3160.56
3135.41
3111.19
3087.78
3065.01
3042.72
3020.72
3235.97
3208.69
3182.81
3157.76
3133.53
3110.02
3087.15
3064.79
3042.82
3021.07
3230.22
3204.39
3179.55
3155.37
3131.85
3108.92
3086.5
3064.5
3042.82
3021.33
3225.94
3201.07
3176.94
3153.38
3130.38
3107.88
3085.83
3064.14
3042.74
3021.5
3222.97
3198.66
3174.95
3151.78
3129.11
3106.92
3085.15
3063.73
3042.57
3021.58
3221.05
3196.76
3173.06
3149.96
3127.44
3105.47
3083.97
3062.88
3042.08
3021.48
0.449193
255.483
527.743
817.061
1121.41
1438.9
1767.58
2105.09
2448.37
2794.66
1671.05
1784.78
1905.25
2033.43
2168.52
2309.72
2455.78
2604.75
2755.03
2905.79
835.174
1017.2
1212.78
1421.84
1642.89
1874.31
2114.22
2360.14
2609.65
2861.15
919.644
1090.98
1277
1477.14
1689.77
1913.06
2144.89
2382.79
2624.32
2867.88
1013.1
1171.94
1347.11
1537.58
1741.3
1955.92
2178.97
2407.91
2640.38
2874.72
1100.38
1246.39
1411.3
1593.41
1789.75
1997.06
2212.33
2432.82
2656.3
2881.23
1167.8
1301.44
1458.6
1635.9
1828.45
2031.58
2241.48
2455.24
2670.81
2887.07
1210.21
1331.5
1485.35
1663.33
1857.04
2059.81
2267.02
2475.73
2684.35
2892.47
1230.6
1339.21
1496.94
1682.74
1882.92
2088.51
2294.48
2498.36
2699.42
2898.31
1120.31
1216.17
1403.06
1618.16
1841.74
2064.27
2281.62
2492.52
2697.49
2898.4
-1291.84
-1271.83
-1224.74
-1152.62
-1055.79
-934.774
-790.235
-623.064
-434.325
-226.234
1164.83
1167.82
1182.97
1208
1243.08
1288.27
1343.69
1409.53
1485.87
1570.95
-35.2845
-22.9616
6.3593
51.6159
113.07
190.918
285.429
396.757
525.187
670.034
129.128
140.272
165.929
205.606
259.737
328.839
413.454
514.107
631.55
765.83
324.323
333.64
354.654
387.283
432.161
490.063
561.869
648.752
751.982
872.629
529.495
536.441
552.051
576.562
610.796
655.779
712.776
783.381
869.746
974.158
727.784
731.984
741.664
757.34
780.025
810.971
851.651
903.939
970.605
1055.71
916.253
917.39
920.688
926.939
937.39
953.475
976.708
1008.81
1052.27
1112.33
1095.76
1093.36
1089.45
1085.17
1082.08
1081.88
1086.05
1095.45
1110.6
1133.02
1271.19
1266.86
1259.14
1249.54
1240.13
1233.18
1230.57
1232.4
1233.93
1209.99
1641.33
1621.29
1582.66
1528.05
1461.08
1386.01
1307.23
1228.45
1156.93
1050.01
1839.9
1817.96
1775.22
1713.88
1637.31
1550.06
1457.87
1367.13
1290.75
1182.3
2001.45
1985.55
1954.04
1907.5
1846.94
1774.06
1691.4
1602.39
1517.92
1390.16
2112.11
2100.1
2076.16
2040.42
1993.19
1935.11
1867.34
1791.48
1715.62
1593.31
2188.19
2178.96
2160.51
2132.83
2095.96
2050.1
1995.71
1933.4
1869.12
1760.86
2239.93
2232.68
2218.15
2196.33
2167.17
2130.71
2087.08
2036.41
1983.21
1890.94
2274.5
2268.66
2256.98
2239.43
2215.99
2186.64
2151.4
2110.19
2066.52
1989.26
2296.95
2292.15
2282.56
2268.16
2249
2225.04
2196.3
2162.61
2126.84
2062.64
2310.86
2306.87
2298.91
2286.85
2270.9
2251.01
2227.29
2199.56
2170.2
2116.98
2319.07
2315.65
2308.76
2298.39
2284.96
2268.12
2248.27
2225.26
2201.09
2156.95
2321.81
2319.19
2313.8
2305.45
2294.04
2279.42
2262.37
2242.94
2222.97
2186.24
2320.2
2318.28
2314.33
2308.12
2299.18
2287.19
2272.42
2255.32
2238.54
2207.79
2316.34
2314.84
2311.78
2307.05
2300.41
2291.27
2279.06
2264.26
2249.64
2223.67
2311.22
2310.02
2307.59
2303.86
2298.69
2291.88
2282.55
2270.36
2257.44
2235.14
2305.42
2304.46
2302.51
2299.52
2295.42
2290.05
2283.17
2273.63
2262.69
2243.21
2299.35
2298.57
2296.98
2294.57
2291.26
2286.96
2281.55
2274.46
2265.34
2249.14
2293.27
2292.63
2291.33
2289.35
2286.64
2283.15
2278.76
2273.3
2266.32
2252.86
2287.38
2286.85
2285.79
2284.16
2281.95
2279.1
2275.55
2271.18
2265.91
2254.68
2281.8
2281.37
2280.49
2279.16
2277.35
2275.03
2272.14
2268.6
2264.52
2255.23
2276.58
2276.22
2275.5
2274.41
2272.93
2271.04
2268.69
2265.82
2262.61
2254.93
2271.72
2271.43
2270.84
2269.95
2268.74
2267.19
2265.29
2262.98
2260.45
2254.14
2267.24
2267
2266.51
2265.78
2264.78
2263.51
2261.95
2260.06
2257.96
2253.3
2263.15
2262.95
2262.55
2261.94
2261.12
2260.08
2258.79
2257.25
2255.52
2252.03
2259.43
2259.27
2258.94
2258.45
2257.77
2256.92
2255.87
2254.6
2253.18
2250.51
2256.09
2255.96
2255.69
2255.28
2254.73
2254.03
2253.17
2252.15
2250.98
2248.92
2253.09
2252.98
2252.77
2252.44
2251.99
2251.42
2250.72
2249.89
2248.94
2247.32
2250.41
2250.33
2250.15
2249.88
2249.52
2249.06
2248.5
2247.83
2247.06
2245.79
2248.03
2247.96
2247.82
2247.61
2247.32
2246.95
2246.49
2245.96
2245.35
2244.34
2245.92
2245.86
2245.75
2245.58
2245.35
2245.05
2244.7
2244.27
2243.78
2242.99
2244.05
2244
2243.91
2243.78
2243.6
2243.37
2243.09
2242.75
2242.37
2241.75
2242.39
2242.36
2242.29
2242.19
2242.05
2241.87
2241.65
2241.39
2241.1
2240.61
2240.94
2240.91
2240.86
2240.78
2240.68
2240.54
2240.37
2240.18
2239.95
2239.58
2239.66
2239.64
2239.6
2239.55
2239.47
2239.37
2239.24
2239.1
2238.93
2238.64
2238.54
2238.53
2238.5
2238.46
2238.4
2238.33
2238.24
2238.14
2238.02
2237.8
2237.56
2237.55
2237.53
2237.5
2237.47
2237.42
2237.36
2237.29
2237.21
2237.05
2236.7
2236.7
2236.69
2236.67
2236.65
2236.62
2236.58
2236.54
2236.49
2236.38
2235.95
2235.95
2235.95
2235.94
2235.93
2235.92
2235.9
2235.88
2235.85
2235.78
2235.3
2235.3
2235.3
2235.3
2235.3
2235.3
2235.3
2235.3
2235.29
2235.25
2234.74
2234.74
2234.75
2234.75
2234.76
2234.77
2234.78
2234.79
2234.8
2234.78
2234.25
2234.26
2234.26
2234.27
2234.29
2234.3
2234.32
2234.34
2234.36
2234.36
2233.83
2233.83
2233.84
2233.86
2233.87
2233.9
2233.92
2233.95
2233.98
2233.99
2233.47
2233.47
2233.48
2233.5
2233.52
2233.54
2233.57
2233.61
2233.65
2233.67
2233.15
2233.16
2233.17
2233.19
2233.21
2233.24
2233.27
2233.31
2233.35
2233.39
2232.89
2232.89
2232.9
2232.92
2232.95
2232.97
2233.01
2233.05
2233.1
2233.13
2232.66
2232.66
2232.68
2232.69
2232.72
2232.75
2232.78
2232.83
2232.87
2232.92
2232.46
2232.47
2232.48
2232.5
2232.52
2232.55
2232.59
2232.63
2232.68
2232.73
2232.3
2232.3
2232.31
2232.33
2232.36
2232.39
2232.42
2232.47
2232.52
2232.56
2232.15
2232.16
2232.17
2232.19
2232.21
2232.24
2232.28
2232.32
2232.37
2232.42
2232.03
2232.04
2232.05
2232.07
2232.09
2232.12
2232.16
2232.2
2232.25
2232.3
2231.93
2231.93
2231.95
2231.97
2231.99
2232.02
2232.06
2232.1
2232.15
2232.2
2231.84
2231.85
2231.86
2231.88
2231.9
2231.93
2231.97
2232.01
2232.06
2232.11
2231.77
2231.77
2231.79
2231.8
2231.83
2231.86
2231.89
2231.93
2231.98
2232.03
2231.71
2231.71
2231.72
2231.74
2231.77
2231.79
2231.83
2231.87
2231.91
2231.96
2231.66
2231.66
2231.67
2231.69
2231.71
2231.74
2231.77
2231.81
2231.86
2231.9
2231.62
2231.62
2231.63
2231.65
2231.67
2231.69
2231.73
2231.76
2231.8
2231.85
2231.58
2231.59
2231.6
2231.61
2231.63
2231.66
2231.69
2231.72
2231.76
2231.8
2231.56
2231.56
2231.57
2231.58
2231.6
2231.62
2231.65
2231.68
2231.72
2231.76
2231.54
2231.54
2231.55
2231.56
2231.58
2231.6
2231.62
2231.65
2231.69
2231.72
2231.52
2231.52
2231.53
2231.54
2231.56
2231.58
2231.6
2231.63
2231.66
2231.69
2231.51
2231.51
2231.52
2231.53
2231.54
2231.56
2231.58
2231.61
2231.63
2231.66
2231.5
2231.5
2231.51
2231.52
2231.53
2231.55
2231.57
2231.59
2231.61
2231.64
2231.49
2231.49
2231.5
2231.51
2231.52
2231.54
2231.55
2231.57
2231.6
2231.62
2231.49
2231.49
2231.49
2231.5
2231.51
2231.53
2231.54
2231.56
2231.58
2231.6
2231.48
2231.49
2231.49
2231.5
2231.51
2231.52
2231.54
2231.55
2231.57
2231.59
2231.48
2231.49
2231.49
2231.5
2231.5
2231.52
2231.53
2231.54
2231.56
2231.58
2231.48
2231.49
2231.49
2231.5
2231.5
2231.51
2231.52
2231.54
2231.55
2231.57
2231.48
2231.49
2231.49
2231.49
2231.5
2231.51
2231.52
2231.53
2231.54
2231.56
2231.49
2231.49
2231.49
2231.5
2231.5
2231.51
2231.52
2231.53
2231.54
2231.55
2231.49
2231.49
2231.49
2231.5
2231.5
2231.51
2231.51
2231.52
2231.53
2231.54
2231.49
2231.49
2231.49
2231.5
2231.5
2231.51
2231.51
2231.52
2231.53
2231.53
2231.49
2231.5
2231.5
2231.5
2231.5
2231.51
2231.51
2231.52
2231.52
2231.53
2231.5
2231.5
2231.5
2231.5
2231.5
2231.51
2231.51
2231.51
2231.52
2231.52
2231.5
2231.5
2231.5
2231.5
2231.51
2231.51
2231.51
2231.51
2231.52
2231.52
2231.5
2231.5
2231.5
2231.51
2231.51
2231.51
2231.51
2231.51
2231.52
2231.52
2231.51
2231.51
2231.51
2231.51
2231.51
2231.51
2231.51
2231.51
2231.52
2231.52
2231.51
2231.51
2231.51
2231.51
2231.51
2231.51
2231.51
2231.51
2231.51
2231.52
2231.51
2231.51
2231.51
2231.51
2231.51
2231.51
2231.51
2231.51
2231.51
2231.51
2231.53
2231.53
2231.53
2231.53
2231.53
2231.53
2231.53
2231.53
2231.53
2231.53
2231.37
2231.37
2231.37
2231.37
2231.37
2231.37
2231.37
2231.37
2231.36
2231.36
2231.53
2231.53
2231.53
2231.53
2231.53
2231.53
2231.53
2231.53
2231.53
2231.53
882.396
1217.59
1558.61
1853.04
2077.99
2243.97
2365.79
2456.01
2523.85
2575.78
2616.17
2648
2673.31
2693.49
2709.52
2722.11
2731.74
2738.77
2743.43
2745.86
1221.84
1484.98
1670.83
1856.04
2016.66
2149.52
2256.81
2342.66
2411.31
2466.39
2510.8
2546.76
2575.92
2599.52
2618.47
2633.44
2644.94
2653.33
2658.83
2661.59
1361.35
1590.59
1721.51
1854.97
1977.17
2084.99
2177.64
2255.98
2321.61
2376.32
2421.8
2459.53
2490.7
2516.28
2537.05
2553.59
2566.36
2575.68
2581.8
2584.83
1524.61
1701.05
1792.74
1888.1
1978.47
2061.91
2137.06
2203.46
2261.33
2311.25
2353.96
2390.24
2420.81
2446.3
2467.25
2484.09
2497.19
2506.8
2513.11
2516.24
1676.18
1804.16
1866.14
1933.32
1998.98
2061.81
2120.54
2174.35
2222.84
2265.93
2303.78
2336.66
2364.9
2388.82
2408.73
2424.91
2437.58
2446.93
2453.09
2456.15
1804.94
1895.32
1935.01
1981.11
2027.82
2074.03
2118.66
2160.84
2199.97
2235.69
2267.81
2296.3
2321.2
2342.62
2360.68
2375.5
2387.21
2395.89
2401.64
2404.5
1909.14
1972.32
1996.01
2026.51
2058.84
2092
2125.06
2157.22
2187.85
2216.49
2242.81
2266.61
2287.76
2306.22
2321.97
2335.02
2345.42
2353.18
2358.33
2360.9
1991.28
2035.31
2047.95
2067.14
2088.72
2111.82
2135.65
2159.5
2182.82
2205.12
2226.03
2245.29
2262.67
2278.05
2291.33
2302.44
2311.35
2318.05
2322.51
2324.75
2055.04
2085.71
2090.99
2102.15
2115.81
2131.28
2147.89
2165.05
2182.28
2199.14
2215.27
2230.39
2244.24
2256.66
2267.51
2276.67
2284.07
2289.66
2293.41
2295.28
2104.06
2125.43
2125.95
2131.52
2139.46
2149.21
2160.27
2172.15
2184.44
2196.77
2208.83
2220.32
2231.03
2240.75
2249.33
2256.65
2262.6
2267.13
2270.17
2271.7
2141.53
2156.38
2153.94
2155.71
2159.55
2165.1
2171.95
2179.72
2188.09
2196.75
2205.41
2213.85
2221.83
2229.19
2235.75
2241.41
2246.04
2249.59
2251.98
2253.19
2170.16
2180.34
2176.12
2175.33
2176.31
2178.8
2182.5
2187.14
2192.44
2198.17
2204.09
2209.99
2215.7
2221.03
2225.87
2230.07
2233.55
2236.22
2238.03
2238.95
2192.02
2198.79
2193.53
2191.06
2190.07
2190.37
2191.76
2194.04
2196.99
2200.42
2204.16
2208.02
2211.86
2215.53
2218.9
2221.88
2224.36
2226.29
2227.6
2228.27
2208.62
2212.87
2207.07
2203.54
2201.22
2200
2199.72
2200.25
2201.43
2203.11
2205.14
2207.38
2209.72
2212.04
2214.22
2216.19
2217.85
2219.15
2220.05
2220.5
2221.1
2223.49
2217.48
2213.31
2210.14
2207.89
2206.45
2205.72
2205.59
2205.94
2206.67
2207.67
2208.83
2210.08
2211.31
2212.45
2213.45
2214.24
2214.8
2215.08
2230.27
2231.31
2225.34
2220.86
2217.19
2214.27
2212.05
2210.44
2209.37
2208.75
2208.51
2208.56
2208.83
2209.24
2209.73
2210.24
2210.7
2211.09
2211.37
2211.52
2236.81
2236.91
2231.14
2226.58
2222.67
2219.37
2216.65
2214.46
2212.74
2211.44
2210.49
2209.85
2209.45
2209.23
2209.16
2209.17
2209.23
2209.3
2209.37
2209.41
2241.19
2240.71
2235.29
2230.83
2226.86
2223.39
2220.39
2217.84
2215.7
2213.93
2212.5
2211.36
2210.48
2209.81
2209.31
2208.95
2208.71
2208.55
2208.45
2208.41
2243.95
2243.14
2238.14
2233.88
2230
2226.51
2223.4
2220.66
2218.27
2216.21
2214.46
2212.99
2211.77
2210.78
2209.98
2209.36
2208.9
2208.56
2208.35
2208.25
2245.53
2244.53
2239.99
2236.01
2232.3
2228.89
2225.78
2222.98
2220.47
2218.26
2216.32
2214.64
2213.21
2212
2211.01
2210.21
2209.59
2209.14
2208.84
2208.69
2246.27
2245.17
2241.08
2237.41
2233.93
2230.67
2227.65
2224.88
2222.35
2220.08
2218.05
2216.26
2214.71
2213.38
2212.26
2211.35
2210.63
2210.1
2209.75
2209.58
2246.43
2245.28
2241.62
2238.26
2235.04
2231.98
2229.1
2226.42
2223.94
2221.68
2219.64
2217.82
2216.21
2214.82
2213.64
2212.67
2211.89
2211.32
2210.94
2210.75
2246.11
2244.99
2241.73
2238.7
2235.75
2232.91
2230.2
2227.66
2225.28
2223.09
2221.09
2219.28
2217.68
2216.28
2215.08
2214.08
2213.29
2212.69
2212.3
2212.1
2245.51
2244.43
2241.55
2238.83
2236.14
2233.54
2231.03
2228.65
2226.4
2224.31
2222.39
2220.64
2219.08
2217.7
2216.52
2215.53
2214.74
2214.15
2213.75
2213.55
2244.72
2243.7
2241.16
2238.73
2236.32
2233.94
2231.64
2229.43
2227.34
2225.37
2223.56
2221.89
2220.4
2219.07
2217.93
2216.97
2216.2
2215.62
2215.23
2215.04
2243.82
2242.87
2240.65
2238.49
2236.32
2234.17
2232.08
2230.05
2228.12
2226.29
2224.59
2223.03
2221.62
2220.36
2219.28
2218.36
2217.62
2217.07
2216.7
2216.51
2242.87
2241.99
2240.05
2238.14
2236.2
2234.28
2232.38
2230.53
2228.76
2227.08
2225.51
2224.06
2222.74
2221.57
2220.55
2219.69
2218.99
2218.47
2218.11
2217.94
2241.91
2241.11
2239.41
2237.73
2236.01
2234.28
2232.58
2230.91
2229.3
2227.76
2226.32
2224.99
2223.77
2222.68
2221.73
2220.93
2220.28
2219.79
2219.46
2219.3
2240.97
2240.24
2238.76
2237.28
2235.76
2234.22
2232.69
2231.19
2229.74
2228.35
2227.03
2225.81
2224.7
2223.7
2222.83
2222.09
2221.49
2221.03
2220.73
2220.58
2240.07
2239.41
2238.12
2236.82
2235.48
2234.11
2232.75
2231.41
2230.1
2228.85
2227.66
2226.55
2225.54
2224.63
2223.83
2223.15
2222.6
2222.19
2221.91
2221.76
2239.22
2238.63
2237.51
2236.37
2235.18
2233.98
2232.77
2231.57
2230.4
2229.27
2228.2
2227.2
2226.29
2225.46
2224.74
2224.12
2223.62
2223.24
2222.99
2222.86
2238.43
2237.9
2236.92
2235.92
2234.88
2233.82
2232.75
2231.68
2230.64
2229.63
2228.68
2227.78
2226.95
2226.21
2225.56
2225
2224.55
2224.2
2223.97
2223.86
2237.7
2237.22
2236.37
2235.5
2234.59
2233.66
2232.71
2231.77
2230.84
2229.94
2229.09
2228.29
2227.55
2226.88
2226.29
2225.79
2225.39
2225.08
2224.87
2224.76
2237.02
2236.6
2235.86
2235.11
2234.31
2233.49
2232.65
2231.82
2231
2230.21
2229.45
2228.73
2228.07
2227.48
2226.95
2226.5
2226.14
2225.86
2225.67
2225.58
2236.41
2236.03
2235.4
2234.74
2234.04
2233.32
2232.59
2231.86
2231.13
2230.43
2229.76
2229.12
2228.54
2228.01
2227.54
2227.14
2226.81
2226.57
2226.4
2226.31
2235.86
2235.52
2234.97
2234.4
2233.79
2233.16
2232.52
2231.87
2231.24
2230.62
2230.02
2229.46
2228.94
2228.47
2228.06
2227.7
2227.41
2227.19
2227.04
2226.97
2235.35
2235.05
2234.58
2234.08
2233.56
2233.01
2232.45
2231.88
2231.32
2230.78
2230.25
2229.76
2229.3
2228.88
2228.52
2228.2
2227.95
2227.75
2227.62
2227.55
2234.9
2234.64
2234.23
2233.8
2233.34
2232.86
2232.37
2231.88
2231.39
2230.91
2230.45
2230.02
2229.61
2229.25
2228.92
2228.64
2228.42
2228.25
2228.13
2228.07
2234.5
2234.26
2233.91
2233.54
2233.14
2232.73
2232.3
2231.87
2231.44
2231.02
2230.62
2230.24
2229.88
2229.56
2229.28
2229.03
2228.83
2228.68
2228.58
2228.53
2234.14
2233.93
2233.63
2233.31
2232.96
2232.6
2232.23
2231.86
2231.49
2231.12
2230.77
2230.43
2230.12
2229.84
2229.59
2229.37
2229.2
2229.06
2228.97
2228.93
2233.82
2233.63
2233.37
2233.1
2232.8
2232.49
2232.17
2231.84
2231.52
2231.2
2230.89
2230.6
2230.33
2230.08
2229.86
2229.67
2229.52
2229.4
2229.32
2229.28
2233.53
2233.37
2233.15
2232.91
2232.66
2232.39
2232.11
2231.83
2231.54
2231.27
2231
2230.74
2230.51
2230.29
2230.1
2229.93
2229.8
2229.7
2229.63
2229.59
2233.27
2233.14
2232.95
2232.74
2232.52
2232.29
2232.05
2231.81
2231.56
2231.32
2231.09
2230.87
2230.66
2230.47
2230.3
2230.16
2230.04
2229.95
2229.89
2229.86
2233.05
2232.93
2232.77
2232.59
2232.41
2232.21
2232
2231.79
2231.58
2231.37
2231.16
2230.97
2230.79
2230.63
2230.48
2230.36
2230.26
2230.18
2230.12
2230.1
2232.85
2232.75
2232.61
2232.46
2232.3
2232.13
2231.95
2231.77
2231.58
2231.4
2231.23
2231.06
2230.91
2230.76
2230.64
2230.53
2230.44
2230.37
2230.33
2230.3
2232.68
2232.59
2232.47
2232.35
2232.21
2232.06
2231.91
2231.75
2231.59
2231.43
2231.28
2231.14
2231
2230.88
2230.77
2230.68
2230.6
2230.54
2230.5
2230.48
2232.53
2232.45
2232.35
2232.24
2232.12
2232
2231.87
2231.73
2231.59
2231.46
2231.33
2231.2
2231.09
2230.98
2230.89
2230.8
2230.74
2230.69
2230.65
2230.63
2232.4
2232.33
2232.24
2232.15
2232.05
2231.94
2231.83
2231.71
2231.6
2231.48
2231.37
2231.26
2231.16
2231.07
2230.98
2230.91
2230.86
2230.81
2230.78
2230.77
2232.29
2232.22
2232.15
2232.07
2231.99
2231.89
2231.8
2231.7
2231.6
2231.5
2231.4
2231.31
2231.22
2231.14
2231.07
2231.01
2230.96
2230.92
2230.9
2230.88
2232.19
2232.13
2232.07
2232
2231.93
2231.85
2231.77
2231.68
2231.6
2231.51
2231.43
2231.35
2231.27
2231.2
2231.14
2231.09
2231.05
2231.01
2230.99
2230.98
2232.1
2232.05
2232
2231.94
2231.88
2231.81
2231.74
2231.67
2231.59
2231.52
2231.45
2231.38
2231.32
2231.26
2231.2
2231.16
2231.12
2231.09
2231.07
2231.07
2232.03
2231.98
2231.94
2231.89
2231.84
2231.78
2231.72
2231.65
2231.59
2231.53
2231.47
2231.41
2231.35
2231.3
2231.26
2231.22
2231.19
2231.16
2231.15
2231.14
2231.96
2231.92
2231.88
2231.84
2231.8
2231.75
2231.7
2231.64
2231.59
2231.53
2231.48
2231.43
2231.38
2231.34
2231.3
2231.27
2231.24
2231.22
2231.21
2231.2
2231.91
2231.87
2231.84
2231.8
2231.76
2231.72
2231.68
2231.63
2231.59
2231.54
2231.49
2231.45
2231.41
2231.37
2231.34
2231.31
2231.29
2231.27
2231.26
2231.25
2231.85
2231.82
2231.79
2231.76
2231.73
2231.7
2231.66
2231.62
2231.58
2231.54
2231.5
2231.47
2231.43
2231.4
2231.37
2231.35
2231.33
2231.31
2231.3
2231.3
2231.81
2231.78
2231.76
2231.73
2231.71
2231.68
2231.64
2231.61
2231.58
2231.54
2231.51
2231.48
2231.45
2231.42
2231.4
2231.38
2231.36
2231.35
2231.34
2231.34
2231.77
2231.74
2231.72
2231.7
2231.68
2231.66
2231.63
2231.6
2231.57
2231.55
2231.52
2231.49
2231.47
2231.44
2231.42
2231.41
2231.39
2231.38
2231.37
2231.37
2231.73
2231.71
2231.7
2231.68
2231.66
2231.64
2231.62
2231.59
2231.57
2231.55
2231.52
2231.5
2231.48
2231.46
2231.44
2231.43
2231.41
2231.4
2231.4
2231.4
2231.7
2231.68
2231.67
2231.66
2231.64
2231.62
2231.61
2231.59
2231.57
2231.55
2231.53
2231.51
2231.49
2231.47
2231.46
2231.44
2231.43
2231.43
2231.42
2231.42
2231.68
2231.66
2231.65
2231.64
2231.63
2231.61
2231.6
2231.58
2231.56
2231.55
2231.53
2231.51
2231.5
2231.48
2231.47
2231.46
2231.45
2231.44
2231.44
2231.44
2231.65
2231.64
2231.63
2231.62
2231.61
2231.6
2231.59
2231.57
2231.56
2231.54
2231.53
2231.52
2231.5
2231.49
2231.48
2231.47
2231.46
2231.46
2231.46
2231.45
2231.63
2231.62
2231.61
2231.61
2231.6
2231.59
2231.58
2231.57
2231.56
2231.54
2231.53
2231.52
2231.51
2231.5
2231.49
2231.48
2231.48
2231.47
2231.47
2231.47
2231.62
2231.61
2231.6
2231.59
2231.59
2231.58
2231.57
2231.56
2231.55
2231.54
2231.53
2231.52
2231.51
2231.51
2231.5
2231.49
2231.49
2231.48
2231.48
2231.48
2231.6
2231.59
2231.59
2231.58
2231.58
2231.57
2231.56
2231.56
2231.55
2231.54
2231.53
2231.52
2231.52
2231.51
2231.5
2231.5
2231.49
2231.49
2231.49
2231.49
2231.59
2231.58
2231.58
2231.57
2231.57
2231.56
2231.56
2231.55
2231.55
2231.54
2231.53
2231.53
2231.52
2231.51
2231.51
2231.5
2231.5
2231.5
2231.49
2231.49
2231.58
2231.57
2231.57
2231.56
2231.56
2231.56
2231.55
2231.55
2231.54
2231.54
2231.53
2231.53
2231.52
2231.52
2231.51
2231.51
2231.5
2231.5
2231.5
2231.5
2231.56
2231.56
2231.56
2231.56
2231.55
2231.55
2231.55
2231.54
2231.54
2231.54
2231.53
2231.53
2231.52
2231.52
2231.51
2231.51
2231.51
2231.51
2231.51
2231.5
2231.56
2231.55
2231.55
2231.55
2231.55
2231.55
2231.54
2231.54
2231.54
2231.53
2231.53
2231.53
2231.52
2231.52
2231.52
2231.51
2231.51
2231.51
2231.51
2231.51
2231.55
2231.55
2231.55
2231.54
2231.54
2231.54
2231.54
2231.54
2231.53
2231.53
2231.53
2231.53
2231.52
2231.52
2231.52
2231.52
2231.51
2231.51
2231.51
2231.51
2231.54
2231.54
2231.54
2231.54
2231.54
2231.54
2231.54
2231.53
2231.53
2231.53
2231.53
2231.53
2231.52
2231.52
2231.52
2231.52
2231.52
2231.52
2231.51
2231.51
2231.53
2231.53
2231.53
2231.54
2231.53
2231.53
2231.53
2231.53
2231.53
2231.53
2231.53
2231.53
2231.52
2231.52
2231.52
2231.52
2231.52
2231.52
2231.52
2231.52
2231.53
2231.53
2231.53
2231.53
2231.53
2231.53
2231.53
2231.53
2231.53
2231.53
2231.53
2231.52
2231.52
2231.52
2231.52
2231.52
2231.52
2231.52
2231.52
2231.52
2231.53
2231.53
2231.53
2231.53
2231.53
2231.53
2231.53
2231.53
2231.53
2231.53
2231.53
2231.52
2231.52
2231.52
2231.52
2231.52
2231.52
2231.52
2231.52
2231.52
2231.52
2231.52
2231.52
2231.53
2231.53
2231.53
2231.53
2231.53
2231.53
2231.52
2231.52
2231.52
2231.52
2231.52
2231.52
2231.52
2231.52
2231.52
2231.52
2231.52
2231.52
2231.52
2231.52
2231.52
2231.52
2231.52
2231.52
2231.52
2231.52
2231.52
2231.52
2231.52
2231.52
2231.52
2231.52
2231.52
2231.52
2231.52
2231.52
2231.52
2231.52
2231.52
2231.52
2231.52
2231.52
2231.52
2231.52
2231.52
2231.52
2231.52
2231.52
2231.52
2231.52
2231.52
2231.52
2231.52
2231.52
2231.52
2231.52
2231.52
2231.52
2231.52
2231.52
2231.52
2231.52
2231.52
2231.52
2231.52
2231.52
2231.52
2231.52
2231.52
2231.52
2231.52
2231.52
2231.52
2231.52
2231.52
2231.52
2231.52
2231.53
2231.54
2231.54
2231.54
2231.54
2231.54
2231.54
2231.54
2231.54
2231.54
2231.54
2231.54
2231.54
2231.54
2231.54
2231.54
2231.54
2231.54
2231.54
2231.54
2231.37
2231.37
2231.37
2231.37
2231.37
2231.37
2231.37
2231.37
2231.37
2231.37
2231.37
2231.37
2231.37
2231.37
2231.37
2231.37
2231.37
2231.37
2231.37
2231.37
2231.53
2231.53
2231.53
2231.53
2231.54
2231.54
2231.54
2231.54
2231.54
2231.54
2231.54
2231.54
2231.54
2231.54
2231.54
2231.54
2231.54
2231.54
2231.54
2231.54
2933.39
2978.53
2989.34
2993.42
2994.56
2994.75
2994.77
2994.92
2995.25
2995.76
2996.38
2997.08
2997.79
2998.49
2999.15
2999.74
3000.24
3000.66
3000.97
3001.27
2798.43
2931.4
2963.13
2974.62
2977.06
2976.43
2975.15
2974.13
2973.62
2973.61
2973.98
2974.63
2975.45
2976.34
2977.23
2978.07
2978.83
2979.49
2980.05
2980.74
2654.87
2873.48
2928.87
2949.89
2955.18
2954.86
2953.11
2951.52
2950.61
2950.42
2950.8
2951.6
2952.65
2953.83
2955.03
2956.18
2957.23
2958.17
2958.97
2960.03
2497.78
2797.86
2881.19
2915.13
2925.86
2927.76
2926.92
2925.8
2925.26
2925.45
2926.27
2927.53
2929.07
2930.72
2932.36
2933.92
2935.34
2936.58
2937.65
2939.04
2323.51
2698.19
2814.83
2866.2
2885.96
2892.79
2894.87
2895.7
2896.62
2898.01
2899.87
2902.05
2904.41
2906.78
2909.07
2911.17
2913.04
2914.66
2916
2917.66
2129.98
2568.79
2724.68
2798.88
2832.23
2847.51
2855.17
2859.91
2863.74
2867.39
2871.08
2874.78
2878.4
2881.83
2884.99
2887.81
2890.26
2892.31
2893.96
2895.84
1916.94
2405.01
2605.7
2708.83
2761.29
2789.41
2805.97
2817.07
2825.63
2832.89
2839.4
2845.35
2850.77
2855.67
2860
2863.75
2866.9
2869.47
2871.47
2873.48
1686.03
2203.28
2452.76
2591.44
2669.53
2715.82
2745.33
2765.83
2781.32
2793.82
2804.35
2813.42
2821.3
2828.12
2833.97
2838.89
2842.92
2846.1
2848.48
2850.57
1449.52
1968.8
2265.64
2445.33
2555.54
2625.59
2672.44
2705.61
2730.43
2749.92
2765.75
2778.89
2789.91
2799.16
2806.88
2813.22
2818.29
2822.19
2824.99
2827.09
1123.55
1615.21
1978.41
2224.22
2387.02
2496.12
2571.35
2625.12
2664.97
2695.52
2719.59
2738.93
2754.64
2767.45
2777.85
2786.19
2792.7
2797.56
2800.91
2803.04
4876.06
4782.48
4596.65
4381.59
4157.58
3934.45
3716.5
3505.01
3299.4
3097.98
4764.07
4657.06
4500.25
4314.67
4114.31
3908.36
3701.95
3497.58
3295.88
3096.46
4783.44
4663.16
4509.9
4332.11
4138.28
3935.23
3727.65
3518.45
3309.15
3100.43
4825.3
4692.09
4535.12
4357.79
4165.03
3961.57
3751.27
3536.96
3320.59
3103.6
4892.24
4746.11
4580.98
4398.52
4201.76
3993.98
3778.22
3557.06
3332.57
3106.71
4978.92
4819.43
4643.59
4452.41
4247.97
4032.67
3808.96
3579.15
3345.33
3109.77
5071.36
4898.85
4711.67
4510.41
4296.69
4072.43
3839.7
3600.59
3357.22
3112.01
5154.56
4970.68
4773.31
4562.6
4339.96
4107.09
3865.85
3618.18
3366.09
3112.36
4314.78
4198.15
4074.96
3944.27
3806.85
3663.65
3515.79
3364.49
3210.99
3057.23
5975
5715.49
5439.03
5145.87
4838.03
4517.49
4186.32
3846.49
3499.91
3150.51
4719.43
4723.7
4731.15
4740.21
4748.84
4754.84
4756.6
4754.41
4753.38
4779.78
4895.71
4898.04
4901.66
4905.45
4907.88
4907.35
4902.55
4892.89
4878.15
4857.67
5076.41
5075.21
5071.65
5064.98
5054.01
5037.42
5013.78
4981.6
4938.53
4879.59
5266.25
5261.99
5252.05
5235.98
5212.82
5181.4
5140.32
5087.82
5021.37
4936.71
5466.19
5459.16
5443.28
5418.35
5383.59
5338.06
5280.53
5209.49
5122.94
5018.52
5673.3
5663.88
5642.53
5609.4
5563.89
5505.29
5432.73
5345.15
5241.2
5120.01
5870.54
5859.24
5833.12
5792.79
5737.83
5667.8
5582.2
5480.43
5361.83
5226.36
6039.22
6026.63
5996.61
5950.35
5887.59
5808.13
5711.87
5598.7
5468.41
5321.61
4842.13
4838.7
4822.57
4796.17
4759.26
4711.82
4653.8
4585.26
4506.01
4417.9
7297.43
7276.77
7228.25
7154.14
7054.73
6930.62
6782.59
6611.57
6418.7
6206.22
3804.23
3804.32
3804.49
3804.74
3805.05
3805.41
3805.79
3806.2
3806.79
3808.17
3803.49
3803.6
3803.82
3804.14
3804.55
3805.03
3805.56
3806.16
3807
3808.82
3802.07
3802.23
3802.56
3803.03
3803.65
3804.39
3805.25
3806.23
3807.53
3810.3
3800
3800.24
3800.71
3801.42
3802.35
3803.48
3804.81
3806.36
3808.39
3812.84
3797.31
3797.65
3798.33
3799.35
3800.69
3802.33
3804.29
3806.59
3809.59
3816.99
3794.1
3794.58
3795.54
3796.97
3798.85
3801.17
3803.94
3807.19
3811.43
3823.43
3790.51
3791.18
3792.53
3794.53
3797.2
3800.52
3804.53
3809.33
3815.59
3832
3786.67
3787.59
3789.44
3792.21
3795.92
3800.58
3806.27
3813.25
3822.54
3843.99
3782.74
3783.98
3786.46
3790.2
3795.23
3801.6
3809.48
3819.45
3833.7
3861.4
3779.06
3780.7
3783.99
3788.95
3795.65
3804.19
3814.86
3829
3852.43
3886.62
3776.28
3778.46
3782.86
3789.54
3798.64
3810.45
3825.73
3848.3
3878.61
3920.47
3775.28
3778.21
3784.13
3793.2
3805.68
3822.27
3845.53
3880.8
3918.1
3964.96
3777.58
3781.57
3789.7
3802.42
3820.36
3846.35
3883.66
3927.51
3968
4022.71
3786.02
3791.7
3803.35
3822.91
3852.81
3891.19
3937.27
3988.88
4030.85
4096.45
3807.93
3817.21
3836.02
3864.88
3904.51
3953.92
4007.86
4061.38
4111.24
4191.04
3854.15
3867.35
3892.82
3929.75
3977.17
4032.58
4093.55
4157.47
4217.96
4313.62
3928.71
3944.12
3974.39
4018.37
4074.23
4139.62
4211.95
4288.35
4359.93
4469.59
4034.22
4052.83
4089.31
4142.14
4209.02
4286.91
4372.04
4460.03
4539.38
4654.78
4185.12
4208.63
4254.21
4319.03
4398.84
4488.1
4580.2
4668.13
4738.79
4836.71
4386.11
4404.5
4439.84
4489.51
4549.94
4617.14
4687.29
4757.62
4822.26
4924.74
3811.06
3815.25
3819.56
3823.72
3827.62
3831.18
3834.35
3837.11
3839.45
3841.38
3842.93
3844.14
3845.05
3845.72
3846.17
3846.47
3846.66
3846.76
3846.82
3846.84
3812.2
3816.32
3820.68
3824.81
3828.62
3832.05
3835.06
3837.62
3839.75
3841.47
3842.81
3843.82
3844.53
3845.01
3845.31
3845.47
3845.54
3845.55
3845.55
3845.54
3814.65
3818.6
3823.03
3827.06
3830.68
3833.82
3836.48
3838.66
3840.37
3841.65
3842.56
3843.14
3843.45
3843.56
3843.52
3843.4
3843.23
3843.07
3842.94
3842.87
3818.73
3822.32
3826.79
3830.64
3833.9
3836.58
3838.68
3840.23
3841.28
3841.88
3842.1
3842.02
3841.71
3841.25
3840.71
3840.15
3839.62
3839.19
3838.88
3838.72
3824.94
3827.83
3832.26
3835.75
3838.47
3840.44
3841.72
3842.36
3842.45
3842.09
3841.36
3840.36
3839.19
3837.94
3836.7
3835.54
3834.54
3833.73
3833.17
3832.88
3833.83
3835.53
3839.78
3842.7
3844.59
3845.54
3845.65
3845.05
3843.85
3842.18
3840.18
3837.97
3835.68
3833.41
3831.27
3829.35
3827.72
3826.44
3825.57
3825.12
3845.61
3845.92
3849.83
3851.85
3852.53
3852.04
3850.56
3848.27
3845.36
3842.01
3838.38
3834.63
3830.92
3827.38
3824.13
3821.26
3818.86
3817.01
3815.74
3815.1
3861.63
3859.88
3863.07
3863.67
3862.58
3860.09
3856.47
3851.97
3846.85
3841.35
3835.67
3830.02
3824.57
3819.48
3814.88
3810.89
3807.58
3805.05
3803.33
3802.46
3883.6
3878.55
3880.29
3878.69
3875.07
3869.83
3863.35
3855.99
3848.06
3839.87
3831.68
3823.72
3816.19
3809.26
3803.09
3797.78
3793.43
3790.1
3787.86
3786.73
3913.34
3903.16
3902.32
3897.43
3890.24
3881.29
3871.07
3860.04
3848.6
3837.11
3825.88
3815.17
3805.2
3796.16
3788.19
3781.39
3775.87
3771.67
3768.85
3767.44
3952.47
3934.82
3929.94
3920.31
3908.23
3894.35
3879.31
3863.66
3847.88
3832.41
3817.58
3803.68
3790.93
3779.51
3769.54
3761.12
3754.33
3749.19
3745.76
3744.03
4003.04
3974.73
3963.86
3947.65
3928.97
3908.65
3887.46
3866.06
3845.04
3824.85
3805.86
3788.35
3772.52
3758.51
3746.41
3736.28
3728.16
3722.06
3717.99
3715.95
4067.56
4024.21
4004.74
3979.49
3952.06
3923.42
3894.5
3866.09
3838.83
3813.2
3789.54
3768.08
3748.97
3732.26
3717.98
3706.14
3696.71
3689.66
3684.98
3682.64
4148.24
4084.35
4052.88
4015.46
3976.53
3937.27
3898.78
3861.97
3827.5
3795.79
3767.1
3741.53
3719.09
3699.73
3683.37
3669.93
3659.3
3651.4
3646.17
3643.57
4248
4156.04
4108.04
4054.35
4000.47
3947.82
3897.74
3851.16
3808.67
3770.5
3736.69
3707.11
3681.57
3659.84
3641.69
3626.91
3615.31
3606.74
3601.09
3598.28
4369.13
4239.29
4168.86
4093.6
4020.42
3951.2
3887.47
3830.05
3779.16
3734.65
3696.12
3663.08
3635.04
3611.52
3592.1
3576.44
3564.23
3555.27
3549.37
3546.45
4509.38
4332.16
4232.02
4128.19
4030.35
3941.23
3862.29
3793.75
3735
3685.09
3642.97
3607.61
3578.14
3553.78
3533.91
3518.02
3505.73
3496.75
3490.86
3487.94
4657.62
4430.82
4291
4148.86
4020.17
3908.53
3814.32
3736.03
3671.48
3618.41
3574.83
3539.07
3509.79
3485.93
3466.69
3451.45
3439.72
3431.18
3425.59
3422.82
4782.11
4524.57
4327.92
4135.05
3970.84
3837.6
3731.9
3648.65
3582.99
3530.93
3489.38
3456.03
3429.2
3407.62
3390.39
3376.83
3366.45
3358.89
3353.94
3351.45
5102.4
4763.69
4416.88
4124.08
3903.77
3743.27
3626.77
3541.34
3477.66
3429.31
3391.99
3362.78
3339.7
3321.4
3306.94
3295.63
3287
3280.72
3276.55
3274.34
4881.31
4391.42
4028.32
3782.25
3619.86
3511.79
3438.01
3385.92
3347.8
3318.96
3296.54
3278.74
3264.44
3252.89
3243.59
3236.19
3230.43
3226.14
3223.17
3221.25
4556.27
4036.39
3739.9
3560.38
3450.89
3382.04
3336.71
3305.21
3282.1
3264.31
3250.12
3238.5
3228.89
3220.9
3214.3
3208.9
3204.6
3201.27
3198.86
3196.96
4318.42
3800.28
3551.62
3413.59
3336.53
3291.6
3263.66
3244.83
3231.05
3220.24
3211.34
3203.78
3197.3
3191.74
3187
3183.02
3179.76
3177.15
3175.16
3173.27
4086.38
3597.7
3398.09
3295.89
3244.61
3217.91
3202.94
3193.49
3186.64
3181.04
3176.13
3171.69
3167.66
3164.02
3160.79
3157.98
3155.59
3153.6
3151.99
3150.17
3872.24
3433.3
3278.67
3205.6
3173.56
3159.74
3153.66
3150.57
3148.43
3146.42
3144.33
3142.12
3139.89
3137.7
3135.64
3133.75
3132.08
3130.6
3129.34
3127.66
3677.78
3303.52
3188.24
3138.14
3119.75
3114.4
3113.89
3114.7
3115.44
3115.7
3115.43
3114.73
3113.75
3112.62
3111.43
3110.26
3109.15
3108.12
3107.16
3105.69
3502.79
3203.58
3121.7
3089.1
3079.77
3079.36
3081.77
3084.52
3086.72
3088.17
3088.92
3089.15
3088.99
3088.58
3088.03
3087.4
3086.74
3086.07
3085.4
3084.21
3345.09
3127.73
3073.83
3054.19
3050.33
3052.16
3055.5
3058.72
3061.28
3063.11
3064.3
3064.99
3065.31
3065.38
3065.27
3065.05
3064.76
3064.4
3063.99
3063.13
3200.94
3069.52
3039.33
3029.27
3028.3
3030.47
3033.35
3036.01
3038.18
3039.83
3041.02
3041.86
3042.42
3042.78
3042.99
3043.09
3043.09
3043.01
3042.84
3042.35
3065.54
3022.13
3012.93
3010.31
3010.67
3012.05
3013.64
3015.15
3016.47
3017.61
3018.56
3019.35
3020.02
3020.57
3021.01
3021.36
3021.62
3021.79
3021.87
3021.77
)
;

boundaryField
{
    down
    {
        type            symmetry;
    }
    right
    {
        type            zeroGradient;
    }
    up
    {
        type            symmetry;
    }
    left
    {
        type            zeroGradient;
    }
    cylinder
    {
        type            symmetry;
    }
    defaultFaces
    {
        type            empty;
    }
}


// ************************************************************************* //
